1,1292,817.83,170.56,319.42,452.01,1,1,1,1
1,1293,1844.2,417.96,36.16,40.98,1,1,1,0
1,1294,1215.0,485.46,24.11,26.52,1,1,1,0
1,1295,1171.61,505.04,22.9,29.53,1,1,1,0
2,1292,821.72,171.21,318.97,451.36,1,1,1,1
2,1293,1841.86,418.22,36.66,41.51,1,1,1,0
2,1294,1214.22,485.46,24.1,26.52,1,1,1,0
2,1295,1170.89,505.04,23.3,30.05,1,1,1,0
3,1292,826.0,174.38,320.13,452.89,1,1,1,1
3,1293,1838.86,418.73,36.32,41.13,1,1,1,0
3,1294,1214.1,485.69,24.08,26.52,1,1,1,0
3,1295,1171.12,505.04,22.66,29.21,1,1,1,0
4,1292,832.24,176.28,321.59,454.76,1,1,1,1
4,1293,1835.92,419.35,36.6,41.46,1,1,1,0
4,1294,1214.76,486.0,24.08,26.52,1,1,1,0
4,1295,1171.2,505.04,22.46,28.93,1,1,1,0
5,1292,841.99,177.47,318.69,449.79,1,1,1,1
5,1293,1832.18,419.31,37.14,42.01,1,1,1,0
5,1294,1214.74,486.09,24.11,26.52,1,1,1,0
5,1295,1171.38,505.27,22.1,28.41,1,1,1,0
6,1292,848.47,178.76,317.8,447.52,1,1,1,1
6,1293,1828.31,418.85,37.6,42.62,1,1,1,0
6,1294,1214.5,486.76,23.71,26.09,1,1,1,0
6,1295,1171.45,505.56,21.96,28.25,1,1,1,0
7,1292,854.0,179.67,320.57,450.9,1,1,1,1
7,1293,1824.75,418.89,37.35,42.41,1,1,1,0
7,1294,1214.41,487.19,23.57,25.94,1,1,1,0
7,1295,1170.87,505.66,22.28,28.64,1,1,1,0
8,1292,861.03,183.04,320.05,449.85,1,1,1,1
8,1293,1820.81,418.28,37.86,43.15,1,1,1,0
8,1294,1214.21,487.13,23.87,26.31,1,1,1,0
8,1295,1170.95,506.31,21.84,27.96,1,1,1,0
9,1292,869.98,184.1,321.38,451.23,1,1,1,1
9,1293,1818.23,418.25,37.32,42.59,1,1,1,0
9,1294,1214.09,487.5,23.66,26.03,1,1,1,0
9,1295,1170.53,506.33,21.74,27.72,1,1,1,0
10,1292,879.28,182.9,323.16,452.45,1,1,1,1
10,1293,1815.56,418.04,37.56,42.78,1,1,1,0
10,1294,1214.04,487.63,23.61,25.93,1,1,1,0
10,1295,1170.36,506.54,21.76,27.64,1,1,1,0
11,1292,884.47,178.44,327.87,458.88,1,1,1,1
11,1293,1812.59,417.36,38.63,44.05,1,1,1,0
11,1294,1214.07,487.46,23.9,26.31,1,1,1,0
11,1295,1170.54,506.2,22.12,28.03,1,1,1,0
12,1292,890.5,175.64,328.92,460.36,1,1,1,1
12,1293,1810.0,417.91,39.0,44.52,1,1,1,0
12,1294,1213.88,487.19,24.03,26.44,1,1,1,0
12,1295,1170.64,506.07,22.18,28.18,1,1,1,0
13,1292,898.3,174.57,326.48,456.06,1,1,1,1
13,1293,1806.86,419.31,38.9,44.68,1,1,1,0
13,1294,1213.8,487.08,24.08,26.5,1,1,1,0
13,1295,1170.79,505.81,22.0,27.84,1,1,1,0
14,1292,903.01,170.64,330.24,459.92,1,1,1,1
14,1293,1804.31,419.45,38.62,44.34,1,1,1,0
14,1294,1213.78,487.24,24.1,26.52,1,1,1,0
14,1295,1172.16,506.72,20.12,25.3,1,1,1,0
15,1292,902.77,168.59,335.95,467.53,1,1,1,1
15,1293,1801.67,419.9,37.31,42.59,1,1,1,0
15,1294,1213.77,487.29,24.1,26.52,1,1,1,0
16,1292,902.87,167.15,338.83,470.66,1,1,1,1
16,1293,1799.56,421.08,36.08,41.11,1,1,1,0
16,1294,1213.36,487.51,23.74,26.13,1,1,1,0
17,1292,902.02,163.65,339.61,470.79,1,1,1,1
17,1293,1795.88,421.71,36.81,41.78,1,1,1,0
17,1294,1213.2,487.58,23.6,25.97,1,1,1,0
18,1292,897.92,161.46,345.01,478.03,1,1,1,1
18,1293,1793.13,422.13,36.85,41.63,1,1,1,0
18,1294,1213.15,487.61,23.54,25.92,1,1,1,0
19,1292,893.86,158.5,347.01,480.9,1,1,1,1
19,1293,1791.67,422.87,36.35,40.77,1,1,1,0
19,1294,1213.55,487.41,23.89,26.3,1,1,1,0
20,1292,890.22,154.65,349.62,483.89,1,1,1,1
20,1293,1789.57,423.14,36.31,40.45,1,1,1,0
20,1294,1213.7,487.14,24.03,26.44,1,1,1,0
21,1292,884.71,152.44,352.27,487.31,1,1,1,1
21,1293,1787.72,422.42,37.04,41.15,1,1,1,0
21,1294,1213.76,487.23,24.08,26.5,1,1,1,0
22,1292,879.31,150.58,354.94,490.8,1,1,1,1
22,1293,1784.84,421.74,37.08,41.01,1,1,1,0
22,1294,1214.01,487.26,24.04,26.52,1,1,1,0
23,1292,871.64,148.16,359.91,498.56,1,1,1,1
23,1293,1783.02,420.87,37.17,40.96,1,1,1,0
23,1294,1214.31,486.88,24.42,26.92,1,1,1,0
23,1295,1174.01,506.84,19.21,24.13,1,1,1,0
24,1292,864.24,145.23,364.36,505.86,1,1,1,1
24,1293,1780.37,419.15,38.14,41.75,1,1,1,0
24,1294,1214.79,487.13,24.2,26.68,1,1,1,0
24,1295,1171.98,506.2,21.71,27.48,1,1,1,0
25,1292,858.54,143.78,365.46,506.57,1,1,1,1
25,1293,1776.7,418.3,39.25,42.83,1,1,1,0
25,1294,1214.82,486.83,24.43,26.98,1,1,1,0
25,1295,1171.22,506.39,22.76,28.89,1,1,1,0
26,1292,848.52,139.64,369.66,511.93,1,1,1,1
26,1293,1774.2,418.19,38.9,42.46,1,1,1,0
26,1294,1215.03,486.71,24.91,27.49,1,1,1,0
26,1295,1170.81,506.66,23.4,29.83,1,1,1,0
27,1292,838.96,136.95,374.13,517.8,1,1,1,1
27,1293,1771.65,418.15,38.98,42.31,1,1,1,0
27,1294,1215.1,486.67,25.1,27.68,1,1,1,0
27,1295,1171.18,506.77,23.35,29.8,1,1,1,0
28,1292,828.19,132.75,379.91,525.53,1,1,1,1
28,1293,1768.77,418.55,38.27,41.45,1,1,1,0
28,1294,1215.34,486.85,25.12,27.75,1,1,1,0
28,1295,1171.35,506.82,23.3,29.77,1,1,1,0
29,1292,818.12,128.47,384.74,531.1,1,1,1,1
29,1293,1765.9,418.71,38.58,41.53,1,1,1,0
29,1294,1215.6,487.12,24.8,27.37,1,1,1,0
29,1295,1171.81,506.64,23.25,29.74,1,1,1,0
30,1292,801.85,118.07,393.46,543.12,1,1,1,1
30,1293,1763.41,418.77,38.52,41.16,1,1,1,0
30,1294,1216.33,487.02,24.99,27.63,1,1,1,0
30,1295,1172.4,506.57,23.21,29.72,1,1,1,0
31,1292,790.29,111.63,399.08,550.51,1,1,1,1
31,1293,1759.95,419.0,38.96,41.42,1,1,1,0
31,1294,1216.61,486.79,25.04,27.72,1,1,1,0
31,1295,1173.15,506.74,22.92,29.3,1,1,1,0
32,1292,777.55,102.41,406.31,560.04,1,1,1,1
32,1293,1756.94,419.29,39.55,41.92,1,1,1,0
32,1294,1217.32,487.1,24.61,27.35,1,1,1,0
32,1295,1173.89,506.61,22.69,29.13,1,1,1,0
33,1292,764.84,95.76,414.84,571.45,1,1,1,1
33,1293,1753.65,420.19,39.52,41.71,1,1,1,0
33,1294,1218.18,487.21,24.46,27.21,1,1,1,0
33,1295,1174.58,506.17,22.55,29.06,1,1,1,0
34,1292,754.17,87.58,424.54,584.54,1,1,1,1
34,1293,1750.07,421.13,39.59,41.63,1,1,1,0
34,1294,1218.34,486.66,24.69,27.56,1,1,1,0
34,1295,1175.39,506.0,22.19,28.63,1,1,1,0
35,1292,745.53,77.36,433.76,597.37,1,1,1,1
35,1293,1745.8,421.48,40.9,42.79,1,1,1,0
35,1294,1218.8,486.45,24.37,27.29,1,1,1,0
35,1295,1176.1,505.94,22.03,28.46,1,1,1,0
36,1292,737.96,69.67,440.69,606.78,1,1,1,1
36,1293,1742.18,421.61,40.86,42.44,1,1,1,0
36,1294,1219.39,485.97,24.57,27.58,1,1,1,0
36,1295,1177.1,505.92,22.07,28.39,1,1,1,0
36,1296,1831.64,470.51,17.41,15.55,1,1,1,0
37,1292,731.06,66.49,446.98,616.02,1,1,1,1
37,1293,1738.25,421.85,41.41,43.09,1,1,1,0
37,1294,1220.72,486.39,24.01,26.9,1,1,1,0
37,1295,1177.76,505.91,22.29,28.76,1,1,1,0
37,1296,1831.77,470.42,17.5,15.64,1,1,1,0
38,1292,725.65,62.72,453.68,625.96,1,1,1,1
38,1293,1734.52,421.73,41.58,43.34,1,1,1,0
38,1294,1222.0,486.56,23.82,26.63,1,1,1,0
38,1295,1178.54,506.11,22.06,28.5,1,1,1,0
38,1296,1832.76,470.39,17.51,15.67,1,1,1,0
39,1292,720.93,59.69,459.54,635.19,1,1,1,1
39,1293,1731.02,421.49,41.27,43.03,1,1,1,0
39,1294,1222.45,486.62,23.77,26.54,1,1,1,0
39,1295,1179.36,506.19,21.7,28.0,1,1,1,0
39,1296,1833.98,470.16,17.5,15.68,1,1,1,0
40,1292,718.45,58.11,460.3,636.72,1,1,1,1
40,1293,1727.27,420.99,41.48,43.3,1,1,1,0
40,1294,1223.23,486.24,24.08,26.9,1,1,1,0
40,1295,1179.91,506.02,21.83,28.21,1,1,1,0
40,1296,1834.37,470.08,17.47,15.68,1,1,1,0
41,1292,716.71,58.68,457.76,633.26,1,1,1,1
41,1293,1724.09,420.8,40.54,42.21,1,1,1,0
41,1294,1224.31,486.1,24.19,27.04,1,1,1,0
41,1295,1180.9,505.96,21.87,28.29,1,1,1,0
41,1296,1835.33,469.85,17.44,15.68,1,1,1,0
42,1292,716.6,56.51,453.63,626.71,1,1,1,1
42,1293,1721.4,420.12,40.24,41.79,1,1,1,0
42,1294,1224.54,485.66,24.52,27.49,1,1,1,0
42,1295,1181.13,505.94,22.14,28.72,1,1,1,0
42,1296,1836.49,469.77,17.41,15.68,1,1,1,0
43,1292,713.42,56.05,457.08,631.29,1,1,1,1
43,1293,1717.93,419.87,40.51,42.03,1,1,1,0
43,1294,1225.04,485.29,24.98,28.06,1,1,1,0
43,1295,1182.01,505.93,22.21,28.88,1,1,1,0
43,1296,1837.5,469.33,17.79,16.09,1,1,1,0
44,1292,708.52,56.79,462.85,640.36,1,1,1,1
44,1293,1714.67,419.58,39.97,41.33,1,1,1,0
44,1294,1225.6,485.35,24.76,27.88,1,1,1,0
44,1295,1182.74,505.53,22.2,28.94,1,1,1,0
44,1296,1838.68,468.98,17.87,16.24,1,1,1,0
45,1292,704.91,53.05,468.0,648.55,1,1,1,1
45,1293,1711.94,419.67,39.84,41.07,1,1,1,0
45,1294,1226.6,485.19,24.64,27.8,1,1,1,0
45,1295,1183.66,505.38,21.65,28.16,1,1,1,0
45,1296,1839.72,468.65,18.25,16.69,1,1,1,0
46,1292,702.54,54.89,469.05,650.71,1,1,1,1
46,1293,1708.15,419.71,40.76,41.77,1,1,1,0
46,1294,1227.92,485.32,24.27,27.37,1,1,1,0
46,1295,1184.78,505.13,21.45,27.86,1,1,1,0
46,1296,1840.31,468.53,17.93,16.46,1,1,1,0
47,1292,700.69,54.33,468.42,650.33,1,1,1,1
47,1293,1705.47,419.53,40.67,41.64,1,1,1,0
47,1294,1228.24,484.98,24.43,27.61,1,1,1,0
47,1295,1185.69,505.04,21.14,27.35,1,1,1,0
47,1296,1841.32,468.1,17.76,16.37,1,1,1,0
48,1292,696.71,53.23,472.58,657.29,1,1,1,1
48,1293,1702.54,419.26,41.55,42.39,1,1,1,0
48,1294,1229.14,484.46,24.47,27.7,1,1,1,0
48,1295,1186.39,505.01,21.06,27.16,1,1,1,0
48,1296,1842.48,467.74,17.65,16.33,1,1,1,0
49,1292,690.21,52.11,480.39,670.81,1,1,1,1
49,1293,1700.36,419.95,41.07,41.88,1,1,1,0
49,1294,1230.27,484.47,24.46,27.73,1,1,1,0
49,1295,1187.54,504.8,20.81,26.7,1,1,1,0
49,1296,1843.52,467.42,17.95,16.71,1,1,1,0
50,1292,686.32,49.99,484.02,678.74,1,1,1,1
50,1293,1697.45,420.62,42.13,42.88,1,1,1,0
50,1294,1230.68,484.28,24.44,27.74,1,1,1,0
50,1295,1188.31,504.53,20.77,26.53,1,1,1,0
50,1296,1844.1,467.31,17.62,16.45,1,1,1,0
51,1292,685.28,49.25,483.93,680.79,1,1,1,1
51,1293,1694.68,421.07,42.9,43.64,1,1,1,0
51,1294,1231.76,484.41,24.11,27.34,1,1,1,0
51,1295,1189.22,504.23,21.09,26.87,1,1,1,0
51,1296,1845.09,466.87,17.46,16.35,1,1,1,0
52,1292,685.14,49.06,482.8,681.34,1,1,1,1
52,1293,1692.43,420.84,42.64,43.54,1,1,1,0
52,1294,1232.93,484.06,24.0,27.19,1,1,1,0
52,1295,1189.78,504.12,21.5,27.4,1,1,1,0
52,1296,1846.24,466.52,17.37,16.31,1,1,1,0
53,1292,685.17,49.45,480.82,680.15,1,1,1,1
53,1293,1691.1,420.36,42.12,43.1,1,1,1,0
53,1294,1234.14,483.94,23.96,27.14,1,1,1,0
53,1295,1190.04,504.09,22.3,28.4,1,1,1,0
53,1296,1847.45,466.2,17.32,16.3,1,1,1,0
54,1292,683.21,43.33,485.76,688.61,1,1,1,1
54,1293,1690.39,419.17,40.97,42.12,1,1,1,0
54,1294,1234.03,483.3,24.62,27.91,1,1,1,0
54,1295,1190.76,503.68,22.88,29.17,1,1,1,0
54,1296,1848.86,466.09,16.9,15.89,1,1,1,0
55,1292,683.2,45.81,484.73,688.9,1,1,1,1
55,1293,1687.94,418.12,40.33,41.35,1,1,1,0
55,1294,1235.14,483.07,24.5,27.81,1,1,1,0
55,1295,1191.68,503.53,22.56,28.68,1,1,1,0
55,1296,1850.08,465.66,16.91,16.14,1,1,1,0
56,1292,683.63,48.22,482.84,687.83,1,1,1,1
56,1293,1683.73,417.34,42.05,43.08,1,1,1,0
56,1294,1236.49,482.98,24.13,27.37,1,1,1,0
56,1295,1192.83,503.28,22.35,28.48,1,1,1,0
56,1296,1851.37,465.11,16.77,16.23,1,1,1,0
57,1292,684.04,52.37,479.39,684.08,1,1,1,1
57,1293,1680.65,416.86,42.71,43.71,1,1,1,0
57,1294,1237.76,482.76,24.0,27.2,1,1,1,0
57,1295,1194.19,503.2,21.97,28.0,1,1,1,0
57,1296,1852.39,464.71,17.16,16.66,1,1,1,0
58,1292,682.16,53.2,479.1,684.89,1,1,1,1
58,1293,1677.36,416.29,42.66,43.56,1,1,1,0
58,1294,1238.2,482.49,23.96,27.14,1,1,1,0
58,1295,1194.93,502.97,22.09,28.22,1,1,1,0
58,1296,1852.76,464.57,17.28,16.82,1,1,1,0
59,1292,680.97,56.31,476.08,681.52,1,1,1,1
59,1293,1674.15,415.69,43.57,44.28,1,1,1,0
59,1294,1238.97,482.39,24.26,27.52,1,1,1,0
59,1295,1195.54,502.89,22.22,28.3,1,1,1,0
59,1296,1853.95,464.53,16.72,16.49,1,1,1,0
60,1292,678.61,56.31,475.71,682.12,1,1,1,1
60,1293,1670.78,415.67,43.69,44.16,1,1,1,0
60,1294,1240.04,482.16,24.35,27.66,1,1,1,0
60,1295,1196.11,502.67,22.31,28.33,1,1,1,0
60,1296,1855.1,464.53,16.62,16.35,1,1,1,0
61,1292,677.03,57.51,473.92,680.28,1,1,1,1
61,1293,1668.4,415.67,42.95,43.31,1,1,1,0
61,1294,1241.37,482.08,24.07,27.31,1,1,1,0
61,1295,1197.08,502.59,22.37,28.34,1,1,1,0
61,1296,1856.4,464.54,16.38,16.3,1,1,1,0
62,1292,676.0,61.15,471.85,677.92,1,1,1,1
62,1293,1664.75,415.29,43.62,43.78,1,1,1,0
62,1294,1241.83,481.86,23.97,27.18,1,1,1,0
62,1295,1197.8,502.37,22.42,28.34,1,1,1,0
62,1296,1857.7,464.55,16.18,16.28,1,1,1,0
63,1292,673.39,58.73,472.47,679.56,1,1,1,1
63,1293,1662.0,415.36,43.65,43.56,1,1,1,0
63,1294,1242.61,481.19,24.25,27.53,1,1,1,0
63,1295,1198.56,502.09,22.2,27.94,1,1,1,0
63,1296,1858.2,464.56,16.01,16.28,1,1,1,0
64,1292,671.94,55.02,472.98,680.93,1,1,1,1
64,1293,1658.74,415.59,43.55,43.47,1,1,1,0
64,1294,1243.68,480.94,24.34,27.66,1,1,1,0
64,1295,1199.19,501.99,22.16,27.79,1,1,1,0
64,1296,1859.19,464.37,15.86,16.27,1,1,1,0
65,1292,670.5,42.08,479.88,692.14,1,1,1,1
65,1293,1654.88,415.69,44.19,44.23,1,1,1,0
65,1294,1244.85,480.86,24.35,27.71,1,1,1,0
65,1295,1199.9,501.96,22.74,28.53,1,1,1,0
65,1296,1861.16,463.91,15.73,16.27,1,1,1,0
66,1292,671.31,37.43,484.65,700.07,1,1,1,1
66,1293,1652.15,416.72,44.02,44.12,1,1,1,0
66,1294,1245.27,480.83,24.34,27.73,1,1,1,0
66,1295,1200.94,501.96,22.95,28.81,1,1,1,0
66,1296,1862.42,463.54,16.17,16.67,1,1,1,0
67,1292,675.24,36.11,488.8,705.78,1,1,1,1
67,1293,1647.78,417.72,44.5,44.47,1,1,1,0
67,1294,1246.35,481.23,24.03,27.34,1,1,1,0
67,1295,1201.7,501.96,23.02,28.92,1,1,1,0
67,1296,1863.12,463.81,15.8,16.43,1,1,1,0
68,1292,685.47,61.37,482.48,692.43,1,1,1,1
68,1293,1644.91,418.49,44.17,44.2,1,1,1,0
68,1294,1246.56,480.99,24.22,27.59,1,1,1,0
68,1295,1202.89,501.97,22.76,28.56,1,1,1,0
68,1296,1864.01,463.92,15.93,16.73,1,1,1,0
69,1292,695.55,78.34,482.95,688.76,1,1,1,1
69,1293,1640.77,419.58,44.01,44.09,1,1,1,0
69,1294,1247.56,480.9,23.99,27.28,1,1,1,0
69,1295,1203.84,502.17,22.41,28.02,1,1,1,0
69,1296,1865.3,464.16,15.56,16.44,1,1,1,0
70,1292,709.27,90.62,487.88,690.93,1,1,1,1
70,1293,1636.62,420.38,43.0,43.25,1,1,1,0
70,1294,1248.7,481.08,23.91,27.17,1,1,1,0
70,1295,1204.4,502.05,22.59,28.21,1,1,1,0
70,1296,1866.58,464.06,15.36,16.33,1,1,1,0
71,1292,719.82,101.29,491.54,692.7,1,1,1,1
71,1293,1632.19,419.88,43.79,44.14,1,1,1,0
71,1294,1249.74,480.75,24.2,27.53,1,1,1,0
71,1295,1206.24,501.61,21.74,27.09,1,1,1,0
71,1296,1867.04,464.03,15.24,16.29,1,1,1,0
72,1292,733.95,107.57,492.65,690.55,1,1,1,1
72,1293,1627.62,418.89,43.81,44.46,1,1,1,0
72,1294,1249.99,480.63,24.52,27.66,1,1,1,0
72,1296,1867.83,463.62,15.48,16.68,1,1,1,0
73,1292,749.53,108.57,493.0,688.1,1,1,1,1
73,1293,1624.73,418.3,43.21,43.79,1,1,1,0
73,1294,1250.65,480.59,25.05,28.11,1,1,1,0
73,1296,1869.08,463.67,15.18,16.42,1,1,1,0
74,1292,770.68,117.94,480.1,666.41,1,1,1,1
74,1293,1621.37,417.68,43.0,43.53,1,1,1,0
74,1294,1251.73,480.97,25.09,28.28,1,1,1,0
74,1296,1871.13,463.49,15.04,16.32,1,1,1,0
75,1292,792.0,123.3,473.79,653.73,1,1,1,1
75,1293,1618.46,416.85,43.3,43.83,1,1,1,0
75,1296,1871.72,463.03,15.27,16.69,1,1,1,0
76,1292,811.27,128.52,467.84,641.27,1,1,1,1
76,1293,1615.11,417.13,43.4,43.95,1,1,1,0
76,1296,1872.72,462.67,15.3,16.82,1,1,1,0
77,1292,826.91,131.66,465.28,633.77,1,1,1,1
77,1293,1612.38,416.65,43.44,43.99,1,1,1,0
77,1296,1873.09,462.53,15.26,16.87,1,1,1,0
78,1292,838.91,134.65,464.47,629.55,1,1,1,1
78,1293,1608.3,417.07,43.45,44.0,1,1,1,0
78,1296,1874.16,462.89,14.89,16.49,1,1,1,0
79,1292,854.36,144.44,455.46,612.87,1,1,1,1
79,1293,1605.58,417.43,42.88,43.61,1,1,1,0
79,1296,1875.33,463.03,14.74,16.35,1,1,1,0
80,1292,867.93,148.59,449.32,600.46,1,1,1,1
80,1293,1603.31,417.77,42.24,43.06,1,1,1,0
80,1296,1875.89,462.89,14.36,15.89,1,1,1,0
81,1292,880.11,152.95,441.58,586.21,1,1,1,1
81,1293,1598.85,418.7,43.07,43.66,1,1,1,0
81,1296,1876.86,462.84,14.24,15.72,1,1,1,0
82,1292,888.63,153.93,434.64,574.36,1,1,1,1
82,1293,1595.41,419.04,43.96,44.67,1,1,1,0
82,1296,1877.82,462.62,14.52,16.06,1,1,1,0
83,1292,896.02,153.07,428.4,565.66,1,1,1,1
83,1293,1593.12,420.16,43.34,44.27,1,1,1,0
83,1296,1878.95,462.54,14.61,16.19,1,1,1,0
84,1292,896.61,145.66,424.31,559.97,1,1,1,1
84,1293,1589.1,420.58,43.32,44.51,1,1,1,0
84,1296,1879.2,462.12,14.95,16.64,1,1,1,0
85,1292,896.85,141.6,415.59,547.26,1,1,1,1
85,1293,1586.51,421.13,42.51,43.8,1,1,1,0
85,1296,1880.07,461.77,15.03,16.81,1,1,1,0
86,1292,892.93,137.24,411.57,541.61,1,1,1,1
86,1293,1583.94,421.12,42.47,43.93,1,1,1,0
86,1296,1880.38,461.44,15.03,16.87,1,1,1,0
87,1292,889.8,137.32,406.57,534.9,1,1,1,1
87,1293,1580.63,421.11,42.6,43.97,1,1,1,0
87,1296,1881.43,461.32,14.69,16.5,1,1,1,0
87,1294,1259.05,480.34,25.37,28.92,1,1,1,0
88,1292,886.15,134.38,405.73,534.09,1,1,1,1
88,1293,1575.97,420.5,43.35,44.79,1,1,1,0
88,1296,1881.79,461.28,14.56,16.35,1,1,1,0
88,1294,1259.28,479.08,25.18,28.94,1,1,1,0
89,1292,883.6,132.36,404.77,533.37,1,1,1,1
89,1293,1571.19,420.26,45.15,46.67,1,1,1,0
89,1296,1882.7,461.08,14.51,16.3,1,1,1,0
89,1294,1259.54,479.06,24.76,28.54,1,1,1,0
90,1292,883.11,132.72,398.9,525.02,1,1,1,1
90,1293,1568.06,419.58,43.97,45.43,1,1,1,0
90,1296,1883.01,461.2,14.49,16.28,1,1,1,0
90,1294,1260.57,479.46,24.29,27.99,1,1,1,0
91,1292,885.83,136.59,394.01,518.04,1,1,1,1
91,1293,1563.84,418.91,45.06,46.52,1,1,1,0
91,1296,1883.1,461.06,14.48,16.27,1,1,1,0
91,1294,1261.08,479.82,23.84,27.39,1,1,1,0
92,1292,884.28,137.51,393.58,517.45,1,1,1,1
92,1293,1559.7,418.47,44.49,45.74,1,1,1,0
92,1296,1883.9,461.01,14.48,16.27,1,1,1,0
92,1294,1262.03,479.75,23.7,27.16,1,1,1,0
93,1292,879.91,136.62,393.28,517.06,1,1,1,1
93,1293,1555.82,418.5,44.37,45.43,1,1,1,0
93,1296,1884.02,460.79,14.78,16.67,1,1,1,0
93,1294,1262.35,479.93,23.69,27.09,1,1,1,0
94,1292,877.05,137.38,394.4,518.85,1,1,1,1
94,1293,1552.07,417.71,44.4,45.31,1,1,1,0
94,1296,1884.06,460.92,14.86,16.81,1,1,1,0
94,1294,1262.43,480.0,23.71,27.06,1,1,1,0
95,1292,874.3,137.74,396.2,522.41,1,1,1,1
95,1293,1548.36,417.62,44.5,45.26,1,1,1,0
95,1296,1885.01,460.97,14.57,16.47,1,1,1,0
95,1294,1262.57,480.22,23.45,26.66,1,1,1,0
95,1295,1220.47,501.41,19.29,23.52,1,1,1,0
96,1292,871.08,138.66,398.06,526.29,1,1,1,1
96,1293,1544.22,417.79,45.51,46.03,1,1,1,0
96,1296,1885.34,460.79,14.46,16.34,1,1,1,0
96,1294,1262.43,480.11,23.7,26.92,1,1,1,0
96,1295,1220.22,501.42,20.01,24.35,1,1,1,0
97,1292,865.93,139.09,404.28,536.94,1,1,1,1
97,1293,1540.29,417.66,46.12,46.72,1,1,1,0
97,1296,1886.24,460.93,14.42,16.29,1,1,1,0
97,1294,1262.5,480.26,23.52,26.62,1,1,1,0
97,1295,1219.66,501.22,20.83,25.38,1,1,1,0
98,1292,863.27,138.74,406.53,542.7,1,1,1,1
98,1293,1537.86,418.01,45.32,45.79,1,1,1,0
98,1296,1886.71,461.38,14.11,15.88,1,1,1,0
98,1294,1263.15,480.12,23.79,26.91,1,1,1,0
98,1295,1218.95,500.95,21.71,26.57,1,1,1,0
99,1292,862.71,141.27,405.76,544.24,1,1,1,1
99,1293,1533.66,418.15,47.09,47.82,1,1,1,0
99,1296,1887.49,461.36,14.33,16.12,1,1,1,0
99,1294,1263.37,480.07,23.9,27.02,1,1,1,0
99,1295,1219.11,500.85,21.93,26.62,1,1,1,0
100,1292,861.89,143.0,406.74,548.42,1,1,1,1
100,1293,1530.72,418.21,45.97,46.61,1,1,1,0
100,1296,1887.77,461.55,14.41,16.21,1,1,1,0
100,1294,1263.43,479.85,23.96,27.07,1,1,1,0
100,1295,1219.61,501.01,21.92,26.63,1,1,1,0
101,1292,863.1,149.18,405.31,549.21,1,1,1,1
101,1293,1527.01,418.83,46.22,46.92,1,1,1,0
101,1296,1888.64,461.82,14.44,16.25,1,1,1,0
101,1294,1263.44,479.96,23.98,27.09,1,1,1,0
101,1295,1219.93,501.27,21.63,26.23,1,1,1,0
102,1292,865.3,152.49,401.76,546.52,1,1,1,1
102,1293,1523.88,419.66,45.28,45.84,1,1,1,0
102,1296,1888.95,462.12,14.45,16.26,1,1,1,0
102,1294,1264.22,480.21,24.0,27.1,1,1,1,0
102,1295,1220.96,501.58,21.27,25.66,1,1,1,0
103,1292,867.6,154.49,399.52,545.49,1,1,1,1
103,1293,1520.75,420.77,44.3,44.62,1,1,1,0
103,1296,1889.04,462.23,14.46,16.27,1,1,1,0
103,1294,1264.35,479.9,24.31,27.5,1,1,1,0
103,1295,1222.07,501.89,20.48,24.64,1,1,1,0
104,1292,866.54,155.78,400.17,548.89,1,1,1,1
104,1293,1518.06,421.59,44.05,44.16,1,1,1,0
104,1296,1888.91,462.27,14.76,16.67,1,1,1,0
104,1294,1264.55,480.18,24.11,27.25,1,1,1,0
104,1295,1222.45,502.21,20.21,24.26,1,1,1,0
105,1292,869.03,157.9,397.44,546.89,1,1,1,1
105,1293,1514.9,422.08,43.73,43.59,1,1,1,0
105,1296,1889.79,462.28,14.55,16.42,1,1,1,0
105,1294,1264.46,479.89,24.34,27.56,1,1,1,0
105,1295,1222.94,502.53,19.79,23.71,1,1,1,0
106,1292,874.74,160.14,387.32,532.69,1,1,1,1
106,1293,1512.65,422.45,42.82,42.59,1,1,1,0
106,1296,1890.11,462.29,14.47,16.33,1,1,1,0
106,1294,1265.36,479.98,24.11,27.28,1,1,1,0
106,1295,1222.95,502.23,19.94,23.92,1,1,1,0
107,1292,874.85,164.73,383.17,527.1,1,1,1,1
107,1293,1509.32,422.58,42.89,42.62,1,1,1,0
107,1296,1890.21,462.28,14.44,16.29,1,1,1,0
107,1294,1265.69,480.01,24.02,27.17,1,1,1,0
107,1295,1223.37,502.12,20.34,24.41,1,1,1,0
108,1292,875.12,166.17,380.39,523.29,1,1,1,1
108,1293,1503.73,422.01,43.87,43.45,1,1,1,0
108,1296,1891.03,462.28,14.43,16.28,1,1,1,0
108,1294,1265.65,479.83,24.3,27.53,1,1,1,0
108,1295,1223.15,501.88,20.82,24.99,1,1,1,0
109,1292,874.65,168.33,379.74,522.65,1,1,1,1
109,1293,1499.77,421.19,45.01,44.56,1,1,1,0
109,1296,1891.32,462.28,14.43,16.27,1,1,1,0
109,1294,1265.63,479.96,24.39,27.66,1,1,1,0
109,1295,1223.48,501.59,21.35,25.61,1,1,1,0
110,1292,875.81,169.77,377.65,519.78,1,1,1,1
110,1293,1496.64,420.88,45.79,45.38,1,1,1,0
110,1296,1891.25,462.08,14.74,16.67,1,1,1,0
110,1294,1265.77,480.2,24.1,27.32,1,1,1,0
110,1295,1223.45,501.48,21.83,26.23,1,1,1,0
111,1292,874.82,169.63,379.35,522.6,1,1,1,1
111,1293,1493.51,420.16,45.49,45.3,1,1,1,0
111,1296,1892.17,462.0,14.53,16.42,1,1,1,0
111,1294,1266.61,480.3,24.0,27.18,1,1,1,0
111,1295,1223.44,501.44,21.99,26.47,1,1,1,0
112,1292,874.23,169.21,385.24,532.0,1,1,1,1
112,1293,1490.01,420.09,45.5,45.26,1,1,1,0
112,1296,1892.35,461.77,14.75,16.73,1,1,1,0
112,1294,1267.06,480.33,23.67,26.73,1,1,1,0
112,1295,1223.57,501.42,21.75,26.16,1,1,1,0
113,1292,874.15,168.6,386.8,535.57,1,1,1,1
113,1293,1486.88,420.06,44.6,44.45,1,1,1,0
113,1296,1892.42,461.68,14.81,16.84,1,1,1,0
113,1294,1267.2,480.34,23.58,26.57,1,1,1,0
113,1295,1224.4,501.42,21.66,26.04,1,1,1,0
114,1292,875.18,170.6,382.88,530.69,1,1,1,1
114,1293,1483.58,419.85,43.99,44.14,1,1,1,0
114,1296,1893.23,461.45,14.81,16.88,1,1,1,0
114,1294,1267.22,480.15,23.58,26.51,1,1,1,0
114,1295,1224.42,500.82,22.2,26.78,1,1,1,0
115,1292,876.74,169.51,381.86,529.83,1,1,1,1
115,1293,1480.84,419.97,43.83,44.02,1,1,1,0
115,1296,1893.53,461.37,14.79,16.89,1,1,1,0
115,1294,1267.36,480.47,23.31,26.09,1,1,1,0
115,1295,1224.44,500.79,22.35,27.06,1,1,1,0
116,1292,877.73,170.35,379.86,527.43,1,1,1,1
116,1293,1478.64,420.22,43.18,43.58,1,1,1,0
116,1296,1893.79,461.34,14.47,16.5,1,1,1,0
116,1294,1268.17,480.59,23.26,25.93,1,1,1,0
116,1295,1224.6,500.98,22.09,26.76,1,1,1,0
117,1292,877.87,174.22,377.59,524.55,1,1,1,1
117,1293,1474.97,420.12,44.08,44.62,1,1,1,0
117,1296,1893.86,461.33,14.35,16.35,1,1,1,0
117,1294,1268.44,480.64,23.3,25.88,1,1,1,0
117,1295,1224.28,500.66,22.31,27.04,1,1,1,0
118,1292,876.7,177.93,375.98,522.79,1,1,1,1
118,1293,1471.53,420.87,44.01,44.62,1,1,1,0
118,1296,1894.67,461.33,14.32,16.29,1,1,1,0
118,1294,1268.35,480.45,23.67,26.27,1,1,1,0
118,1295,1224.16,500.35,22.38,27.14,1,1,1,0
119,1292,876.62,182.77,373.08,518.67,1,1,1,1
119,1293,1470.08,421.36,42.94,43.42,1,1,1,0
119,1296,1894.8,460.93,14.62,16.67,1,1,1,0
119,1294,1269.1,480.38,23.82,26.41,1,1,1,0
119,1295,1224.08,500.03,22.86,27.57,1,1,1,0
120,1292,873.84,185.02,372.3,517.87,1,1,1,1
120,1293,1466.62,421.54,43.84,44.17,1,1,1,0
120,1296,1895.53,460.78,14.94,16.81,1,1,1,0
120,1294,1269.36,480.75,23.89,26.47,1,1,1,0
120,1295,1225.17,500.11,22.76,27.33,1,1,1,0
121,1292,872.5,186.79,370.65,515.42,1,1,1,1
121,1293,1463.91,421.8,44.04,44.45,1,1,1,0
121,1296,1896.53,460.73,15.17,16.87,1,1,1,0
121,1294,1269.6,481.09,23.62,26.1,1,1,1,0
121,1295,1225.22,500.15,22.65,27.23,1,1,1,0
122,1292,871.49,186.28,368.29,512.05,1,1,1,1
122,1293,1461.15,421.7,44.63,44.95,1,1,1,0
122,1296,1896.85,460.71,15.34,16.88,1,1,1,0
122,1294,1270.15,480.62,24.18,26.76,1,1,1,0
122,1295,1225.57,500.17,22.71,27.19,1,1,1,0
123,1292,871.8,183.91,366.51,509.34,1,1,1,1
123,1293,1460.07,421.85,43.57,43.55,1,1,1,0
123,1296,1896.91,460.71,15.5,16.89,1,1,1,0
123,1294,1270.5,480.64,24.06,26.61,1,1,1,0
123,1295,1225.54,499.78,23.06,27.57,1,1,1,0
124,1292,871.48,181.05,365.6,507.9,1,1,1,1
124,1293,1457.78,421.7,44.0,43.82,1,1,1,0
124,1296,1897.78,460.91,15.4,16.89,1,1,1,0
124,1294,1270.47,480.24,24.32,26.95,1,1,1,0
124,1295,1225.31,499.83,22.81,27.32,1,1,1,0
125,1292,871.95,178.74,364.15,505.42,1,1,1,1
125,1293,1455.38,421.25,44.26,43.92,1,1,1,0
125,1296,1898.01,460.99,15.54,16.89,1,1,1,0
125,1294,1271.25,480.3,24.4,27.07,1,1,1,0
125,1295,1226.02,499.66,22.69,27.21,1,1,1,0
126,1292,870.47,178.45,365.0,506.36,1,1,1,1
126,1293,1452.95,421.27,44.44,43.96,1,1,1,0
126,1296,1898.19,461.22,15.36,16.49,1,1,1,0
126,1294,1271.54,480.12,24.41,27.12,1,1,1,0
126,1295,1226.43,499.8,22.34,26.77,1,1,1,0
127,1292,867.36,181.22,366.49,508.28,1,1,1,1
127,1293,1451.76,421.48,43.66,43.18,1,1,1,0
127,1296,1899.0,461.11,15.38,16.34,1,1,1,0
127,1294,1271.65,479.85,24.4,27.14,1,1,1,0
127,1295,1226.77,499.65,22.62,27.0,1,1,1,0
128,1292,860.93,183.84,370.47,514.23,1,1,1,1
128,1293,1449.7,420.96,43.61,42.88,1,1,1,0
128,1296,1899.23,461.06,15.48,16.28,1,1,1,0
128,1294,1271.68,479.55,24.38,27.14,1,1,1,0
128,1295,1226.87,499.6,22.76,27.09,1,1,1,0
129,1292,857.52,189.87,370.05,513.83,1,1,1,1
129,1293,1447.99,420.76,44.07,43.18,1,1,1,0
129,1296,1899.27,461.05,15.59,16.26,1,1,1,0
129,1294,1271.69,479.44,24.35,27.14,1,1,1,0
129,1295,1227.67,499.59,22.86,27.12,1,1,1,0
130,1292,851.47,192.52,369.97,514.08,1,1,1,1
130,1293,1445.62,420.89,44.67,43.69,1,1,1,0
130,1296,1899.22,460.84,15.71,16.26,1,1,1,0
130,1294,1272.48,479.41,24.33,27.14,1,1,1,0
130,1295,1227.61,499.39,22.81,27.13,1,1,1,0
131,1292,847.71,196.15,368.26,511.5,1,1,1,1
131,1293,1444.0,421.53,44.95,43.89,1,1,1,0
131,1296,1900.07,460.77,15.59,16.26,1,1,1,0
131,1294,1272.78,479.39,24.31,27.14,1,1,1,0
131,1295,1228.24,499.31,23.06,27.53,1,1,1,0
132,1292,843.78,194.57,368.02,511.04,1,1,1,1
132,1293,1442.94,421.97,44.52,43.56,1,1,1,0
132,1296,1900.41,460.74,15.48,16.26,1,1,1,0
132,1294,1272.88,479.59,24.29,27.14,1,1,1,0
132,1295,1228.49,499.48,23.09,27.68,1,1,1,0
133,1292,840.81,192.42,367.9,510.39,1,1,1,1
133,1293,1441.13,422.54,44.19,43.04,1,1,1,0
133,1296,1901.07,460.53,15.94,16.66,1,1,1,0
133,1294,1272.92,479.67,24.27,27.13,1,1,1,0
133,1295,1228.6,499.55,23.06,27.74,1,1,1,0
134,1292,837.72,192.45,368.02,510.46,1,1,1,1
134,1293,1439.5,422.15,44.52,43.25,1,1,1,0
134,1296,1901.28,460.46,16.15,16.81,1,1,1,0
134,1294,1273.72,479.5,24.26,27.13,1,1,1,0
134,1295,1229.59,499.58,22.72,27.36,1,1,1,0
135,1292,833.14,196.91,371.11,515.19,1,1,1,1
135,1293,1437.28,422.0,44.83,43.73,1,1,1,0
135,1296,1902.12,460.63,16.27,16.86,1,1,1,0
135,1294,1274.01,479.64,24.24,27.13,1,1,1,0
135,1295,1229.81,499.6,22.86,27.61,1,1,1,0
136,1292,832.78,207.09,367.35,509.24,1,1,1,1
136,1293,1435.77,422.33,44.85,43.91,1,1,1,0
136,1296,1902.41,460.69,16.34,16.88,1,1,1,0
136,1294,1274.12,479.89,24.23,27.13,1,1,1,0
136,1295,1229.96,499.8,23.55,28.5,1,1,1,0
137,1292,831.68,214.7,367.3,508.77,1,1,1,1
137,1293,1434.41,423.06,45.0,43.97,1,1,1,0
137,1296,1902.65,460.92,16.07,16.49,1,1,1,0
137,1294,1274.94,480.19,24.22,27.13,1,1,1,0
137,1295,1230.02,499.88,23.79,28.83,1,1,1,0
138,1292,827.8,216.87,370.41,513.6,1,1,1,1
138,1293,1433.5,423.52,44.41,43.2,1,1,1,0
138,1296,1903.32,460.81,16.36,16.74,1,1,1,0
138,1294,1275.25,480.1,24.21,27.13,1,1,1,0
138,1295,1230.5,499.91,23.74,28.95,1,1,1,0
139,1292,827.68,219.96,367.49,509.47,1,1,1,1
139,1293,1431.53,424.1,44.41,43.31,1,1,1,0
139,1296,1903.83,460.96,15.92,16.44,1,1,1,0
139,1294,1276.42,480.06,23.66,26.73,1,1,1,0
139,1295,1230.98,499.92,23.08,28.2,1,1,1,0
140,1292,825.48,221.62,368.52,511.69,1,1,1,1
140,1293,1430.44,424.7,43.64,42.56,1,1,1,0
140,1296,1904.84,461.22,15.69,16.32,1,1,1,0
140,1294,1277.04,480.05,23.05,26.18,1,1,1,0
140,1295,1232.11,500.12,22.52,27.51,1,1,1,0
141,1292,824.12,224.24,365.36,507.26,1,1,1,1
141,1293,1428.77,424.72,44.43,43.48,1,1,1,0
141,1296,1905.23,461.32,15.53,16.28,1,1,1,0
141,1294,1278.1,480.04,22.76,25.97,1,1,1,0
141,1295,1233.17,500.0,22.6,27.65,1,1,1,0
142,1292,825.0,228.01,359.17,496.7,1,1,1,1
142,1293,1427.63,424.72,44.28,43.42,1,1,1,0
142,1296,1906.19,461.55,15.42,16.27,1,1,1,0
142,1294,1278.5,480.04,22.6,25.9,1,1,1,0
142,1295,1233.57,499.95,22.61,27.7,1,1,1,0
143,1292,819.9,230.12,360.67,497.18,1,1,1,1
143,1293,1425.06,424.71,45.45,44.6,1,1,1,0
143,1296,1906.72,461.84,15.0,15.86,1,1,1,0
143,1294,1279.46,480.24,22.5,25.88,1,1,1,0
143,1295,1234.62,499.93,22.76,27.72,1,1,1,0
144,1292,811.52,231.3,364.78,501.71,1,1,1,1
144,1293,1422.75,424.89,45.53,44.64,1,1,1,0
144,1296,1907.18,462.15,14.26,15.31,1,1,1,0
144,1294,1279.56,480.11,22.94,26.27,1,1,1,0
144,1295,1235.07,499.73,22.67,27.72,1,1,1,0
145,1292,805.14,231.95,366.61,503.15,1,1,1,1
145,1293,1420.9,424.76,46.04,45.45,1,1,1,0
145,1296,1908.19,461.85,13.88,15.1,1,1,1,0
145,1294,1280.34,480.26,23.16,26.42,1,1,1,0
145,1295,1235.13,499.65,22.81,27.73,1,1,1,0
146,1292,799.07,232.2,370.88,508.41,1,1,1,1
146,1293,1419.5,425.29,46.17,46.14,1,1,1,0
146,1296,1908.76,461.94,13.33,14.63,1,1,1,0
146,1294,1281.66,480.32,22.77,26.08,1,1,1,0
146,1295,1236.15,499.82,22.42,27.33,1,1,1,0
147,1292,792.53,230.23,372.49,510.0,1,1,1,1
147,1293,1419.35,425.88,45.57,46.0,1,1,1,0
147,1296,1910.1,462.58,12.43,13.65,1,1,1,0
147,1294,1282.01,479.94,22.87,26.35,1,1,1,0
147,1295,1236.54,499.69,22.24,27.18,1,1,1,0
148,1292,783.59,227.41,379.93,521.33,1,1,1,1
148,1293,1419.49,426.1,43.51,44.36,1,1,1,0
148,1296,1910.85,463.02,11.55,12.88,1,1,1,0
148,1294,1282.04,479.6,23.06,26.46,1,1,1,0
148,1295,1237.61,499.64,21.87,26.72,1,1,1,0
149,1292,777.41,227.29,379.9,521.05,1,1,1,1
149,1293,1420.07,426.38,41.82,42.91,1,1,1,0
149,1296,1911.13,463.17,11.15,12.62,1,1,1,0
149,1294,1282.65,479.07,23.48,26.89,1,1,1,0
149,1295,1237.85,499.42,22.02,26.96,1,1,1,0
150,1292,768.89,222.73,383.78,526.13,1,1,1,1
150,1293,1420.25,426.47,41.39,42.78,1,1,1,0
150,1296,1911.56,464.25,10.31,11.71,1,1,1,0
150,1294,1282.86,478.88,23.67,27.06,1,1,1,0
150,1295,1237.94,499.14,22.05,27.05,1,1,1,0
151,1292,761.3,217.32,384.77,527.31,1,1,1,1
151,1293,1419.63,426.09,41.08,42.74,1,1,1,0
151,1296,1911.69,463.79,10.0,11.41,1,1,1,0
151,1294,1283.69,479.2,23.76,27.12,1,1,1,0
151,1295,1238.48,499.03,22.59,27.88,1,1,1,0
152,1292,755.73,209.69,386.87,530.08,1,1,1,1
152,1293,1420.65,425.94,40.17,41.93,1,1,1,0
152,1296,1912.57,463.2,9.88,11.32,1,1,1,0
152,1294,1283.98,479.13,23.81,27.14,1,1,1,0
152,1295,1238.84,499.0,22.45,27.8,1,1,1,0
153,1292,751.47,203.15,384.39,525.62,1,1,1,1
153,1293,1422.04,426.29,39.53,41.63,1,1,1,0
153,1294,1284.86,478.91,23.84,27.15,1,1,1,0
153,1295,1239.77,498.79,22.36,27.76,1,1,1,0
154,1292,741.54,188.56,393.26,538.78,1,1,1,1
154,1293,1423.48,425.8,39.12,41.52,1,1,1,0
154,1294,1285.16,478.83,23.87,27.15,1,1,1,0
154,1295,1240.26,498.91,22.01,27.35,1,1,1,0
155,1292,734.19,179.91,397.03,544.54,1,1,1,1
155,1293,1426.05,426.02,38.15,40.69,1,1,1,0
155,1294,1286.04,478.8,23.89,27.14,1,1,1,0
155,1295,1241.09,498.56,22.15,27.59,1,1,1,0
156,1292,730.29,172.07,397.86,545.77,1,1,1,1
156,1293,1428.21,426.5,37.06,39.58,1,1,1,0
156,1294,1286.62,478.99,23.38,26.74,1,1,1,0
156,1295,1241.4,498.63,22.17,27.68,1,1,1,0
157,1292,724.92,163.67,402.34,552.47,1,1,1,1
157,1293,1430.16,426.68,37.62,40.4,1,1,1,0
157,1294,1287.65,478.87,23.11,26.59,1,1,1,0
157,1295,1242.3,498.26,22.15,27.72,1,1,1,0
158,1292,721.1,150.56,406.34,558.66,1,1,1,1
158,1293,1433.32,426.54,37.71,40.71,1,1,1,0
158,1294,1288.05,478.82,22.93,26.53,1,1,1,0
158,1295,1243.57,498.33,21.84,27.33,1,1,1,0
159,1292,716.79,142.57,407.59,560.13,1,1,1,1
159,1293,1435.66,426.28,38.61,42.03,1,1,1,0
159,1294,1289.01,479.01,22.8,26.51,1,1,1,0
159,1295,1244.03,498.36,21.73,27.18,1,1,1,0
160,1292,717.68,134.68,407.27,559.28,1,1,1,1
160,1293,1438.5,425.98,38.15,41.74,1,1,1,0
160,1294,1289.12,478.68,23.21,26.91,1,1,1,0
160,1295,1244.97,498.17,21.69,27.13,1,1,1,0
161,1292,715.43,125.55,410.26,562.8,1,1,1,1
161,1293,1441.83,424.67,38.18,42.02,1,1,1,0
161,1294,1290.06,478.56,23.11,26.66,1,1,1,0
161,1295,1245.3,498.1,21.67,27.11,1,1,1,0
162,1292,714.6,117.95,412.41,565.22,1,1,1,1
162,1293,1446.38,424.97,36.3,40.15,1,1,1,0
162,1294,1291.16,478.31,23.14,26.56,1,1,1,0
162,1295,1246.06,497.88,21.94,27.5,1,1,1,0
163,1292,713.66,112.52,416.29,570.39,1,1,1,1
163,1293,1451.38,424.08,35.4,39.02,1,1,1,0
163,1294,1291.53,478.03,23.2,26.53,1,1,1,0
163,1295,1246.34,497.8,22.02,27.65,1,1,1,0
164,1292,713.93,107.42,422.25,579.46,1,1,1,1
164,1293,1455.54,423.15,35.15,38.62,1,1,1,0
164,1294,1291.46,477.72,23.57,26.91,1,1,1,0
164,1295,1246.43,497.77,22.03,27.71,1,1,1,0
165,1292,714.39,105.69,423.98,582.81,1,1,1,1
165,1293,1460.46,422.82,34.58,38.08,1,1,1,0
165,1294,1292.35,477.61,23.44,26.66,1,1,1,0
165,1295,1247.0,497.57,22.51,28.13,1,1,1,0
166,1292,716.59,106.15,423.12,582.28,1,1,1,1
166,1293,1465.66,422.7,35.51,39.1,1,1,1,0
166,1294,1292.49,477.38,23.73,26.96,1,1,1,0
166,1295,1247.16,497.69,22.77,28.28,1,1,1,0
167,1292,718.18,106.45,422.99,582.82,1,1,1,1
167,1293,1470.37,421.67,36.48,40.28,1,1,1,0
167,1294,1293.16,477.09,24.15,27.47,1,1,1,0
167,1295,1248.09,497.94,22.67,27.94,1,1,1,0
168,1292,720.36,108.43,420.67,579.64,1,1,1,1
168,1293,1474.33,420.5,37.03,40.73,1,1,1,0
168,1294,1293.41,476.99,24.29,27.66,1,1,1,0
168,1295,1248.49,498.04,22.49,27.81,1,1,1,0
169,1292,721.56,110.05,419.14,577.23,1,1,1,1
169,1293,1480.55,420.66,37.08,40.91,1,1,1,0
169,1294,1294.27,476.76,24.33,27.73,1,1,1,0
169,1295,1249.58,498.28,22.1,27.36,1,1,1,0
170,1292,722.5,110.81,417.63,574.64,1,1,1,1
170,1293,1487.4,420.74,35.82,39.39,1,1,1,0
170,1294,1294.74,476.88,24.04,27.36,1,1,1,0
170,1295,1249.83,498.17,22.22,27.59,1,1,1,0
171,1292,722.32,110.02,418.19,575.19,1,1,1,1
171,1293,1493.06,419.98,36.97,40.82,1,1,1,0
171,1294,1294.88,477.13,23.93,27.22,1,1,1,0
171,1295,1249.92,498.13,22.23,27.68,1,1,1,0
172,1292,722.86,109.92,416.42,572.07,1,1,1,1
172,1293,1498.7,419.71,36.38,40.15,1,1,1,0
172,1294,1295.71,477.42,23.91,27.16,1,1,1,0
172,1295,1250.75,497.91,22.2,27.71,1,1,1,0
173,1292,724.33,110.49,414.06,567.95,1,1,1,1
173,1293,1503.14,419.43,37.62,41.49,1,1,1,0
173,1294,1295.84,477.14,24.21,27.54,1,1,1,0
173,1295,1251.06,497.64,22.16,27.72,1,1,1,0
174,1292,724.37,111.29,415.03,568.67,1,1,1,1
174,1293,1508.81,419.33,36.12,40.02,1,1,1,0
174,1294,1295.88,477.04,24.31,27.68,1,1,1,0
174,1295,1251.96,497.73,22.12,27.73,1,1,1,0
175,1292,722.64,111.46,419.71,575.11,1,1,1,1
175,1293,1512.81,418.91,36.29,40.25,1,1,1,0
175,1294,1296.83,477.2,24.04,27.33,1,1,1,0
175,1295,1252.3,497.77,22.08,27.73,1,1,1,0
176,1292,723.48,112.47,419.3,574.24,1,1,1,1
176,1293,1517.2,418.37,36.65,40.73,1,1,1,0
176,1294,1297.96,477.26,23.94,27.2,1,1,1,0
176,1295,1253.21,497.79,22.05,27.73,1,1,1,0
177,1292,723.38,114.41,422.39,578.75,1,1,1,1
177,1293,1520.0,418.37,37.36,41.7,1,1,1,0
177,1294,1298.36,477.49,23.92,27.15,1,1,1,0
177,1295,1253.54,497.79,22.01,27.73,1,1,1,0
178,1292,726.28,115.28,420.04,575.56,1,1,1,1
178,1293,1523.21,418.39,37.76,42.07,1,1,1,0
178,1294,1298.33,477.37,24.22,27.53,1,1,1,0
178,1295,1254.45,497.8,21.98,27.73,1,1,1,0
179,1292,732.15,112.75,417.59,572.41,1,1,1,1
179,1293,1526.48,418.8,38.25,42.6,1,1,1,0
179,1294,1299.25,477.53,24.02,27.27,1,1,1,0
179,1295,1254.78,497.8,21.96,27.73,1,1,1,0
180,1292,733.15,112.03,416.66,570.99,1,1,1,1
180,1293,1529.79,418.77,38.74,43.19,1,1,1,0
180,1294,1299.58,477.19,23.96,27.17,1,1,1,0
180,1295,1254.89,497.8,21.93,27.73,1,1,1,0
181,1292,732.31,111.99,420.3,575.84,1,1,1,1
181,1293,1532.62,419.16,38.67,43.41,1,1,1,0
181,1294,1300.47,477.07,23.94,27.14,1,1,1,0
181,1295,1255.85,497.8,21.64,27.33,1,1,1,0
182,1292,730.09,109.22,427.01,585.19,1,1,1,1
182,1293,1536.02,419.12,38.43,43.09,1,1,1,0
182,1294,1300.93,477.22,23.65,26.72,1,1,1,0
182,1295,1256.05,497.8,21.81,27.58,1,1,1,0
183,1292,729.23,107.11,434.27,595.33,1,1,1,1
183,1293,1539.99,420.3,37.45,41.76,1,1,1,0
183,1294,1301.07,477.28,23.57,26.57,1,1,1,0
183,1295,1256.25,498.0,21.6,27.27,1,1,1,0
184,1292,728.73,105.85,442.84,607.5,1,1,1,1
184,1293,1542.39,420.95,36.55,40.45,1,1,1,0
184,1294,1301.88,477.3,23.58,26.51,1,1,1,0
184,1295,1256.16,497.88,21.8,27.56,1,1,1,0
185,1292,729.38,106.0,448.31,615.41,1,1,1,1
185,1293,1545.9,420.59,35.5,39.15,1,1,1,0
185,1294,1302.0,477.11,23.92,26.89,1,1,1,0
185,1295,1256.91,497.83,21.86,27.67,1,1,1,0
186,1292,730.24,104.92,452.23,621.46,1,1,1,1
186,1293,1548.47,420.86,35.5,39.08,1,1,1,0
186,1294,1302.03,477.24,24.04,27.04,1,1,1,0
186,1295,1257.32,498.02,21.6,27.31,1,1,1,0
187,1292,728.82,106.51,459.48,633.08,1,1,1,1
187,1293,1550.73,421.96,35.85,39.47,1,1,1,0
187,1294,1302.02,477.09,24.09,27.09,1,1,1,0
187,1295,1257.32,498.28,21.79,27.57,1,1,1,0
188,1292,733.75,111.26,457.49,630.91,1,1,1,1
188,1293,1552.78,422.57,36.53,40.02,1,1,1,0
188,1294,1302.0,477.23,24.11,27.11,1,1,1,0
188,1295,1257.31,498.38,21.85,27.67,1,1,1,0
189,1292,743.24,116.1,454.84,626.1,1,1,1,1
189,1293,1553.55,422.19,38.13,41.82,1,1,1,0
189,1294,1302.77,477.29,24.11,27.12,1,1,1,0
189,1295,1257.29,498.42,21.86,27.71,1,1,1,0
190,1292,756.12,116.16,458.14,629.07,1,1,1,1
190,1293,1555.49,421.65,38.4,42.11,1,1,1,0
190,1294,1303.05,477.31,24.12,27.12,1,1,1,0
190,1295,1258.07,498.43,21.85,27.72,1,1,1,0
191,1292,776.73,114.98,458.97,628.1,1,1,1,1
191,1293,1558.52,421.83,38.43,41.82,1,1,1,0
191,1294,1302.99,477.32,24.42,27.52,1,1,1,0
191,1295,1258.36,498.63,21.84,27.73,1,1,1,0
192,1292,802.23,119.88,458.17,623.83,1,1,1,1
192,1293,1561.99,421.69,38.36,41.7,1,1,1,0
192,1294,1302.97,476.92,24.51,27.67,1,1,1,0
192,1295,1258.6,498.31,21.56,27.33,1,1,1,0
193,1292,829.55,119.54,457.14,619.52,1,1,1,1
193,1293,1564.77,421.04,38.34,41.65,1,1,1,0
193,1294,1303.6,476.38,24.81,28.12,1,1,1,0
194,1292,858.34,119.19,457.43,617.22,1,1,1,1
194,1293,1569.04,420.8,38.04,41.23,1,1,1,0
194,1294,1301.42,476.57,26.6,30.26,1,1,1,0
195,1292,876.11,119.43,458.88,617.9,1,1,1,1
195,1293,1572.43,420.1,37.33,40.27,1,1,1,0
196,1292,888.76,122.69,458.54,616.52,1,1,1,1
196,1293,1576.85,419.24,36.93,39.91,1,1,1,0
197,1292,897.03,124.91,455.63,612.98,1,1,1,1
197,1293,1579.84,418.93,37.07,40.18,1,1,1,0
198,1292,903.57,124.51,452.69,609.62,1,1,1,1
198,1293,1582.04,417.42,37.92,41.08,1,1,1,0
199,1292,908.04,127.82,446.24,601.66,1,1,1,1
199,1293,1586.08,417.65,37.94,41.03,1,1,1,0
200,1292,909.27,124.23,441.38,595.47,1,1,1,1
200,1293,1588.32,416.36,39.47,42.6,1,1,1,0
201,1292,910.23,120.64,435.4,586.98,1,1,1,1
201,1293,1592.31,416.09,39.86,43.18,1,1,1,0
202,1292,910.65,116.36,431.1,580.76,1,1,1,1
202,1293,1596.45,416.19,39.3,42.61,1,1,1,0
202,1294,1304.96,477.31,24.87,28.44,1,1,1,0
203,1292,906.43,116.58,430.45,578.75,1,1,1,1
203,1293,1600.97,416.45,39.28,42.38,1,1,1,0
203,1294,1304.56,476.07,25.91,29.6,1,1,1,0
204,1292,922.96,116.08,390.32,514.7,1,1,1,1
204,1293,1604.05,416.56,39.46,42.69,1,1,1,0
204,1294,1305.72,478.27,23.7,26.77,1,1,1,0
205,1292,911.58,114.55,399.83,524.2,1,1,1,1
205,1293,1608.6,416.61,38.84,42.01,1,1,1,0
206,1292,899.04,116.88,416.81,549.68,1,1,1,1
206,1293,1612.54,417.03,38.7,42.14,1,1,1,0
206,1295,1262.53,499.01,20.7,25.94,1,1,1,0
206,1294,1307.28,479.01,22.51,25.54,1,1,1,0
207,1292,890.26,118.23,418.59,554.32,1,1,1,1
207,1293,1616.6,416.6,39.58,42.99,1,1,1,0
207,1295,1261.41,498.39,21.36,26.75,1,1,1,0
207,1294,1307.58,478.92,22.27,25.35,1,1,1,0
208,1292,877.96,115.08,420.97,558.35,1,1,1,1
208,1293,1620.63,416.64,39.43,42.91,1,1,1,0
208,1295,1261.2,498.0,21.32,26.6,1,1,1,0
208,1294,1307.55,479.09,22.44,25.29,1,1,1,0
209,1292,876.79,111.1,411.71,542.83,1,1,1,1
209,1293,1625.94,416.47,39.47,42.47,1,1,1,0
209,1295,1261.77,497.85,21.59,26.94,1,1,1,0
209,1294,1307.33,478.94,22.9,25.67,1,1,1,0
210,1292,875.71,110.31,401.45,524.59,1,1,1,1
210,1293,1630.51,416.61,38.85,41.51,1,1,1,0
210,1295,1261.98,497.6,21.68,27.07,1,1,1,0
210,1294,1307.21,478.49,23.14,25.82,1,1,1,0
211,1292,858.16,110.56,417.44,543.46,1,1,1,1
211,1293,1634.04,417.67,39.5,42.34,1,1,1,0
211,1295,1262.05,497.71,21.72,27.12,1,1,1,0
211,1294,1307.4,478.51,22.73,25.47,1,1,1,0
212,1292,837.08,112.54,439.32,572.21,1,1,1,1
212,1293,1636.63,416.68,43.29,46.62,1,1,1,0
212,1295,1262.07,497.75,21.73,27.13,1,1,1,0
212,1294,1307.22,478.12,23.07,25.75,1,1,1,0
213,1292,851.01,115.85,407.86,522.94,1,1,1,1
213,1293,1638.39,415.73,46.1,50.12,1,1,1,0
213,1294,1306.51,476.98,24.47,27.45,1,1,1,0
214,1292,854.91,117.93,398.79,503.66,1,1,1,1
214,1293,1640.92,416.5,46.37,50.74,1,1,1,0
215,1292,833.61,128.16,435.04,546.69,1,1,1,1
215,1293,1644.07,416.05,46.51,50.95,1,1,1,0
215,1295,1263.1,497.78,21.72,27.13,1,1,1,0
215,1294,1306.6,477.42,24.27,27.24,1,1,1,0
216,1292,826.7,143.55,453.63,570.64,1,1,1,1
216,1293,1646.85,415.68,46.29,51.0,1,1,1,0
216,1295,1263.24,497.59,21.71,27.12,1,1,1,0
216,1294,1307.6,477.96,23.88,26.74,1,1,1,0
217,1292,814.96,166.79,476.89,601.38,1,1,1,1
217,1293,1650.38,415.93,45.74,50.6,1,1,1,0
217,1295,1262.48,496.92,21.73,26.72,1,1,1,0
217,1294,1306.98,477.75,24.07,26.96,1,1,1,0
218,1292,814.01,181.5,485.81,613.97,1,1,1,1
218,1293,1655.53,416.63,43.95,48.85,1,1,1,0
218,1295,1263.44,492.07,22.43,27.37,1,1,1,0
218,1294,1307.54,477.87,24.14,27.05,1,1,1,0
219,1292,809.83,188.46,510.76,649.67,1,1,1,1
219,1293,1659.65,416.3,43.45,48.55,1,1,1,0
219,1294,1307.6,478.71,24.46,27.48,1,1,1,0
220,1292,822.91,190.62,515.24,660.53,1,1,1,1
220,1293,1662.57,415.19,43.43,48.82,1,1,1,0
221,1292,827.86,192.38,521.49,671.84,1,1,1,1
221,1293,1666.74,414.77,41.78,46.93,1,1,1,0
222,1292,836.15,191.71,532.9,691.85,1,1,1,1
222,1293,1670.58,414.21,41.14,46.19,1,1,1,0
223,1292,847.92,199.61,532.48,692.15,1,1,1,1
223,1293,1673.0,413.01,41.83,47.12,1,1,1,0
224,1292,869.15,213.27,511.01,662.69,1,1,1,1
224,1293,1674.22,412.97,42.85,48.26,1,1,1,0
225,1292,887.48,223.51,498.96,643.92,1,1,1,1
225,1293,1676.63,412.58,43.83,49.48,1,1,1,0
226,1292,890.32,230.51,500.93,642.51,1,1,1,1
226,1293,1679.97,411.06,43.85,49.55,1,1,1,0
227,1292,888.86,230.92,506.39,646.66,1,1,1,1
227,1293,1683.02,410.88,43.23,48.77,1,1,1,0
228,1292,884.74,233.23,514.48,655.65,1,1,1,1
228,1293,1685.97,410.83,43.93,49.65,1,1,1,0
229,1292,885.4,236.28,521.49,665.67,1,1,1,1
229,1293,1689.53,411.22,43.84,49.59,1,1,1,0
230,1292,892.39,240.21,521.05,667.19,1,1,1,1
230,1293,1693.75,411.78,42.58,47.96,1,1,1,0
231,1292,896.63,243.49,516.28,660.86,1,1,1,1
231,1293,1697.62,412.01,43.71,49.34,1,1,1,0
232,1292,889.14,241.74,525.93,673.8,1,1,1,1
232,1293,1701.66,412.5,43.47,49.06,1,1,1,0
233,1292,878.75,244.9,540.58,691.96,1,1,1,1
233,1293,1705.14,412.69,43.98,49.73,1,1,1,0
234,1292,881.02,257.53,548.39,701.69,1,1,1,1
234,1293,1709.57,412.76,44.05,49.59,1,1,1,0
235,1292,888.52,264.82,552.87,707.0,1,1,1,1
235,1293,1714.85,412.99,44.55,50.32,1,1,1,0
236,1292,912.13,269.6,536.16,680.28,1,1,1,1
236,1293,1719.7,414.07,43.53,49.41,1,1,1,0
237,1292,934.57,272.78,526.39,661.59,1,1,1,1
237,1293,1725.44,415.08,43.01,49.05,1,1,1,0
238,1292,946.96,276.38,538.4,673.27,1,1,1,1
238,1293,1729.78,413.46,42.95,48.91,1,1,1,0
239,1292,948.28,286.1,574.31,720.96,1,1,1,1
239,1293,1734.73,411.85,42.35,48.06,1,1,1,0
240,1292,966.6,294.89,578.15,726.95,1,1,1,1
240,1293,1740.66,410.24,41.67,47.33,1,1,1,0
241,1292,989.69,303.62,578.64,728.22,1,1,1,1
241,1293,1745.82,409.04,41.63,47.07,1,1,1,0
242,1292,1019.68,307.15,565.8,709.91,1,1,1,1
242,1293,1751.15,408.21,40.88,46.17,1,1,1,0
243,1292,1037.83,312.43,573.7,719.15,1,1,1,1
243,1293,1755.52,407.72,40.32,45.44,1,1,1,0
244,1292,1060.49,318.97,572.54,716.16,1,1,1,1
244,1293,1759.92,407.15,39.02,43.97,1,1,1,0
245,1292,1080.33,328.38,576.02,719.61,1,1,1,1
245,1293,1764.95,406.15,39.49,44.66,1,1,1,0
246,1292,1103.69,332.92,575.49,716.83,1,1,1,1
246,1293,1768.94,406.0,39.89,45.32,1,1,1,0
247,1292,1124.39,343.15,574.69,714.04,1,1,1,1
247,1293,1772.06,405.56,39.65,45.18,1,1,1,0
248,1292,1139.44,359.32,574.6,711.89,1,1,1,1
248,1293,1775.63,406.02,39.2,44.73,1,1,1,0
249,1292,1156.54,371.54,575.96,710.2,1,1,1,1
249,1293,1778.07,406.82,38.11,43.37,1,1,1,0
250,1292,1172.8,389.01,577.5,709.89,1,1,1,1
250,1293,1781.64,408.55,36.85,41.65,1,1,1,0
251,1292,1183.86,399.87,586.48,718.29,1,1,1,1
251,1293,1783.52,408.79,36.52,41.03,1,1,1,0
252,1292,1204.65,416.13,579.27,704.57,1,1,1,1
252,1293,1785.63,409.29,36.54,40.83,1,1,1,0
253,1292,1197.04,422.31,596.88,718.04,1,1,1,1
253,1293,1787.02,409.26,36.67,40.77,1,1,1,0
254,1292,1213.99,434.82,592.65,708.57,1,1,1,1
254,1293,1788.65,408.65,37.45,41.58,1,1,1,0
254,1295,1252.79,494.32,21.32,27.24,1,1,1,0
255,1292,1252.27,445.17,575.65,681.69,1,1,1,1
255,1293,1788.49,407.82,37.48,41.49,1,1,1,0
255,1295,1252.46,493.76,21.62,27.61,1,1,1,0
255,1294,1296.0,473.83,24.11,25.92,1,1,1,0
256,1292,1277.89,446.36,564.87,665.23,1,1,1,1
256,1293,1788.76,406.51,38.17,42.27,1,1,1,0
256,1295,1251.59,493.57,21.36,27.27,1,1,1,0
256,1294,1294.89,473.73,24.11,25.92,1,1,1,0
257,1292,1289.65,449.25,561.39,657.28,1,1,1,1
257,1293,1788.81,404.63,38.36,42.17,1,1,1,0
257,1295,1250.41,493.08,21.28,27.15,1,1,1,0
257,1294,1294.76,473.7,23.62,25.45,1,1,1,0
258,1292,1298.78,455.43,557.31,649.06,1,1,1,1
258,1293,1788.66,402.93,38.57,42.14,1,1,1,0
258,1295,1249.17,492.71,21.27,27.11,1,1,1,0
258,1294,1293.86,473.7,23.42,25.3,1,1,1,0
259,1292,1309.85,458.4,552.05,640.35,1,1,1,1
259,1293,1788.3,401.51,39.1,42.53,1,1,1,0
259,1295,1247.92,491.96,21.29,27.1,1,1,1,0
259,1294,1292.06,473.48,22.92,24.82,1,1,1,0
260,1292,1277.28,448.86,572.09,654.51,1,1,1,1
260,1293,1787.9,400.21,39.71,43.08,1,1,1,0
260,1295,1246.68,491.29,21.31,27.1,1,1,1,0
260,1294,1290.64,472.97,22.72,24.67,1,1,1,0
261,1292,1264.57,428.84,596.2,678.17,1,1,1,1
261,1293,1788.92,399.74,39.06,42.1,1,1,1,0
261,1295,1245.29,490.66,21.63,27.52,1,1,1,0
261,1294,1288.16,471.96,23.34,25.47,1,1,1,0
262,1292,1270.93,411.9,599.74,685.37,1,1,1,1
262,1293,1789.01,399.19,39.26,42.12,1,1,1,0
262,1295,1244.01,490.04,21.74,27.67,1,1,1,0
262,1294,1287.37,470.99,23.47,25.76,1,1,1,0
263,1292,1271.11,383.9,584.35,668.36,1,1,1,1
263,1293,1791.13,398.81,36.67,38.94,1,1,1,0
263,1295,1242.63,489.02,22.06,28.13,1,1,1,0
263,1294,1285.38,470.24,23.77,26.28,1,1,1,0
264,1292,1266.32,355.89,574.48,660.58,1,1,1,1
264,1293,1791.93,398.1,37.18,39.38,1,1,1,0
264,1295,1241.78,488.86,21.32,27.09,1,1,1,0
264,1294,1284.91,469.78,23.45,26.07,1,1,1,0
265,1292,1252.95,313.73,561.46,647.91,1,1,1,1
265,1293,1793.12,397.66,37.1,39.13,1,1,1,0
265,1295,1238.89,488.43,24.67,31.58,1,1,1,0
266,1292,1251.52,280.1,536.16,622.73,1,1,1,1
266,1293,1793.79,396.92,38.15,40.26,1,1,1,0
267,1292,1235.27,256.63,514.0,600.05,1,1,1,1
267,1293,1794.64,395.87,38.85,41.08,1,1,1,0
268,1292,1218.07,229.09,499.02,585.79,1,1,1,1
268,1293,1796.36,395.29,37.8,39.82,1,1,1,0
269,1292,1204.93,208.85,479.92,566.44,1,1,1,1
269,1293,1798.98,395.51,36.58,38.53,1,1,1,0
270,1292,1180.6,189.14,484.23,576.48,1,1,1,1
270,1293,1800.71,396.03,36.15,38.05,1,1,1,0
271,1292,1158.19,176.68,483.44,581.71,1,1,1,1
271,1293,1802.78,396.24,36.23,37.89,1,1,1,0
271,1299,1904.49,448.51,14.89,16.75,1,1,1,0
272,1292,1140.44,173.97,472.18,570.59,1,1,1,1
272,1293,1804.23,396.53,36.4,37.84,1,1,1,0
272,1299,1903.55,448.65,14.56,16.39,1,1,1,0
273,1292,1129.14,173.83,458.83,555.65,1,1,1,1
273,1293,1806.1,395.85,36.92,38.24,1,1,1,0
273,1299,1901.34,448.46,14.45,16.26,1,1,1,0
274,1292,1258.59,264.29,220.75,265.98,1,1,1,1
274,1293,1820.21,393.21,30.94,31.61,1,1,1,0
274,1295,1036.0,477.74,20.98,27.96,1,1,1,0
274,1294,1076.55,459.6,23.3,28.21,1,1,1,0
274,1302,1666.54,442.67,14.92,15.55,1,1,1,0
275,1292,1258.59,264.29,220.75,265.98,1,1,1,1
275,1293,1822.23,391.55,28.5,28.99,1,1,1,0
275,1295,1036.0,477.74,20.98,27.96,1,1,1,0
275,1294,1076.55,459.6,23.3,28.21,1,1,1,0
275,1302,1666.54,442.67,14.92,15.55,1,1,1,0
276,1292,1253.46,267.31,206.58,248.46,1,1,1,1
276,1293,1820.0,391.26,28.17,28.61,1,1,1,0
276,1295,1031.77,477.41,21.55,28.72,1,1,1,0
276,1294,1072.74,459.79,22.97,27.84,1,1,1,0
276,1302,1661.38,443.13,14.57,15.18,1,1,1,0
277,1292,1241.08,267.65,203.44,244.85,1,1,1,1
277,1293,1816.2,390.76,27.41,27.68,1,1,1,0
277,1295,1026.84,477.54,21.39,28.5,1,1,1,0
277,1294,1068.35,460.09,22.46,27.24,1,1,1,0
277,1302,1655.84,443.28,14.45,15.06,1,1,1,0
278,1292,1227.37,272.05,200.15,240.51,1,1,1,1
278,1293,1812.37,391.66,26.91,26.98,1,1,1,0
278,1295,1022.23,477.36,21.34,28.4,1,1,1,0
278,1294,1063.27,460.4,22.69,27.53,1,1,1,0
278,1302,1650.65,443.55,14.42,15.03,1,1,1,0
279,1292,1211.84,268.98,199.64,240.35,1,1,1,1
279,1293,1808.89,392.21,27.61,27.61,1,1,1,0
279,1295,1017.82,477.53,21.33,28.36,1,1,1,0
279,1294,1058.92,460.06,22.39,27.19,1,1,1,0
279,1302,1644.78,443.84,14.42,15.03,1,1,1,0
280,1292,1194.22,263.83,201.89,244.51,1,1,1,1
280,1293,1805.67,393.03,26.98,27.04,1,1,1,0
280,1295,1013.53,477.38,21.27,28.35,1,1,1,0
280,1294,1054.04,460.14,22.6,27.51,1,1,1,0
280,1302,1639.57,444.14,14.42,15.03,1,1,1,0
281,1292,1180.19,266.86,197.46,239.79,1,1,1,1
281,1293,1802.38,393.76,27.69,27.69,1,1,1,0
281,1295,1008.69,477.32,21.58,28.76,1,1,1,0
281,1294,1049.9,459.96,22.0,26.8,1,1,1,0
281,1302,1633.58,443.82,14.8,15.45,1,1,1,0
282,1292,1164.41,268.35,195.78,238.36,1,1,1,1
282,1293,1799.07,394.62,27.42,27.54,1,1,1,0
282,1295,1004.37,477.31,21.41,28.49,1,1,1,0
282,1294,1045.66,460.31,21.87,26.54,1,1,1,0
282,1302,1628.52,444.11,14.56,15.2,1,1,1,0
283,1292,1147.17,266.99,197.7,241.61,1,1,1,1
283,1293,1796.81,396.16,26.25,26.29,1,1,1,0
283,1295,999.96,477.3,21.64,28.8,1,1,1,0
283,1294,1041.97,460.02,21.56,26.05,1,1,1,0
283,1302,1623.62,444.0,14.47,15.1,1,1,1,0
284,1292,1131.78,268.53,197.46,241.86,1,1,1,1
284,1293,1794.01,396.11,26.58,26.67,1,1,1,0
284,1295,995.94,477.3,21.18,28.1,1,1,1,0
284,1294,1037.03,459.91,22.44,27.11,1,1,1,0
284,1302,1619.85,444.97,13.91,14.66,1,1,1,0
285,1292,1115.48,270.0,195.07,239.53,1,1,1,1
285,1293,1791.46,395.89,26.68,26.82,1,1,1,0
285,1295,991.78,476.69,21.86,29.06,1,1,1,0
285,1294,1033.1,459.67,22.47,27.1,1,1,1,0
285,1302,1614.37,444.51,14.16,14.91,1,1,1,0
286,1292,1098.53,266.74,196.63,242.54,1,1,1,1
286,1293,1790.12,395.79,26.02,26.09,1,1,1,0
286,1295,987.85,476.67,21.55,28.61,1,1,1,0
286,1294,1029.57,459.37,22.11,26.69,1,1,1,0
286,1302,1609.58,444.74,13.73,14.6,1,1,1,0
287,1292,1083.19,269.17,193.55,238.99,1,1,1,1
287,1293,1788.23,396.16,25.48,25.43,1,1,1,0
287,1295,984.67,476.47,21.18,28.03,1,1,1,0
287,1294,1025.47,459.26,22.26,26.95,1,1,1,0
287,1302,1604.81,444.21,13.49,14.48,1,1,1,0
288,1292,1067.23,271.19,191.57,236.59,1,1,1,1
288,1293,1785.77,395.26,25.72,25.61,1,1,1,0
288,1295,980.95,475.99,21.61,28.62,1,1,1,0
288,1294,1022.05,459.03,22.38,27.04,1,1,1,0
288,1302,1601.02,444.41,13.0,14.04,1,1,1,0
289,1292,1049.81,269.48,192.9,238.75,1,1,1,1
289,1293,1784.11,394.74,25.85,25.69,1,1,1,0
289,1295,977.44,476.22,21.5,28.44,1,1,1,0
289,1294,1018.26,458.74,22.16,26.68,1,1,1,0
289,1302,1597.42,444.48,12.79,13.88,1,1,1,0
290,1292,1033.54,271.75,190.89,236.56,1,1,1,1
290,1293,1781.41,392.73,26.98,26.94,1,1,1,0
290,1295,974.28,475.91,21.47,28.37,1,1,1,0
290,1294,1015.46,458.84,21.15,25.34,1,1,1,0
290,1302,1593.7,444.3,13.0,14.23,1,1,1,0
291,1292,1016.14,271.77,191.55,237.94,1,1,1,1
291,1293,1780.05,392.78,26.65,26.62,1,1,1,0
291,1295,971.23,475.6,21.48,28.34,1,1,1,0
291,1294,1012.69,459.08,20.54,24.43,1,1,1,0
291,1302,1590.11,444.63,13.02,14.36,1,1,1,0
292,1292,999.19,272.97,191.49,238.16,1,1,1,1
292,1293,1778.01,392.22,26.53,26.5,1,1,1,0
292,1295,969.4,475.49,19.17,24.73,1,1,1,0
292,1302,1585.92,444.56,12.66,14.01,1,1,1,0
293,1292,982.84,273.49,191.1,238.07,1,1,1,1
293,1293,1775.55,392.21,26.83,26.86,1,1,1,0
293,1295,967.77,474.83,16.54,20.79,1,1,1,0
293,1302,1582.14,444.52,12.5,13.89,1,1,1,0
294,1292,964.36,270.96,192.91,241.24,1,1,1,1
294,1293,1773.23,392.42,26.69,27.0,1,1,1,0
294,1302,1579.15,444.51,12.73,14.24,1,1,1,0
295,1292,948.02,270.6,194.45,244.09,1,1,1,1
295,1293,1771.59,392.9,26.72,27.06,1,1,1,0
295,1302,1575.96,444.9,12.47,13.98,1,1,1,0
296,1292,931.37,271.05,194.95,245.62,1,1,1,1
296,1293,1769.63,394.09,26.38,26.68,1,1,1,0
296,1302,1572.54,444.65,12.35,13.88,1,1,1,0
297,1292,915.07,270.82,194.91,246.25,1,1,1,1
297,1293,1767.36,394.94,26.27,26.54,1,1,1,0
297,1302,1569.83,444.75,12.29,13.85,1,1,1,0
298,1292,900.19,269.63,195.27,247.62,1,1,1,1
298,1293,1765.6,395.26,26.59,26.89,1,1,1,0
298,1302,1567.37,444.38,12.26,13.84,1,1,1,0
299,1292,887.65,268.39,193.74,246.58,1,1,1,1
299,1293,1764.23,395.57,26.69,27.03,1,1,1,0
299,1302,1564.85,444.05,12.54,14.23,1,1,1,0
300,1292,873.93,263.63,198.06,253.48,1,1,1,1
300,1293,1763.79,395.68,26.72,27.08,1,1,1,0
300,1302,1563.24,443.92,12.61,14.38,1,1,1,0
301,1292,861.65,261.67,199.07,256.06,1,1,1,1
301,1293,1762.11,395.52,26.72,27.1,1,1,1,0
301,1302,1561.2,443.48,12.6,14.44,1,1,1,0
302,1292,845.94,260.94,198.96,257.44,1,1,1,1
302,1293,1760.75,393.86,26.7,27.11,1,1,1,0
302,1302,1558.18,442.92,12.56,14.46,1,1,1,0
303,1292,826.18,260.2,200.67,261.22,1,1,1,1
303,1293,1759.79,392.83,26.12,26.71,1,1,1,0
303,1302,1554.53,442.71,13.04,14.87,1,1,1,0
304,1292,803.83,260.63,209.19,274.35,1,1,1,1
304,1293,1761.32,391.25,25.47,26.17,1,1,1,0
304,1302,1550.34,442.24,12.77,14.62,1,1,1,0
