1,750,216.06,659.33,146.75,188.04,1,1,1,0
1,751,679.22,130.56,303.75,290.72,1,1,1,1
1,752,1485.0,0,359.2,338.71,1,1,1,1
2,750,222.77,660.9,146.79,188.04,1,1,1,0
2,751,683.67,125.85,310.54,297.25,1,1,1,1
2,752,1500.31,0,368.33,345.51,1,1,1,1
3,750,230.29,662.58,147.57,188.98,1,1,1,0
3,751,691.66,124.86,312.15,298.79,1,1,1,1
3,752,1517.77,0,368.13,345.28,1,1,1,1
4,750,239.16,664.91,147.87,189.27,1,1,1,0
4,751,703.85,124.3,312.33,299.04,1,1,1,1
4,752,1528.21,0,365.02,343.92,1,1,1,1
5,750,249.07,666.5,148.0,189.34,1,1,1,0
5,751,713.27,123.56,310.65,297.42,1,1,1,1
5,752,1538.14,0,367.48,345.89,1,1,1,1
6,750,258.43,668.68,148.74,190.21,1,1,1,0
6,751,720.75,126.39,311.05,297.69,1,1,1,1
6,752,1545.39,0,364.69,346.1,1,1,1,1
7,750,267.99,670.22,149.63,191.34,1,1,1,0
7,751,726.66,128.56,311.45,297.66,1,1,1,1
7,752,1560.25,0,354.95,338.11,1,1,1,1
8,750,277.98,672.35,149.36,190.9,1,1,1,0
8,751,733.64,131.31,311.1,296.9,1,1,1,1
8,752,1566.98,0,361.08,344.08,1,1,1,1
9,750,287.63,674.28,149.25,190.71,1,1,1,0
9,751,740.56,134.03,310.6,296.1,1,1,1,1
9,752,1571.18,0,363.9,347.44,1,1,1,1
10,750,297.22,675.74,148.6,189.81,1,1,1,0
10,751,748.12,135.86,309.52,294.74,1,1,1,1
10,752,1576.06,0,362.35,349.07,1,1,1,1
11,750,306.42,677.42,148.4,189.47,1,1,1,0
11,751,754.82,137.96,310.43,295.4,1,1,1,1
11,752,1582.43,0,359.99,349.45,1,1,1,1
12,750,314.61,679.18,148.25,189.34,1,1,1,0
12,751,760.8,139.9,311.27,296.06,1,1,1,1
12,752,1589.19,0,354.51,348.95,1,1,1,1
13,751,402.83,204.16,308.62,304.26,1,1,1,1
13,750,0,732.74,82.89,196.23,1,1,1,0
13,752,1250.36,39.11,353.09,389.15,1,1,1,1
14,751,402.83,204.16,308.62,304.26,1,1,1,1
14,750,0,732.74,82.89,196.23,1,1,1,0
14,752,1250.36,39.11,353.09,389.15,1,1,1,1
15,751,401.63,206.25,307.12,302.82,1,1,1,1
15,750,0,733.76,79.22,196.42,1,1,1,0
15,752,1249.79,40.44,350.87,386.61,1,1,1,1
16,751,397.42,207.18,306.97,302.58,1,1,1,1
16,750,0,735.97,76.09,195.54,1,1,1,0
16,752,1250.27,50.19,341.26,375.75,1,1,1,1
17,751,393.19,208.54,306.99,302.31,1,1,1,1
17,750,0,737.54,74.11,195.26,1,1,1,0
17,752,1249.89,53.48,335.78,369.63,1,1,1,1
18,751,389.7,209.59,307.95,302.91,1,1,1,1
18,750,0,738.43,72.06,195.19,1,1,1,0
18,752,1253.36,65.61,321.79,353.99,1,1,1,1
19,751,387.58,210.11,308.7,303.34,1,1,1,1
19,750,0,739.1,70.09,195.18,1,1,1,0
19,752,1253.37,69.29,316.22,347.92,1,1,1,1
20,751,383.85,210.87,309.78,303.71,1,1,1,1
20,750,0,739.7,68.1,195.18,1,1,1,0
20,752,1249.72,69.73,313.36,345.06,1,1,1,1
21,751,381.0,211.52,309.69,302.61,1,1,1,1
21,750,0,740.28,66.17,194.37,1,1,1,0
21,752,1247.34,75.64,306.43,337.99,1,1,1,1
22,751,378.93,211.71,310.32,302.21,1,1,1,1
22,750,0,740.86,64.07,194.08,1,1,1,0
22,752,1245.72,76.57,302.5,334.23,1,1,1,1
23,751,378.12,212.15,311.51,302.47,1,1,1,1
23,750,0,742.25,60.51,191.54,1,1,1,0
23,752,1238.19,78.05,300.41,333.29,1,1,1,1
24,751,377.67,213.09,312.26,302.58,1,1,1,1
24,750,0,742.73,57.92,192.24,1,1,1,0
24,752,1233.72,78.93,298.55,332.48,1,1,1,1
25,751,377.76,213.21,312.19,301.62,1,1,1,1
25,750,0,744.48,53.77,189.29,1,1,1,0
25,752,1230.16,79.1,297.21,332.4,1,1,1,1
26,751,375.93,213.23,313.46,302.07,1,1,1,1
26,750,0,745.5,50.56,186.58,1,1,1,0
26,752,1227.04,81.06,294.23,330.13,1,1,1,1
27,751,374.91,213.41,313.13,300.84,1,1,1,1
27,750,0,745.84,46.33,184.81,1,1,1,0
27,752,1221.85,81.05,293.07,330.07,1,1,1,1
28,751,373.25,212.65,314.29,301.59,1,1,1,1
28,750,0,745.11,42.77,185.0,1,1,1,0
28,752,1218.03,81.15,291.15,328.78,1,1,1,1
29,751,370.07,212.14,314.77,301.28,1,1,1,1
29,750,0,745.21,41.22,182.69,1,1,1,0
29,752,1212.83,81.89,288.3,326.82,1,1,1,1
30,751,369.06,209.94,314.3,300.36,1,1,1,1
30,750,0,745.22,38.05,181.87,1,1,1,0
30,752,1209.63,83.3,285.32,323.8,1,1,1,1
31,751,368.7,209.5,314.21,300.43,1,1,1,1
31,750,0,746.81,32.82,175.17,1,1,1,0
31,752,1204.14,84.04,283.54,322.3,1,1,1,1
32,751,368.51,207.34,313.21,299.66,1,1,1,1
32,750,0,746.97,24.82,162.12,1,1,1,0
32,752,1198.41,84.55,281.38,320.14,1,1,1,1
33,751,366.74,204.13,313.96,300.98,1,1,1,1
33,750,0,748.24,18.84,150.74,1,1,1,0
33,752,1190.75,83.96,280.38,319.76,1,1,1,1
34,751,364.65,199.86,315.98,303.97,1,1,1,1
34,750,0,747.81,13.65,147.74,1,1,1,0
34,752,1184.98,85.69,276.64,316.5,1,1,1,1
35,751,364.88,195.79,313.24,302.23,1,1,1,1
35,750,0,743.92,6.45,149.32,1,1,1,0
35,752,1176.81,83.47,276.85,317.8,1,1,1,1
36,751,364.0,192.29,312.24,302.35,1,1,1,1
36,750,0,743.75,4.2,148.37,1,1,1,0
36,752,1170.27,83.7,274.37,316.07,1,1,1,1
37,751,360.63,189.23,314.87,306.57,1,1,1,1
37,750,0,739.61,2.25,149.79,1,1,1,0
37,752,1164.5,86.75,269.34,310.89,1,1,1,1
38,751,360.58,186.75,311.12,304.0,1,1,1,1
38,752,1156.82,85.84,269.35,311.86,1,1,1,1
39,751,360.91,184.09,307.74,302.0,1,1,1,1
39,752,1150.92,86.97,267.93,311.2,1,1,1,1
40,751,359.17,181.76,307.1,303.04,1,1,1,1
40,752,1143.72,87.06,267.89,312.13,1,1,1,1
41,751,357.24,180.36,304.75,302.03,1,1,1,1
41,752,1137.55,85.86,267.72,312.94,1,1,1,1
42,751,355.39,178.31,303.84,302.45,1,1,1,1
42,752,1131.95,87.17,265.57,311.11,1,1,1,1
43,751,354.11,176.22,303.2,303.21,1,1,1,1
43,752,1126.07,87.25,264.02,309.67,1,1,1,1
44,751,353.27,175.5,301.62,303.09,1,1,1,1
44,752,1119.44,86.65,264.0,310.59,1,1,1,1
45,751,351.76,174.91,300.75,303.45,1,1,1,1
45,752,1114.12,88.4,263.38,310.58,1,1,1,1
46,751,352.9,174.85,299.52,304.07,1,1,1,1
46,752,1108.31,88.54,264.89,313.11,1,1,1,1
47,751,356.5,176.58,294.44,300.43,1,1,1,1
47,752,1101.16,88.97,266.31,315.68,1,1,1,1
48,751,360.69,179.2,290.19,297.34,1,1,1,1
48,752,1094.46,88.01,268.96,320.15,1,1,1,1
49,751,364.45,180.02,287.52,296.2,1,1,1,1
49,752,1087.64,85.86,271.86,324.81,1,1,1,1
50,751,367.18,181.56,284.72,294.59,1,1,1,1
50,752,1083.12,86.21,271.72,325.78,1,1,1,1
51,751,368.85,182.75,284.23,295.22,1,1,1,1
51,752,1078.6,85.35,271.79,327.11,1,1,1,1
52,751,370.44,184.21,283.91,295.88,1,1,1,1
52,752,1076.86,87.1,268.75,324.32,1,1,1,1
53,751,372.06,185.56,282.16,294.55,1,1,1,1
53,752,1075.23,87.46,266.84,322.73,1,1,1,1
54,751,374.24,187.26,280.36,292.47,1,1,1,1
54,752,1075.47,89.28,260.82,315.24,1,1,1,1
55,751,378.26,187.99,278.07,290.01,1,1,1,1
55,752,1075.95,89.06,257.44,310.89,1,1,1,1
56,751,380.95,188.56,277.83,289.62,1,1,1,1
56,752,1074.97,86.25,256.47,310.01,1,1,1,1
57,751,383.82,188.55,277.75,289.51,1,1,1,1
57,752,1075.63,87.2,251.99,304.51,1,1,1,1
58,751,387.52,189.43,277.01,288.4,1,1,1,1
58,752,1076.54,86.15,249.74,301.68,1,1,1,1
59,751,392.24,189.75,276.58,287.61,1,1,1,1
59,752,1077.64,86.46,248.08,299.79,1,1,1,1
60,751,398.83,190.75,274.27,284.85,1,1,1,1
60,752,1078.37,87.58,247.1,298.95,1,1,1,1
61,751,406.05,190.91,273.42,283.05,1,1,1,1
61,752,1078.39,86.59,247.85,300.51,1,1,1,1
62,751,414.07,192.75,273.09,282.41,1,1,1,1
62,752,1077.8,88.42,247.13,300.54,1,1,1,1
63,751,423.85,194.53,268.81,277.51,1,1,1,1
63,752,1077.95,89.5,245.08,299.01,1,1,1,1
64,751,432.78,196.47,265.26,273.61,1,1,1,1
64,752,1079.26,89.8,241.58,295.37,1,1,1,1
65,751,438.16,196.97,264.35,272.62,1,1,1,1
65,752,1081.44,89.65,238.67,292.1,1,1,1,1
66,751,442.4,196.71,262.62,270.71,1,1,1,1
66,752,1084.38,91.79,234.65,287.11,1,1,1,1
67,751,444.49,195.68,262.44,270.37,1,1,1,1
67,752,1086.23,91.93,232.6,284.57,1,1,1,1
68,751,445.09,193.87,263.63,271.71,1,1,1,1
68,752,1087.29,86.82,234.39,287.23,1,1,1,1
69,751,445.91,192.08,264.2,272.56,1,1,1,1
69,752,1087.65,83.88,235.57,289.33,1,1,1,1
70,751,446.82,190.2,264.54,273.33,1,1,1,1
70,752,1087.54,81.13,237.38,292.62,1,1,1,1
71,751,448.27,188.2,263.8,272.95,1,1,1,1
71,752,1088.52,80.42,236.83,292.6,1,1,1,1
72,751,449.9,186.36,262.13,271.55,1,1,1,1
72,752,1088.88,78.69,236.26,292.71,1,1,1,1
73,751,450.75,184.48,261.39,271.05,1,1,1,1
73,752,1090.16,77.17,235.37,292.28,1,1,1,1
74,751,452.47,182.0,261.72,272.09,1,1,1,1
74,752,1091.92,75.58,233.3,290.19,1,1,1,1
75,751,454.89,178.91,260.7,271.71,1,1,1,1
75,752,1093.66,73.63,230.77,287.23,1,1,1,1
76,751,457.72,176.18,260.51,272.39,1,1,1,1
76,752,1095.46,69.28,231.12,288.19,1,1,1,1
77,751,461.69,174.6,259.43,272.26,1,1,1,1
77,752,1097.36,68.05,229.6,286.64,1,1,1,1
78,751,465.95,174.06,257.91,271.43,1,1,1,1
78,752,1098.85,69.04,227.43,284.28,1,1,1,1
78,750,0,645.47,43.56,156.94,1,1,1,0
79,751,471.41,174.61,255.41,269.44,1,1,1,1
79,752,1099.03,69.62,225.76,282.68,1,1,1,1
79,750,0,636.55,53.57,166.57,1,1,1,0
80,751,479.68,176.46,251.05,265.51,1,1,1,1
80,752,1098.98,70.74,223.73,280.66,1,1,1,1
80,750,0,629.23,63.27,171.93,1,1,1,0
81,751,485.59,177.7,247.56,262.15,1,1,1,1
81,752,1098.62,71.74,222.04,279.2,1,1,1,1
81,750,0,622.59,71.71,172.65,1,1,1,0
82,751,492.08,178.59,244.7,259.74,1,1,1,1
82,752,1098.7,73.85,219.37,276.39,1,1,1,1
82,750,0,617.14,80.5,173.49,1,1,1,0
83,751,496.97,178.94,242.63,258.28,1,1,1,1
83,752,1099.63,77.42,215.77,272.03,1,1,1,1
83,750,0,613.37,87.03,173.62,1,1,1,0
84,751,499.91,178.99,240.97,257.09,1,1,1,1
84,752,1100.84,80.12,212.71,268.29,1,1,1,1
84,750,0,610.61,92.84,172.71,1,1,1,0
85,751,503.29,179.32,238.73,255.4,1,1,1,1
85,752,1100.99,81.62,210.59,265.87,1,1,1,1
85,750,0,609.01,98.88,169.81,1,1,1,0
86,751,518.94,170.01,224.92,240.57,1,1,1,1
86,752,1112.04,80.49,199.91,252.41,1,1,1,1
86,750,98.42,573.93,122.76,153.14,1,1,1,0
87,751,525.95,165.89,220.2,235.66,1,1,1,1
87,752,1119.05,83.21,193.09,243.47,1,1,1,1
87,750,98.42,573.93,122.76,153.14,1,1,1,0
88,751,532.45,164.66,217.39,233.39,1,1,1,1
88,752,1121.84,82.89,192.12,242.29,1,1,1,1
88,750,103.65,573.56,122.14,152.4,1,1,1,0
89,751,535.61,163.87,216.31,232.69,1,1,1,1
89,752,1124.59,82.5,192.28,242.45,1,1,1,1
89,750,109.54,572.96,120.48,150.27,1,1,1,0
90,751,538.46,163.84,215.47,232.14,1,1,1,1
90,752,1127.55,82.34,191.99,242.04,1,1,1,1
90,750,114.59,573.02,119.81,149.4,1,1,1,0
91,751,542.03,164.69,213.85,230.63,1,1,1,1
91,752,1129.68,84.58,190.94,240.7,1,1,1,1
91,750,119.58,572.83,119.49,148.96,1,1,1,0
92,751,542.92,165.05,213.63,230.38,1,1,1,1
92,752,1131.56,86.76,189.86,239.16,1,1,1,1
92,750,124.2,573.0,118.97,148.21,1,1,1,0
93,751,545.15,166.43,212.69,229.16,1,1,1,1
93,752,1132.63,89.15,189.01,237.89,1,1,1,1
93,750,128.76,572.64,118.83,147.99,1,1,1,0
94,751,547.9,167.89,211.65,227.89,1,1,1,1
94,752,1132.98,89.81,189.88,238.92,1,1,1,1
94,750,133.09,572.94,118.19,147.12,1,1,1,0
95,751,548.52,169.45,211.25,226.89,1,1,1,1
95,752,1133.73,92.42,188.48,236.98,1,1,1,1
95,750,137.1,573.46,117.99,146.84,1,1,1,0
96,751,550.06,170.95,210.65,225.89,1,1,1,1
96,752,1134.17,92.91,188.73,237.19,1,1,1,1
96,750,140.47,574.06,117.95,146.77,1,1,1,0
97,751,551.01,172.12,210.86,225.79,1,1,1,1
97,752,1135.59,95.85,187.84,235.74,1,1,1,1
97,750,144.19,574.69,117.39,145.96,1,1,1,0
98,751,552.21,174.55,210.68,225.22,1,1,1,1
98,752,1135.73,98.67,186.99,234.31,1,1,1,1
98,750,148.06,574.72,117.34,145.88,1,1,1,0
99,751,553.32,176.45,210.7,224.86,1,1,1,1
99,752,1135.66,100.72,187.64,234.8,1,1,1,1
99,750,152.83,575.73,116.62,144.87,1,1,1,0
100,751,555.01,178.75,210.39,224.38,1,1,1,1
100,752,1134.77,101.08,188.75,236.19,1,1,1,1
100,750,156.68,576.5,116.33,144.52,1,1,1,0
101,751,556.03,181.58,210.15,223.65,1,1,1,1
101,752,1134.93,102.01,188.91,236.51,1,1,1,1
101,750,161.59,576.98,115.78,143.81,1,1,1,0
102,751,557.56,184.82,209.0,222.02,1,1,1,1
102,752,1135.9,106.15,186.71,233.63,1,1,1,1
102,750,166.23,577.95,115.08,142.76,1,1,1,0
103,751,559.42,186.99,208.27,221.06,1,1,1,1
103,752,1136.65,109.56,185.07,231.28,1,1,1,1
103,750,170.02,577.9,114.8,142.39,1,1,1,0
104,751,560.93,189.65,207.21,219.64,1,1,1,1
104,752,1137.46,112.77,183.73,229.24,1,1,1,1
104,750,174.61,578.87,114.03,141.28,1,1,1,0
105,751,562.34,191.69,206.6,218.66,1,1,1,1
105,752,1137.27,114.4,183.39,228.63,1,1,1,1
105,750,178.58,578.61,114.14,141.49,1,1,1,0
106,751,563.2,193.4,206.17,217.94,1,1,1,1
106,752,1137.77,116.73,182.49,227.26,1,1,1,1
106,750,182.64,578.7,113.72,140.99,1,1,1,0
107,751,564.32,194.98,205.91,217.51,1,1,1,1
107,752,1138.56,119.93,180.92,224.79,1,1,1,1
107,750,186.63,579.12,113.13,140.03,1,1,1,0
108,751,565.42,196.71,205.12,216.39,1,1,1,1
108,752,1138.74,121.55,180.53,223.82,1,1,1,1
108,750,190.88,579.27,112.89,139.69,1,1,1,0
109,751,566.72,198.09,204.95,216.02,1,1,1,1
109,752,1138.08,121.87,181.43,224.91,1,1,1,1
109,750,195.39,579.31,112.25,138.78,1,1,1,0
110,751,568.91,199.15,204.38,215.52,1,1,1,1
110,752,1138.74,125.31,179.53,221.97,1,1,1,1
110,750,198.94,578.91,112.58,139.27,1,1,1,0
111,751,569.87,200.09,203.78,214.77,1,1,1,1
111,752,1138.5,126.28,179.38,221.56,1,1,1,1
111,750,202.48,578.55,112.18,138.87,1,1,1,0
112,751,571.05,200.98,202.8,213.52,1,1,1,1
112,752,1139.76,127.16,179.01,220.66,1,1,1,1
112,750,205.44,578.61,111.36,137.74,1,1,1,0
113,751,572.34,201.86,202.05,212.69,1,1,1,1
113,752,1139.77,127.42,178.99,220.37,1,1,1,1
113,750,208.69,578.83,110.67,136.74,1,1,1,0
114,751,573.92,202.13,201.88,212.61,1,1,1,1
114,752,1140.36,126.6,179.8,221.35,1,1,1,1
114,750,211.22,578.7,110.3,136.18,1,1,1,0
115,751,576.25,202.49,201.23,212.32,1,1,1,1
115,752,1141.11,126.08,180.22,222.11,1,1,1,1
115,750,213.69,578.25,110.14,136.0,1,1,1,0
116,751,578.35,203.67,199.66,210.74,1,1,1,1
116,752,1143.2,127.14,179.14,220.92,1,1,1,1
116,750,216.27,577.68,110.1,135.95,1,1,1,0
117,751,580.46,203.97,198.5,209.88,1,1,1,1
117,752,1144.41,127.79,178.65,220.61,1,1,1,1
117,750,218.78,577.46,109.55,135.15,1,1,1,0
118,751,582.0,203.74,197.87,209.49,1,1,1,1
118,752,1146.53,129.34,177.09,218.77,1,1,1,1
118,750,220.54,576.78,109.53,135.07,1,1,1,0
119,751,583.12,203.42,197.45,209.18,1,1,1,1
119,752,1148.55,128.62,177.22,219.15,1,1,1,1
119,750,221.53,576.53,109.84,135.46,1,1,1,0
120,751,583.85,202.86,197.36,209.09,1,1,1,1
120,752,1150.7,127.57,178.03,220.27,1,1,1,1
120,750,222.67,576.04,110.0,135.63,1,1,1,0
121,751,584.98,202.63,197.33,209.09,1,1,1,1
121,752,1151.83,126.6,178.42,221.06,1,1,1,1
121,750,223.83,575.46,110.06,135.7,1,1,1,0
122,751,584.83,202.52,197.37,208.71,1,1,1,1
122,752,1154.23,127.1,178.14,220.68,1,1,1,1
122,750,225.7,574.85,109.83,135.34,1,1,1,0
123,751,584.79,202.45,197.26,208.0,1,1,1,1
123,752,1156.22,127.62,177.76,220.2,1,1,1,1
123,750,226.94,574.63,109.76,135.22,1,1,1,0
124,751,594.06,193.82,197.96,207.75,1,1,1,1
124,752,1174.72,125.8,178.74,221.63,1,1,1,1
124,750,237.75,565.18,109.52,134.98,1,1,1,0
125,751,597.6,189.98,198.6,207.48,1,1,1,1
125,752,1181.24,122.36,182.62,227.3,1,1,1,1
125,750,242.21,561.25,108.86,134.11,1,1,1,0
126,751,598.38,187.96,199.6,207.4,1,1,1,1
126,752,1186.34,124.27,183.7,229.18,1,1,1,1
126,750,243.78,559.02,109.27,134.59,1,1,1,0
127,751,598.81,186.64,200.53,207.39,1,1,1,1
127,752,1191.0,128.07,182.38,228.21,1,1,1,1
127,750,244.77,557.24,109.59,134.98,1,1,1,0
128,751,600.62,184.99,201.43,208.0,1,1,1,1
128,752,1195.07,131.21,181.73,227.71,1,1,1,1
128,750,245.0,555.84,109.96,135.53,1,1,1,0
129,751,600.49,183.42,202.46,208.44,1,1,1,1
129,752,1200.42,137.39,178.72,224.07,1,1,1,1
129,750,245.45,554.18,110.05,135.75,1,1,1,0
130,751,600.07,181.57,203.42,208.92,1,1,1,1
130,752,1205.58,140.6,177.79,223.18,1,1,1,1
130,750,245.86,552.82,110.02,135.83,1,1,1,0
131,751,599.7,180.23,204.09,209.01,1,1,1,1
131,752,1208.74,143.05,179.09,225.35,1,1,1,1
131,750,246.68,551.57,109.38,135.07,1,1,1,0
132,751,599.91,179.37,204.32,208.65,1,1,1,1
132,752,1212.78,145.3,179.54,226.36,1,1,1,1
132,750,247.48,550.16,108.78,134.18,1,1,1,0
133,751,600.52,178.5,204.64,208.52,1,1,1,1
133,752,1217.49,146.99,179.81,227.24,1,1,1,1
133,750,247.85,548.9,108.57,133.86,1,1,1,0
134,751,602.26,178.22,204.42,208.28,1,1,1,1
134,752,1222.73,150.59,179.45,227.31,1,1,1,1
134,750,248.05,548.08,108.84,134.14,1,1,1,0
135,751,602.79,178.26,204.31,208.09,1,1,1,1
135,752,1227.64,154.67,178.7,226.93,1,1,1,1
135,750,248.43,547.63,108.8,134.06,1,1,1,0
136,751,603.44,178.61,204.05,207.73,1,1,1,1
136,752,1230.47,151.56,182.91,233.55,1,1,1,1
136,750,248.51,547.51,108.8,134.03,1,1,1,0
137,751,603.32,178.88,204.6,208.29,1,1,1,1
137,752,1234.24,151.08,185.13,237.44,1,1,1,1
137,750,248.53,547.52,108.81,134.03,1,1,1,0
138,751,603.62,179.31,204.64,208.41,1,1,1,1
138,752,1237.17,149.71,187.41,241.41,1,1,1,1
138,750,248.51,547.77,108.98,134.23,1,1,1,0
139,751,603.41,180.2,204.62,208.36,1,1,1,1
139,752,1237.18,139.6,194.93,253.21,1,1,1,1
139,750,248.11,548.3,109.05,134.31,1,1,1,0
140,751,602.04,180.95,204.75,208.35,1,1,1,1
140,752,1238.51,130.94,201.13,263.81,1,1,1,1
140,750,247.6,548.73,108.93,134.15,1,1,1,0
141,751,600.97,181.05,205.04,208.54,1,1,1,1
141,752,1243.13,128.29,202.81,268.11,1,1,1,1
141,750,246.83,548.52,109.18,134.48,1,1,1,0
142,751,601.0,180.9,204.84,208.42,1,1,1,1
142,752,1248.71,131.17,200.27,266.16,1,1,1,1
142,750,245.84,548.07,109.23,134.61,1,1,1,0
143,751,601.21,180.56,204.54,208.47,1,1,1,1
143,752,1253.33,130.13,200.33,268.26,1,1,1,1
143,750,244.56,547.33,109.42,134.86,1,1,1,0
144,751,598.81,180.14,204.56,208.6,1,1,1,1
144,752,1260.12,136.33,196.27,263.57,1,1,1,1
144,750,242.91,546.67,109.42,134.96,1,1,1,0
145,751,596.87,179.79,204.24,208.44,1,1,1,1
145,752,1261.03,132.01,199.34,268.77,1,1,1,1
145,750,240.35,546.24,109.5,135.19,1,1,1,0
146,751,594.61,179.37,203.8,208.09,1,1,1,1
146,752,1264.19,128.83,200.88,272.04,1,1,1,1
146,750,237.6,545.71,109.52,135.28,1,1,1,0
147,751,593.39,179.72,202.19,206.86,1,1,1,1
147,752,1268.39,134.06,196.77,266.96,1,1,1,1
147,750,234.0,545.13,109.31,134.91,1,1,1,0
148,751,589.39,179.36,201.51,206.3,1,1,1,1
148,752,1269.68,134.68,195.47,266.13,1,1,1,1
148,750,228.32,544.13,109.85,135.57,1,1,1,0
149,751,584.91,178.74,200.88,206.0,1,1,1,1
149,752,1267.48,129.7,198.46,271.56,1,1,1,1
149,750,221.79,543.38,110.06,135.82,1,1,1,0
150,751,578.64,177.82,200.53,205.99,1,1,1,1
150,752,1265.47,128.48,198.61,272.92,1,1,1,1
150,750,213.91,542.73,109.93,135.51,1,1,1,0
151,751,570.75,176.88,200.2,205.8,1,1,1,1
151,752,1266.85,134.6,194.1,267.19,1,1,1,1
151,750,205.03,541.11,110.69,136.38,1,1,1,0
152,751,352.13,133.9,205.29,219.27,1,1,1,1
152,750,0,511.07,72.13,142.23,1,1,1,0
152,752,1105.01,131.41,173.7,232.6,1,1,1,1
153,751,352.13,133.9,205.29,219.27,1,1,1,1
153,750,0,511.07,72.13,142.23,1,1,1,0
153,752,1105.01,131.41,173.7,232.6,1,1,1,1
154,751,342.26,131.67,209.63,224.05,1,1,1,1
154,750,0,510.14,64.57,141.77,1,1,1,0
154,752,1099.03,130.29,173.49,232.34,1,1,1,1
155,751,335.23,129.13,208.77,223.29,1,1,1,1
155,750,0,508.89,57.35,143.02,1,1,1,0
155,752,1093.95,131.49,171.12,229.02,1,1,1,1
156,751,329.2,127.08,207.96,222.6,1,1,1,1
156,750,0,509.43,51.65,142.52,1,1,1,0
156,752,1088.48,127.63,171.73,229.76,1,1,1,1
157,751,321.84,124.97,209.83,224.94,1,1,1,1
157,750,0,509.21,45.55,140.59,1,1,1,0
157,752,1082.64,127.82,169.99,227.33,1,1,1,1
158,751,315.95,123.32,208.39,223.55,1,1,1,1
158,750,0,511.08,38.31,137.15,1,1,1,0
158,752,1077.34,127.29,169.61,226.54,1,1,1,1
159,751,311.3,121.67,206.86,222.06,1,1,1,1
159,750,0,513.44,31.93,131.73,1,1,1,0
159,752,1071.05,123.42,171.68,229.2,1,1,1,1
160,751,306.23,120.54,205.78,220.88,1,1,1,1
160,750,0,516.38,21.66,114.23,1,1,1,0
160,752,1064.54,120.73,173.14,230.91,1,1,1,1
161,751,301.52,119.95,204.67,219.48,1,1,1,1
161,750,0,518.49,14.0,105.27,1,1,1,0
161,752,1059.52,121.23,171.63,228.49,1,1,1,1
162,751,296.68,119.2,204.47,218.96,1,1,1,1
162,750,0,522.61,7.57,99.57,1,1,1,0
162,752,1055.48,121.74,169.41,225.1,1,1,1,1
163,751,291.97,118.58,204.62,218.78,1,1,1,1
163,750,0,508.3,0.27,108.35,1,1,1,0
163,752,1050.54,121.47,169.45,224.58,1,1,1,1
164,751,288.43,118.1,204.78,218.63,1,1,1,1
164,752,1046.27,120.35,169.91,224.68,1,1,1,1
165,751,285.55,117.97,205.2,218.79,1,1,1,1
165,752,1041.45,118.76,169.74,224.14,1,1,1,1
166,751,283.29,117.37,206.41,220.06,1,1,1,1
166,752,1038.03,118.76,169.29,223.01,1,1,1,1
167,751,281.48,117.23,207.16,220.69,1,1,1,1
167,752,1035.71,119.9,168.41,221.3,1,1,1,1
168,751,282.52,117.27,207.55,221.28,1,1,1,1
168,752,1033.49,120.06,167.97,219.99,1,1,1,1
169,751,283.32,118.12,207.98,221.5,1,1,1,1
169,752,1032.94,120.35,167.61,218.73,1,1,1,1
170,751,287.66,118.27,208.22,221.78,1,1,1,1
170,752,1033.94,118.87,167.83,218.3,1,1,1,1
171,751,295.87,119.54,207.04,220.48,1,1,1,1
171,752,1038.85,118.94,167.95,217.57,1,1,1,1
172,751,305.04,120.14,207.4,220.69,1,1,1,1
172,752,1047.38,119.89,166.88,215.23,1,1,1,1
172,750,0,518.36,39.65,129.64,1,1,1,0
173,751,318.13,121.68,206.24,219.47,1,1,1,1
173,752,1054.91,119.56,166.85,214.49,1,1,1,1
173,750,0,514.66,53.31,139.28,1,1,1,0
174,751,331.89,123.31,205.32,218.56,1,1,1,1
174,752,1064.5,117.89,168.57,216.0,1,1,1,1
174,750,0,512.97,68.3,143.35,1,1,1,0
175,751,346.7,124.67,204.35,217.28,1,1,1,1
175,752,1072.82,115.44,170.11,217.65,1,1,1,1
175,750,0,513.32,84.33,144.54,1,1,1,0
176,751,362.73,127.08,203.21,216.11,1,1,1,1
176,752,1083.61,112.74,171.99,219.49,1,1,1,1
176,750,0,513.74,100.67,145.37,1,1,1,0
177,751,377.57,129.42,202.0,214.43,1,1,1,1
177,752,1094.72,111.6,172.78,219.95,1,1,1,1
177,750,0,515.19,116.83,144.69,1,1,1,0
178,751,391.87,131.22,202.06,214.27,1,1,1,1
178,752,1103.85,108.42,175.33,222.72,1,1,1,1
178,750,15.91,516.78,117.31,143.29,1,1,1,0
179,751,405.87,132.87,202.27,214.23,1,1,1,1
179,752,1113.4,106.52,177.25,224.7,1,1,1,1
179,750,32.53,518.41,116.23,142.06,1,1,1,0
180,751,419.73,134.85,203.36,215.63,1,1,1,1
180,752,1121.92,102.77,179.72,227.92,1,1,1,1
180,750,48.81,520.03,115.57,141.33,1,1,1,0
181,751,432.73,137.05,202.71,214.88,1,1,1,1
181,752,1131.49,103.66,179.46,227.25,1,1,1,1
181,750,63.99,521.02,115.25,141.01,1,1,1,0
182,751,445.46,138.54,202.29,214.51,1,1,1,1
182,752,1141.43,102.13,179.82,227.31,1,1,1,1
182,750,78.62,522.59,114.14,139.65,1,1,1,0
183,751,458.36,140.8,200.55,212.63,1,1,1,1
183,752,1150.26,103.73,178.49,225.18,1,1,1,1
183,750,92.78,523.55,113.92,139.51,1,1,1,0
184,751,469.28,141.6,201.2,213.34,1,1,1,1
184,752,1159.63,104.2,178.16,224.36,1,1,1,1
184,750,106.53,524.69,112.89,138.24,1,1,1,0
185,751,480.88,143.6,200.27,212.48,1,1,1,1
185,752,1166.75,103.66,178.3,224.19,1,1,1,1
185,750,118.4,525.9,111.98,136.94,1,1,1,0
186,751,488.08,144.5,201.25,213.56,1,1,1,1
186,752,1173.5,102.44,178.86,224.57,1,1,1,1
186,750,128.44,526.32,111.8,136.45,1,1,1,0
187,751,495.49,145.64,200.84,213.14,1,1,1,1
187,752,1178.33,101.56,179.13,224.36,1,1,1,1
187,750,137.0,527.05,111.68,136.06,1,1,1,0
188,751,502.4,147.01,200.67,212.99,1,1,1,1
188,752,1180.17,98.43,181.86,227.12,1,1,1,1
188,750,144.31,527.89,111.84,136.12,1,1,1,0
189,751,508.27,147.38,200.31,212.84,1,1,1,1
189,752,1182.35,97.63,183.01,228.0,1,1,1,1
189,750,150.87,528.18,112.05,136.15,1,1,1,0
190,751,511.88,147.42,200.86,213.24,1,1,1,1
190,752,1185.13,99.45,182.24,226.24,1,1,1,1
190,750,156.48,528.66,112.17,136.16,1,1,1,0
191,751,517.04,147.94,200.57,213.06,1,1,1,1
191,752,1187.4,101.28,181.4,224.45,1,1,1,1
191,750,161.68,529.41,112.36,136.37,1,1,1,0
192,751,521.45,148.79,199.89,212.09,1,1,1,1
192,752,1189.79,100.1,182.38,224.87,1,1,1,1
192,750,166.99,529.67,112.11,136.05,1,1,1,0
193,751,525.65,149.42,199.51,211.59,1,1,1,1
193,752,1193.12,100.82,181.49,222.89,1,1,1,1
193,750,171.57,529.54,112.25,136.13,1,1,1,0
194,751,528.27,149.42,200.12,212.01,1,1,1,1
194,752,1194.14,99.77,182.83,223.69,1,1,1,1
194,750,176.13,529.87,111.72,135.37,1,1,1,0
195,751,531.41,149.74,200.11,211.83,1,1,1,1
195,752,1194.95,97.6,185.33,225.99,1,1,1,1
195,750,179.99,530.37,112.11,135.88,1,1,1,0
196,751,536.53,150.67,199.09,210.72,1,1,1,1
196,752,1195.5,95.85,186.67,227.2,1,1,1,1
196,750,183.97,530.74,111.77,135.48,1,1,1,0
197,751,538.4,151.14,198.93,209.96,1,1,1,1
197,752,1196.45,95.71,186.56,226.76,1,1,1,1
197,750,187.41,530.65,112.14,135.93,1,1,1,0
198,751,539.82,150.54,200.17,210.64,1,1,1,1
198,752,1198.0,96.44,186.23,225.84,1,1,1,1
198,750,191.04,530.41,112.43,136.3,1,1,1,0
199,751,544.32,151.23,199.67,209.76,1,1,1,1
199,752,1199.36,97.29,185.49,224.53,1,1,1,1
199,750,195.24,530.89,112.33,136.24,1,1,1,0
200,751,547.11,151.57,199.88,209.54,1,1,1,1
200,752,1201.7,98.38,184.88,223.09,1,1,1,1
200,750,199.18,531.26,112.36,136.42,1,1,1,0
201,751,550.59,151.92,199.69,209.02,1,1,1,1
201,752,1203.1,100.35,182.99,220.01,1,1,1,1
201,750,203.17,531.59,112.06,136.29,1,1,1,0
202,751,555.1,152.48,199.25,208.58,1,1,1,1
202,752,1204.21,99.5,183.69,220.26,1,1,1,1
202,750,206.51,531.7,112.28,136.63,1,1,1,0
203,751,558.33,152.97,198.83,208.13,1,1,1,1
203,752,1205.94,99.33,184.71,220.82,1,1,1,1
203,750,210.13,531.72,112.28,136.76,1,1,1,0
204,751,561.52,153.43,198.96,208.28,1,1,1,1
204,752,1207.29,99.77,185.51,220.95,1,1,1,1
204,750,213.84,532.52,111.85,136.41,1,1,1,0
205,751,564.06,154.03,199.4,208.69,1,1,1,1
205,752,1208.53,101.08,184.96,219.46,1,1,1,1
205,750,217.11,532.61,112.01,136.88,1,1,1,0
206,751,566.35,154.59,199.74,208.91,1,1,1,1
206,752,1210.17,100.88,185.8,219.61,1,1,1,1
206,750,220.16,532.82,112.14,137.25,1,1,1,0
207,751,569.12,155.57,199.73,209.0,1,1,1,1
207,752,1211.4,102.3,185.14,218.19,1,1,1,1
207,750,223.02,533.29,112.08,137.39,1,1,1,0
208,751,572.03,156.52,199.67,209.04,1,1,1,1
208,752,1212.66,102.78,184.71,217.32,1,1,1,1
208,750,225.82,533.86,111.95,137.44,1,1,1,0
209,751,575.18,157.15,199.25,208.76,1,1,1,1
209,752,1213.64,102.4,184.98,217.36,1,1,1,1
209,750,228.76,534.45,111.56,137.05,1,1,1,0
210,751,577.01,157.86,198.91,208.36,1,1,1,1
210,752,1213.9,99.01,187.55,220.44,1,1,1,1
210,750,231.77,535.06,111.06,136.51,1,1,1,0
211,751,578.66,158.71,199.18,208.41,1,1,1,1
211,752,1213.98,94.95,190.41,223.98,1,1,1,1
211,750,234.25,535.68,111.06,136.7,1,1,1,0
212,751,580.69,159.2,199.19,208.44,1,1,1,1
212,752,1213.83,91.7,193.7,228.24,1,1,1,1
212,750,236.83,536.29,110.64,136.37,1,1,1,0
213,751,582.94,159.56,199.38,208.85,1,1,1,1
213,752,1213.85,91.22,193.88,229.11,1,1,1,1
213,750,238.77,537.1,110.56,136.45,1,1,1,0
214,751,584.71,159.77,199.75,209.51,1,1,1,1
214,752,1214.23,89.0,194.65,230.5,1,1,1,1
214,750,240.45,537.79,110.44,136.48,1,1,1,0
215,751,585.36,160.12,200.31,210.26,1,1,1,1
215,752,1215.23,87.54,193.51,230.06,1,1,1,1
215,750,241.72,538.63,110.46,136.69,1,1,1,0
216,751,586.14,161.13,200.23,210.04,1,1,1,1
216,752,1217.58,88.07,190.61,227.04,1,1,1,1
216,750,242.57,539.32,110.66,137.17,1,1,1,0
217,751,586.83,162.48,199.99,209.76,1,1,1,1
217,752,1218.49,86.27,189.76,226.91,1,1,1,1
217,750,243.44,540.56,110.22,136.75,1,1,1,0
218,751,586.5,164.47,200.11,209.75,1,1,1,1
218,752,1220.24,87.47,187.33,224.61,1,1,1,1
218,750,243.66,542.4,109.84,136.39,1,1,1,0
219,751,586.44,166.78,199.64,209.15,1,1,1,1
219,752,1221.62,88.51,185.26,222.58,1,1,1,1
219,750,243.41,545.06,109.37,135.86,1,1,1,0
220,751,586.06,168.82,199.25,208.72,1,1,1,1
220,752,1220.96,87.43,184.76,222.72,1,1,1,1
220,750,242.7,547.23,109.16,135.66,1,1,1,0
221,751,585.16,170.54,199.08,208.56,1,1,1,1
221,752,1220.3,88.39,182.52,220.44,1,1,1,1
221,750,241.02,549.0,109.45,136.19,1,1,1,0
222,751,583.0,171.55,199.16,208.51,1,1,1,1
222,752,1219.66,88.33,181.2,219.24,1,1,1,1
222,750,238.58,550.82,109.89,136.79,1,1,1,0
223,751,580.61,172.58,199.26,208.39,1,1,1,1
223,752,1217.93,88.92,180.04,218.0,1,1,1,1
223,750,235.89,551.86,109.72,136.61,1,1,1,0
224,751,578.79,173.42,199.3,208.45,1,1,1,1
224,752,1216.78,89.16,178.98,216.76,1,1,1,1
224,750,231.97,553.4,110.01,136.95,1,1,1,0
225,751,574.89,173.1,200.32,209.47,1,1,1,1
225,752,1216.08,89.21,177.92,215.47,1,1,1,1
225,750,226.59,554.73,110.62,137.87,1,1,1,0
226,751,570.58,172.54,201.61,210.65,1,1,1,1
226,752,1214.17,88.29,177.23,214.46,1,1,1,1
226,750,221.0,556.38,111.14,138.61,1,1,1,0
227,751,566.16,172.0,202.91,211.99,1,1,1,1
227,752,1212.3,87.05,177.7,215.01,1,1,1,1
227,750,215.2,557.95,111.2,138.69,1,1,1,0
228,751,560.84,170.97,204.2,213.28,1,1,1,1
228,752,1210.44,84.35,178.65,216.3,1,1,1,1
228,750,207.39,558.89,112.4,140.3,1,1,1,0
229,751,553.99,168.87,205.92,214.85,1,1,1,1
229,752,1208.47,78.17,181.59,220.19,1,1,1,1
229,750,197.31,560.98,113.38,141.49,1,1,1,0
230,751,545.51,164.7,208.91,217.61,1,1,1,1
230,752,1208.66,73.2,184.04,223.44,1,1,1,1
230,750,182.81,563.31,115.46,144.3,1,1,1,0
231,751,536.97,160.74,212.16,221.01,1,1,1,1
231,752,1208.21,68.34,186.07,226.4,1,1,1,1
231,750,169.35,565.13,117.02,146.34,1,1,1,0
232,751,529.65,158.45,213.8,222.67,1,1,1,1
232,752,1207.65,65.12,187.26,228.36,1,1,1,1
232,750,157.48,568.14,117.71,147.09,1,1,1,0
233,751,522.63,157.51,215.97,224.74,1,1,1,1
233,752,1205.9,63.28,188.06,229.67,1,1,1,1
233,750,148.01,570.81,118.58,148.14,1,1,1,0
234,751,516.81,157.27,218.8,227.76,1,1,1,1
234,752,1204.06,62.21,187.96,229.89,1,1,1,1
234,750,139.91,572.95,120.02,150.09,1,1,1,0
235,751,512.06,158.0,220.45,229.66,1,1,1,1
235,752,1202.08,63.76,186.55,228.06,1,1,1,1
235,750,135.12,574.69,121.24,151.79,1,1,1,0
236,751,509.67,159.89,219.94,229.35,1,1,1,1
236,752,1199.66,65.18,185.41,226.29,1,1,1,1
236,750,132.44,577.07,121.47,152.2,1,1,1,0
237,751,508.91,162.71,218.32,227.69,1,1,1,1
237,752,1195.76,66.57,185.44,226.2,1,1,1,1
237,750,130.94,579.48,120.99,151.53,1,1,1,0
238,751,507.13,165.29,216.61,225.52,1,1,1,1
238,752,1191.31,66.29,186.72,227.89,1,1,1,1
238,750,129.68,581.52,120.84,151.24,1,1,1,0
239,751,505.46,167.26,216.22,224.86,1,1,1,1
239,752,1187.69,67.37,186.83,228.18,1,1,1,1
239,750,128.91,583.41,120.74,151.1,1,1,1,0
240,751,503.9,168.69,216.58,225.09,1,1,1,1
240,752,1184.36,69.15,186.13,227.32,1,1,1,1
240,750,127.98,585.45,120.56,150.82,1,1,1,0
241,751,500.66,169.9,218.06,226.25,1,1,1,1
241,752,1181.21,68.06,187.82,229.38,1,1,1,1
241,750,126.72,587.14,120.05,150.1,1,1,1,0
242,751,498.95,171.34,218.61,226.67,1,1,1,1
242,752,1177.58,70.04,187.92,229.54,1,1,1,1
242,750,125.53,589.49,119.42,149.21,1,1,1,0
243,751,497.37,173.05,218.74,226.81,1,1,1,1
243,752,1172.4,69.53,190.95,233.26,1,1,1,1
243,750,123.18,590.71,120.61,150.85,1,1,1,0
244,751,488.98,171.68,239.74,248.31,1,1,1,1
244,752,1186.83,44.9,220.7,268.97,1,1,1,1
244,750,0,657.88,126.98,176.22,1,1,1,0
245,751,494.14,172.9,245.95,254.11,1,1,1,1
245,752,1194.94,35.37,234.99,284.82,1,1,1,1
245,750,0,657.88,126.98,176.22,1,1,1,0
246,751,502.61,173.85,249.28,257.0,1,1,1,1
246,752,1201.16,31.45,242.77,292.44,1,1,1,1
246,750,0,659.0,131.92,176.04,1,1,1,0
247,751,513.61,174.29,250.93,258.49,1,1,1,1
247,752,1205.37,32.12,245.76,294.33,1,1,1,1
247,750,0,660.31,137.09,175.04,1,1,1,0
248,751,523.8,174.83,253.0,261.12,1,1,1,1
248,752,1207.89,32.23,248.1,295.73,1,1,1,1
248,750,1.14,661.59,140.2,174.73,1,1,1,0
249,751,532.22,175.12,254.87,263.88,1,1,1,1
249,752,1211.36,30.97,251.22,297.5,1,1,1,1
249,750,4.71,662.84,139.55,173.78,1,1,1,0
250,751,542.91,177.26,253.09,262.59,1,1,1,1
250,752,1211.83,30.49,253.55,298.5,1,1,1,1
250,750,7.27,663.22,140.06,174.33,1,1,1,0
251,751,552.11,179.25,250.69,260.79,1,1,1,1
251,752,1213.29,29.17,256.73,300.13,1,1,1,1
251,750,8.98,664.14,140.27,174.54,1,1,1,0
252,751,560.65,180.97,247.95,258.43,1,1,1,1
252,752,1214.05,29.69,258.52,299.87,1,1,1,1
252,750,10.66,665.67,140.35,174.64,1,1,1,0
253,751,568.76,182.58,245.8,256.66,1,1,1,1
253,752,1216.26,29.63,261.81,300.74,1,1,1,1
253,750,11.59,667.01,140.31,174.68,1,1,1,0
254,751,576.23,184.74,243.81,255.14,1,1,1,1
254,752,1216.46,24.91,268.88,305.92,1,1,1,1
254,750,12.34,667.86,140.21,174.7,1,1,1,0
255,751,582.55,186.31,242.27,254.12,1,1,1,1
255,752,1215.79,22.54,274.43,309.59,1,1,1,1
255,750,12.65,667.73,140.71,175.52,1,1,1,0
256,751,587.42,187.16,241.93,254.4,1,1,1,1
256,752,1215.49,23.18,277.6,310.39,1,1,1,1
256,750,13.03,668.45,140.8,175.83,1,1,1,0
257,751,591.7,188.53,241.13,254.18,1,1,1,1
257,752,1215.23,23.41,281.22,312.03,1,1,1,1
257,750,13.01,669.49,140.14,175.15,1,1,1,0
258,751,595.08,189.8,240.72,254.47,1,1,1,1
258,752,1215.01,23.47,284.23,313.03,1,1,1,1
258,750,12.55,670.24,139.9,174.89,1,1,1,0
259,751,598.26,190.83,238.79,252.97,1,1,1,1
259,752,1214.69,24.05,286.42,313.2,1,1,1,1
259,750,11.0,670.09,140.41,175.59,1,1,1,0
260,751,599.93,191.77,237.74,252.38,1,1,1,1
260,752,1213.52,23.34,289.95,314.93,1,1,1,1
260,750,9.09,670.8,140.07,175.06,1,1,1,0
261,751,600.8,193.38,236.56,251.65,1,1,1,1
261,752,1210.41,21.63,294.87,318.55,1,1,1,1
261,750,5.61,671.04,140.61,175.66,1,1,1,0
262,751,599.44,194.44,236.97,252.66,1,1,1,1
262,752,1207.69,21.13,299.26,321.72,1,1,1,1
262,750,1.75,671.9,140.79,175.88,1,1,1,0
263,751,596.96,195.49,237.43,253.73,1,1,1,1
263,752,1204.19,25.71,299.04,320.07,1,1,1,1
263,750,0,672.59,138.35,176.76,1,1,1,0
264,751,593.06,196.54,238.55,255.82,1,1,1,1
264,752,1200.96,30.29,298.61,317.74,1,1,1,1
264,750,0,673.62,132.15,176.3,1,1,1,0
265,751,589.19,198.87,237.25,255.01,1,1,1,1
265,752,1197.1,32.45,300.45,317.96,1,1,1,1
265,750,0,673.99,126.7,176.91,1,1,1,0
266,751,585.05,200.61,236.37,254.58,1,1,1,1
266,752,1191.99,36.15,301.28,317.29,1,1,1,1
266,750,0,675.29,121.8,177.14,1,1,1,0
267,751,579.8,201.71,236.16,254.91,1,1,1,1
267,752,1187.41,39.92,302.48,316.97,1,1,1,1
267,750,0,676.15,116.45,177.22,1,1,1,0
268,751,574.43,202.48,235.7,255.02,1,1,1,1
268,752,1180.05,39.74,306.26,319.98,1,1,1,1
268,750,0,677.25,110.81,176.45,1,1,1,0
269,751,568.27,202.12,237.42,257.83,1,1,1,1
269,752,1173.48,41.52,307.41,320.19,1,1,1,1
269,750,0,678.43,104.83,176.15,1,1,1,0
270,751,565.15,203.53,234.97,255.72,1,1,1,1
270,752,1168.04,46.14,305.88,317.83,1,1,1,1
270,750,0,679.24,99.21,176.04,1,1,1,0
271,751,560.75,204.82,234.19,255.28,1,1,1,1
271,752,1162.58,47.05,305.86,316.88,1,1,1,1
271,750,0,680.31,93.24,176.0,1,1,1,0
272,751,557.58,206.16,233.06,254.61,1,1,1,1
272,752,1156.78,47.75,305.14,315.3,1,1,1,1
272,750,0,681.88,86.69,175.98,1,1,1,0
273,751,554.57,207.72,232.44,254.45,1,1,1,1
273,752,1153.12,50.85,303.64,312.78,1,1,1,1
273,750,0,682.83,80.83,176.77,1,1,1,0
274,751,551.95,209.45,232.35,254.79,1,1,1,1
274,752,1147.87,49.68,304.25,312.32,1,1,1,1
274,750,0,683.55,76.23,177.87,1,1,1,0
275,751,549.66,211.66,231.71,254.52,1,1,1,1
275,752,1141.89,46.89,307.94,315.63,1,1,1,1
275,750,0,684.19,71.79,179.87,1,1,1,0
276,751,547.79,213.04,231.26,254.41,1,1,1,1
276,752,1139.02,48.49,308.05,315.38,1,1,1,1
276,750,0,684.79,67.29,180.61,1,1,1,0
277,751,546.66,214.9,231.12,254.77,1,1,1,1
277,752,1135.09,49.07,309.66,316.47,1,1,1,1
277,750,0,686.18,62.9,180.09,1,1,1,0
278,751,547.41,217.64,228.89,252.41,1,1,1,1
278,752,1130.35,50.45,309.86,316.47,1,1,1,1
278,750,0,687.47,58.71,179.08,1,1,1,0
279,751,547.73,219.52,228.36,252.02,1,1,1,1
279,752,1127.68,52.14,310.77,316.85,1,1,1,1
279,750,0,689.51,54.63,177.09,1,1,1,0
280,751,546.5,219.76,231.8,256.67,1,1,1,1
280,752,1124.69,54.54,310.55,315.99,1,1,1,1
280,750,0,691.84,51.51,174.74,1,1,1,0
281,751,547.35,220.8,231.96,257.62,1,1,1,1
281,752,1121.12,54.21,314.02,319.23,1,1,1,1
281,750,0,693.07,49.01,173.86,1,1,1,0
282,751,549.62,221.13,231.62,257.97,1,1,1,1
282,752,1118.28,53.06,318.54,323.81,1,1,1,1
282,750,0,694.29,45.81,171.14,1,1,1,0
283,751,552.45,221.8,230.83,257.69,1,1,1,1
283,752,1116.25,54.97,320.79,325.92,1,1,1,1
283,750,0,695.9,42.59,163.7,1,1,1,0
284,751,556.17,223.3,228.48,255.28,1,1,1,1
284,752,1113.65,55.67,323.94,329.06,1,1,1,1
284,750,0,698.48,38.77,156.87,1,1,1,0
285,751,559.53,223.92,227.71,254.66,1,1,1,1
285,752,1111.85,56.4,325.37,330.51,1,1,1,1
285,750,0,699.77,36.26,154.45,1,1,1,0
286,751,562.94,224.6,227.12,254.32,1,1,1,1
286,752,1112.51,56.35,326.58,331.31,1,1,1,1
286,750,0,701.0,34.15,152.84,1,1,1,0
287,751,565.66,224.22,228.0,255.99,1,1,1,1
287,752,1112.59,58.97,325.56,330.08,1,1,1,1
287,750,0,701.39,32.21,150.71,1,1,1,0
288,751,568.47,225.72,227.29,255.73,1,1,1,1
288,752,1110.98,60.54,325.84,330.35,1,1,1,1
288,750,0,701.48,27.79,147.57,1,1,1,0
289,751,571.57,226.75,226.09,254.73,1,1,1,1
289,752,1111.96,58.41,329.25,333.3,1,1,1,1
289,750,0,702.68,27.21,144.88,1,1,1,0
290,751,574.13,226.6,225.77,254.85,1,1,1,1
290,752,1113.24,60.94,327.25,331.01,1,1,1,1
290,750,0,702.67,25.02,143.99,1,1,1,0
291,751,576.51,225.31,226.11,255.69,1,1,1,1
291,752,1112.78,62.18,326.49,330.19,1,1,1,1
291,750,0,704.24,23.06,142.12,1,1,1,0
292,751,578.69,225.59,225.76,255.61,1,1,1,1
292,752,1114.37,63.31,324.77,327.96,1,1,1,1
292,750,0,705.59,21.51,139.9,1,1,1,0
293,751,580.13,225.47,226.68,257.17,1,1,1,1
293,752,1116.01,62.31,326.9,329.29,1,1,1,1
293,750,0,707.67,18.58,134.3,1,1,1,0
294,751,581.64,225.21,227.37,258.55,1,1,1,1
294,752,1115.82,61.9,327.78,329.38,1,1,1,1
294,750,0,708.79,14.56,129.87,1,1,1,0
295,751,582.93,224.89,227.65,259.46,1,1,1,1
295,752,1117.87,62.81,327.08,327.71,1,1,1,1
295,750,0,709.97,9.92,123.45,1,1,1,0
296,751,584.25,224.95,228.37,260.98,1,1,1,1
296,752,1118.31,63.13,327.13,327.06,1,1,1,1
296,750,0,714.07,7.45,116.29,1,1,1,0
297,751,585.12,225.36,228.6,261.94,1,1,1,1
297,752,1116.42,64.63,326.48,326.41,1,1,1,1
297,750,0,715.46,4.36,115.58,1,1,1,0
298,751,585.92,225.9,228.61,262.68,1,1,1,1
298,752,1116.51,65.96,325.44,325.37,1,1,1,1
298,750,0,716.72,2.61,113.79,1,1,1,0
299,751,586.37,225.89,227.99,262.54,1,1,1,1
299,752,1117.64,66.44,325.67,325.38,1,1,1,1
299,750,0,718.34,2.07,110.82,1,1,1,0
300,751,587.77,225.88,226.0,260.48,1,1,1,1
300,752,1118.8,65.1,327.51,327.28,1,1,1,1
300,750,0,718.04,1.99,109.89,1,1,1,0
301,751,589.79,226.06,223.56,257.69,1,1,1,1
301,752,1119.65,66.95,325.79,325.21,1,1,1,1
301,750,0,715.42,3.7,112.13,1,1,1,0
302,751,591.5,226.21,221.84,255.33,1,1,1,1
302,752,1121.44,70.53,323.8,322.93,1,1,1,1
302,750,0,712.82,10.94,111.4,1,1,1,0
303,751,592.23,225.76,221.73,254.95,1,1,1,1
303,752,1122.53,74.94,320.6,319.58,1,1,1,1
303,750,0,704.13,21.28,129.03,1,1,1,0
304,751,593.8,224.58,221.41,254.42,1,1,1,1
304,752,1120.94,76.96,319.8,319.14,1,1,1,1
304,750,0,697.27,28.21,139.03,1,1,1,0
305,751,594.6,223.54,222.19,255.43,1,1,1,1
305,752,1122.92,81.36,316.33,315.3,1,1,1,1
305,750,0,692.59,36.81,139.28,1,1,1,0
306,751,596.22,223.14,219.76,252.24,1,1,1,1
306,752,1125.28,83.56,315.42,313.89,1,1,1,1
306,750,0,686.86,47.38,154.91,1,1,1,0
307,751,596.99,222.2,218.44,250.24,1,1,1,1
307,752,1127.41,88.17,310.99,308.54,1,1,1,1
307,750,0,680.57,53.67,163.02,1,1,1,0
308,751,598.6,222.05,212.81,242.3,1,1,1,1
308,752,1128.51,90.47,307.1,303.92,1,1,1,1
308,750,0,675.42,56.97,166.99,1,1,1,0
309,751,599.92,221.3,208.37,235.81,1,1,1,1
309,752,1130.0,92.8,303.49,299.49,1,1,1,1
309,750,0,671.14,59.3,169.24,1,1,1,0
310,751,598.33,219.3,207.57,233.79,1,1,1,1
310,752,1129.07,90.9,303.5,299.39,1,1,1,1
310,750,0,668.38,60.74,170.02,1,1,1,0
311,751,596.84,217.58,205.84,230.3,1,1,1,1
311,752,1128.96,88.83,304.26,300.34,1,1,1,1
311,750,0,665.46,61.18,170.99,1,1,1,0
312,751,592.82,215.95,207.06,230.31,1,1,1,1
312,752,1128.56,86.59,304.85,301.36,1,1,1,1
312,750,0,663.64,60.87,170.49,1,1,1,0
313,751,587.67,214.56,208.63,230.8,1,1,1,1
313,752,1132.11,86.1,302.88,299.81,1,1,1,1
313,750,0,662.26,60.55,169.41,1,1,1,0
314,751,582.05,211.67,211.05,232.26,1,1,1,1
314,752,1134.11,86.04,300.82,297.92,1,1,1,1
314,750,0,660.64,60.15,168.91,1,1,1,0
315,751,578.93,211.02,207.88,227.26,1,1,1,1
315,752,1137.38,86.14,296.99,294.11,1,1,1,1
315,750,0,658.94,60.47,169.43,1,1,1,0
316,751,570.84,210.63,214.58,234.32,1,1,1,1
316,752,1140.5,86.5,293.36,290.39,1,1,1,1
316,750,0,656.79,61.54,170.36,1,1,1,0
317,751,568.45,210.51,210.82,229.0,1,1,1,1
317,752,1142.85,84.1,292.41,289.57,1,1,1,1
317,750,0,655.67,62.55,169.86,1,1,1,0
318,751,562.49,210.71,210.02,226.19,1,1,1,1
318,752,1145.02,79.28,295.44,292.65,1,1,1,1
318,750,0,653.75,63.86,169.61,1,1,1,0
319,751,556.73,210.62,211.18,225.59,1,1,1,1
319,752,1147.52,76.44,295.13,292.5,1,1,1,1
319,750,0,651.51,66.72,168.67,1,1,1,0
320,751,549.05,208.6,215.68,229.03,1,1,1,1
320,752,1150.65,75.28,293.75,291.6,1,1,1,1
320,750,0,648.77,70.28,169.06,1,1,1,0
321,751,544.3,207.48,216.58,228.76,1,1,1,1
321,752,1155.35,76.27,290.89,289.1,1,1,1,1
321,750,0,646.62,73.27,168.38,1,1,1,0
322,751,540.88,205.49,213.46,223.5,1,1,1,1
322,752,1160.33,76.47,289.68,288.21,1,1,1,1
322,750,0,645.1,77.19,167.29,1,1,1,0
323,751,531.48,202.76,218.13,226.78,1,1,1,1
323,752,1165.91,75.72,289.68,288.57,1,1,1,1
323,750,0,643.81,81.1,166.85,1,1,1,0
324,751,526.71,200.4,221.89,230.4,1,1,1,1
324,752,1170.91,75.7,288.5,288.1,1,1,1,1
324,750,0,642.61,85.3,166.66,1,1,1,0
325,751,516.23,197.76,229.07,237.34,1,1,1,1
325,752,1176.36,76.21,287.13,287.26,1,1,1,1
325,750,0,641.84,89.19,166.57,1,1,1,0
326,751,510.0,195.63,229.47,236.82,1,1,1,1
326,752,1181.71,77.07,285.01,285.74,1,1,1,1
326,750,0,642.02,91.66,165.73,1,1,1,0
327,751,506.53,194.08,226.56,232.63,1,1,1,1
327,752,1187.82,80.3,280.61,281.3,1,1,1,1
327,750,0,641.76,94.24,166.2,1,1,1,0
328,751,503.23,192.05,225.82,231.32,1,1,1,1
328,752,1193.02,83.18,276.1,276.82,1,1,1,1
328,750,0,641.72,96.49,166.37,1,1,1,0
329,751,491.52,190.65,234.44,240.51,1,1,1,1
329,752,1195.75,84.1,273.39,274.35,1,1,1,1
329,750,0,642.56,98.87,166.42,1,1,1,0
330,751,485.33,189.19,236.03,241.96,1,1,1,1
330,752,1198.42,85.12,272.46,274.01,1,1,1,1
330,750,0,642.92,101.16,166.43,1,1,1,0
331,751,479.21,188.89,236.6,242.09,1,1,1,1
331,752,1202.26,86.43,266.2,268.38,1,1,1,1
331,750,0,643.5,103.6,166.43,1,1,1,0
332,751,474.7,189.32,233.82,237.44,1,1,1,1
332,752,1206.79,87.2,265.51,268.06,1,1,1,1
332,750,0,644.15,106.05,166.42,1,1,1,0
333,751,467.68,189.86,235.39,237.14,1,1,1,1
333,752,1211.13,87.41,263.35,266.26,1,1,1,1
333,750,0,645.22,108.84,166.41,1,1,1,0
334,751,463.39,189.99,240.27,241.7,1,1,1,1
334,752,1214.96,87.05,260.71,263.85,1,1,1,1
334,750,0,646.84,111.04,166.41,1,1,1,0
335,751,459.08,189.98,242.46,243.1,1,1,1,1
335,752,1216.55,85.84,260.79,264.89,1,1,1,1
335,750,0,647.86,114.31,166.4,1,1,1,0
336,751,453.11,190.01,244.59,243.21,1,1,1,1
336,752,1219.39,84.37,260.94,265.74,1,1,1,1
336,750,0,646.66,118.68,167.19,1,1,1,0
337,751,450.79,189.65,245.28,241.64,1,1,1,1
337,752,1223.22,83.71,259.65,264.82,1,1,1,1
337,750,0,647.01,123.89,166.69,1,1,1,0
338,751,448.83,189.15,248.07,241.81,1,1,1,1
338,752,1228.15,83.66,258.78,264.33,1,1,1,1
338,750,2.06,647.54,128.45,166.49,1,1,1,0
339,751,450.73,188.29,250.51,242.16,1,1,1,1
339,752,1233.55,84.89,257.53,263.54,1,1,1,1
339,750,8.37,647.75,128.74,165.62,1,1,1,0
340,751,450.77,185.9,257.05,247.14,1,1,1,1
340,752,1237.95,83.95,258.49,264.7,1,1,1,1
340,750,15.6,647.43,129.67,166.08,1,1,1,0
341,751,454.4,184.63,259.96,249.0,1,1,1,1
341,752,1243.25,85.39,257.68,263.57,1,1,1,1
341,750,22.19,647.71,130.31,166.26,1,1,1,0
342,751,454.89,182.6,265.63,254.03,1,1,1,1
342,752,1246.34,85.78,258.14,264.13,1,1,1,1
342,750,29.0,648.61,130.29,165.53,1,1,1,0
343,751,463.39,181.85,265.41,254.33,1,1,1,1
343,752,1249.36,87.16,257.52,263.72,1,1,1,1
343,750,36.19,649.75,129.89,164.45,1,1,1,0
344,751,468.2,181.61,267.11,256.36,1,1,1,1
344,752,1252.53,89.17,257.74,263.7,1,1,1,1
344,750,42.93,649.78,130.46,164.85,1,1,1,0
345,751,475.02,181.16,267.04,257.09,1,1,1,1
345,752,1255.64,91.51,256.91,262.72,1,1,1,1
345,750,49.6,650.58,130.42,164.21,1,1,1,0
346,751,481.81,181.32,266.3,257.41,1,1,1,1
346,752,1256.49,94.62,256.99,262.73,1,1,1,1
346,750,56.18,652.07,130.58,163.97,1,1,1,0
347,751,490.99,181.91,264.63,257.39,1,1,1,1
347,752,1256.53,97.25,257.33,263.05,1,1,1,1
347,750,61.25,653.02,130.82,163.88,1,1,1,0
348,751,495.21,182.95,263.19,256.54,1,1,1,1
348,752,1257.52,98.9,258.47,264.09,1,1,1,1
348,750,65.74,653.36,131.14,163.86,1,1,1,0
349,751,498.6,183.47,260.47,253.69,1,1,1,1
349,752,1256.79,101.22,257.73,263.56,1,1,1,1
349,750,69.32,653.87,131.37,163.86,1,1,1,0
350,751,503.52,184.08,258.96,252.18,1,1,1,1
350,752,1256.37,103.09,257.53,263.32,1,1,1,1
350,750,72.69,654.44,131.59,163.86,1,1,1,0
351,751,510.73,185.92,254.05,246.81,1,1,1,1
351,752,1255.0,104.19,258.12,263.99,1,1,1,1
351,750,75.49,655.44,131.76,163.87,1,1,1,0
352,751,516.94,186.93,252.23,244.47,1,1,1,1
352,752,1254.34,104.8,258.51,264.2,1,1,1,1
352,750,77.76,655.4,132.36,164.67,1,1,1,0
353,751,520.27,187.0,252.49,243.92,1,1,1,1
353,752,1254.27,106.08,258.17,263.59,1,1,1,1
353,750,79.83,655.76,132.64,164.98,1,1,1,0
353,763,1152.94,351.96,18.52,23.14,1,1,1,0
354,751,521.23,186.72,256.93,248.24,1,1,1,1
354,752,1253.71,105.81,259.0,264.07,1,1,1,1
354,750,81.79,656.28,132.2,164.3,1,1,1,0
354,763,1154.05,352.2,18.76,23.43,1,1,1,0
355,751,523.94,187.61,257.43,248.27,1,1,1,1
355,752,1252.89,106.01,260.45,265.1,1,1,1,1
355,750,83.44,656.86,132.06,164.04,1,1,1,0
355,763,1155.81,352.51,18.85,23.52,1,1,1,0
356,751,527.46,187.94,257.38,247.89,1,1,1,1
356,752,1251.4,106.3,261.69,266.04,1,1,1,1
356,750,84.9,657.85,131.54,163.15,1,1,1,0
356,763,1156.95,352.83,18.53,23.08,1,1,1,0
357,751,533.13,188.86,257.2,248.15,1,1,1,1
357,752,1248.93,106.42,262.73,267.14,1,1,1,1
357,750,85.74,658.21,131.47,162.81,1,1,1,0
357,763,1158.29,353.14,18.12,22.5,1,1,1,0
358,751,535.21,189.7,258.78,250.14,1,1,1,1
358,752,1247.42,106.13,264.24,268.65,1,1,1,1
358,750,85.59,658.33,132.11,163.49,1,1,1,0
358,763,1158.5,353.02,18.36,22.73,1,1,1,0
359,751,538.35,190.1,258.19,250.19,1,1,1,1
359,752,1245.91,105.4,265.05,269.21,1,1,1,1
359,750,85.09,658.75,132.44,163.75,1,1,1,0
359,763,1158.52,353.38,18.48,22.82,1,1,1,0
360,751,539.83,190.84,256.94,249.41,1,1,1,1
360,752,1243.28,105.54,264.71,268.76,1,1,1,1
360,750,84.21,659.29,132.59,163.85,1,1,1,0
360,763,1158.05,353.51,18.55,22.86,1,1,1,0
361,751,540.83,191.1,256.32,249.1,1,1,1,1
361,752,1239.43,105.52,265.5,269.62,1,1,1,1
361,750,82.75,659.08,133.21,164.69,1,1,1,0
361,763,1157.42,353.75,18.61,22.87,1,1,1,0
362,751,541.49,192.29,254.28,247.09,1,1,1,1
362,752,1235.63,105.44,265.73,270.19,1,1,1,1
362,750,82.1,659.38,132.86,164.21,1,1,1,0
362,763,1156.08,354.03,18.37,22.47,1,1,1,0
363,751,543.04,193.62,253.29,246.23,1,1,1,1
363,752,1231.02,105.6,265.47,270.39,1,1,1,1
363,750,83.29,659.08,132.2,163.23,1,1,1,0
363,763,1155.06,354.74,17.65,21.51,1,1,1,0
364,751,545.18,195.2,251.41,244.42,1,1,1,1
364,752,1226.63,107.13,264.36,269.55,1,1,1,1
364,750,85.57,658.55,131.28,162.06,1,1,1,0
364,763,1153.49,355.61,18.12,21.99,1,1,1,0
365,751,546.87,197.07,249.36,242.45,1,1,1,1
365,752,1222.23,109.49,263.55,269.03,1,1,1,1
365,750,90.46,658.34,129.75,160.03,1,1,1,0
365,763,1151.3,357.32,18.33,22.16,1,1,1,0
366,751,550.63,200.35,247.17,240.53,1,1,1,1
366,752,1216.01,113.14,262.96,269.22,1,1,1,1
366,750,97.4,657.45,128.47,158.47,1,1,1,0
366,763,1147.99,359.55,17.78,21.42,1,1,1,0
367,751,555.99,205.55,243.71,237.43,1,1,1,1
367,752,1209.43,118.33,260.21,267.05,1,1,1,1
367,750,108.22,655.91,126.64,156.3,1,1,1,0
368,751,562.47,211.07,239.51,233.49,1,1,1,1
368,752,1201.36,125.53,254.57,261.93,1,1,1,1
368,750,121.85,654.13,124.48,153.91,1,1,1,0
369,751,570.55,217.59,234.68,229.34,1,1,1,1
369,752,1192.45,132.3,248.38,256.09,1,1,1,1
369,750,138.68,652.26,121.22,149.82,1,1,1,0
370,751,577.75,225.48,228.93,223.72,1,1,1,1
370,752,1182.15,137.3,244.25,252.58,1,1,1,1
370,750,155.53,649.55,118.55,146.72,1,1,1,0
371,751,585.96,232.35,223.78,218.87,1,1,1,1
371,752,1173.95,145.14,237.37,245.84,1,1,1,1
371,750,172.37,646.55,115.7,143.21,1,1,1,0
372,751,594.22,239.61,218.66,214.34,1,1,1,1
372,752,1166.05,152.65,232.07,240.51,1,1,1,1
372,750,189.5,643.45,113.34,140.35,1,1,1,0
373,751,602.79,246.6,213.35,209.53,1,1,1,1
373,752,1157.21,161.34,226.68,235.4,1,1,1,1
373,750,206.54,639.1,111.65,138.56,1,1,1,0
374,751,611.07,252.95,207.94,204.52,1,1,1,1
374,752,1148.32,169.25,221.13,230.17,1,1,1,1
374,750,224.41,635.94,107.96,133.93,1,1,1,0
375,751,617.41,259.17,203.08,199.55,1,1,1,1
375,752,1140.58,175.82,217.71,226.95,1,1,1,1
375,750,241.34,632.4,104.74,129.85,1,1,1,0
376,751,626.89,265.22,196.63,193.08,1,1,1,1
376,752,1132.46,184.73,211.02,220.41,1,1,1,1
376,750,258.83,629.15,101.7,126.01,1,1,1,0
377,751,634.74,271.82,191.7,188.32,1,1,1,1
377,752,1125.44,192.47,206.75,215.9,1,1,1,1
377,750,275.28,625.6,99.42,123.08,1,1,1,0
378,751,642.86,277.68,186.34,183.06,1,1,1,1
378,752,1119.4,201.68,200.23,208.8,1,1,1,1
378,750,290.6,621.95,97.4,120.49,1,1,1,0
379,751,648.16,282.56,185.05,182.26,1,1,1,1
379,752,1113.16,208.57,197.28,205.66,1,1,1,1
379,750,304.65,618.68,95.33,118.03,1,1,1,0
380,751,655.72,287.89,179.47,176.92,1,1,1,1
380,752,1108.33,216.12,192.23,200.19,1,1,1,1
380,750,317.38,615.76,93.0,115.0,1,1,1,0
381,751,661.61,291.54,175.65,173.39,1,1,1,1
381,752,1103.11,222.07,189.49,197.14,1,1,1,1
381,750,326.52,613.18,91.86,113.6,1,1,1,0
382,751,665.48,293.68,172.06,169.82,1,1,1,1
382,752,1098.22,228.05,185.76,192.94,1,1,1,1
382,750,332.66,610.51,90.53,111.77,1,1,1,0
383,751,668.9,294.85,169.63,167.46,1,1,1,1
383,752,1093.72,229.23,186.46,193.52,1,1,1,1
383,750,336.57,607.81,89.78,110.6,1,1,1,0
384,751,669.26,294.28,169.35,167.16,1,1,1,1
384,752,1089.91,229.75,187.55,194.78,1,1,1,1
384,750,338.25,605.71,89.35,109.86,1,1,1,0
385,751,669.31,293.21,168.31,166.07,1,1,1,1
385,752,1087.66,230.34,187.79,194.96,1,1,1,1
385,750,338.33,602.82,89.5,109.88,1,1,1,0
386,751,668.82,291.86,167.85,165.39,1,1,1,1
386,752,1084.51,229.35,188.63,195.95,1,1,1,1
386,750,336.67,600.04,89.83,110.16,1,1,1,0
387,751,666.74,290.34,171.25,169.2,1,1,1,1
387,752,1080.97,228.62,188.13,196.0,1,1,1,1
387,750,334.15,597.3,89.98,110.13,1,1,1,0
388,751,666.76,288.72,170.0,168.27,1,1,1,1
388,752,1079.3,228.0,187.89,196.1,1,1,1,1
388,750,331.47,594.97,90.59,110.79,1,1,1,0
389,751,666.99,286.61,168.87,167.2,1,1,1,1
389,752,1076.5,226.84,187.79,196.61,1,1,1,1
389,750,329.44,592.4,90.49,110.48,1,1,1,0
390,751,667.21,283.75,169.66,168.47,1,1,1,1
390,752,1073.64,223.11,189.75,199.25,1,1,1,1
390,750,327.33,590.14,90.36,110.2,1,1,1,0
391,751,667.69,281.66,168.24,167.4,1,1,1,1
391,752,1071.89,220.94,190.19,200.19,1,1,1,1
391,750,324.63,588.0,90.65,110.34,1,1,1,0
392,751,666.66,280.04,170.01,169.86,1,1,1,1
392,752,1069.88,218.36,190.24,200.67,1,1,1,1
392,750,322.07,586.09,90.83,110.43,1,1,1,0
393,751,665.62,278.84,170.32,170.81,1,1,1,1
393,752,1068.68,216.15,189.47,200.09,1,1,1,1
393,750,319.71,584.07,91.12,110.69,1,1,1,0
394,751,665.4,277.68,169.2,170.11,1,1,1,1
394,752,1066.99,212.79,190.37,201.19,1,1,1,1
394,750,316.51,582.01,91.71,111.41,1,1,1,0
395,751,665.42,276.34,167.7,168.98,1,1,1,1
395,752,1065.27,209.42,191.54,202.71,1,1,1,1
395,750,312.84,580.13,92.0,111.71,1,1,1,0
396,751,665.49,276.05,166.96,168.58,1,1,1,1
396,752,1063.88,207.36,191.74,203.1,1,1,1,1
396,750,309.4,578.71,92.15,111.84,1,1,1,0
397,751,664.94,276.15,166.2,168.06,1,1,1,1
397,752,1062.08,205.79,191.42,202.86,1,1,1,1
397,750,306.67,577.87,92.25,111.9,1,1,1,0
398,751,664.08,276.79,166.37,168.69,1,1,1,1
398,752,1060.43,203.02,191.89,203.57,1,1,1,1
398,750,303.28,576.64,92.53,112.13,1,1,1,0
399,751,663.52,277.04,166.89,169.74,1,1,1,1
399,752,1059.61,201.21,192.26,203.84,1,1,1,1
399,750,300.28,575.85,92.62,112.23,1,1,1,0
400,751,663.83,277.74,166.05,169.36,1,1,1,1
400,752,1058.73,198.77,192.96,204.14,1,1,1,1
400,750,297.94,575.23,92.72,112.28,1,1,1,0
401,751,664.39,278.4,164.82,168.44,1,1,1,1
401,752,1058.74,197.88,192.72,203.07,1,1,1,1
401,750,295.28,574.67,93.09,112.7,1,1,1,0
402,751,665.23,279.65,162.3,166.11,1,1,1,1
402,752,1059.14,196.19,192.82,202.26,1,1,1,1
402,750,291.99,574.32,93.5,113.06,1,1,1,0
403,751,665.02,280.32,161.58,165.65,1,1,1,1
403,752,1059.53,194.7,192.93,201.26,1,1,1,1
403,750,288.97,573.85,94.21,114.0,1,1,1,0
404,751,665.23,280.66,159.94,164.0,1,1,1,1
404,752,1058.22,193.08,194.43,201.99,1,1,1,1
404,750,286.45,573.72,94.56,114.35,1,1,1,0
405,751,663.3,280.67,160.15,164.11,1,1,1,1
405,752,1057.3,190.93,196.35,203.47,1,1,1,1
405,750,284.58,573.52,94.25,113.89,1,1,1,0
406,751,663.16,280.67,159.07,162.98,1,1,1,1
406,752,1056.34,188.47,198.41,205.32,1,1,1,1
406,750,281.93,573.5,94.16,113.71,1,1,1,0
407,751,662.76,279.96,158.58,162.28,1,1,1,1
407,752,1056.5,188.68,197.83,204.14,1,1,1,1
407,750,279.28,573.53,94.38,114.04,1,1,1,0
408,751,662.1,279.38,158.65,162.34,1,1,1,1
408,752,1055.43,186.83,199.17,205.07,1,1,1,1
408,750,276.81,572.98,94.65,114.36,1,1,1,0
409,751,661.17,278.37,159.26,163.19,1,1,1,1
409,752,1055.53,186.57,198.75,204.03,1,1,1,1
409,750,274.62,572.21,95.2,115.08,1,1,1,0
410,751,658.97,276.79,160.84,165.12,1,1,1,1
410,752,1055.57,183.74,201.44,206.62,1,1,1,1
410,750,271.98,571.95,95.41,115.35,1,1,1,0
411,751,657.6,275.8,160.96,165.47,1,1,1,1
411,752,1055.71,180.84,203.84,208.87,1,1,1,1
411,750,269.56,571.28,95.68,115.64,1,1,1,0
412,751,655.48,274.15,161.86,166.5,1,1,1,1
412,752,1056.56,180.08,204.39,208.83,1,1,1,1
412,750,267.33,571.06,95.79,115.75,1,1,1,0
413,751,653.85,272.44,161.53,166.0,1,1,1,1
413,752,1056.93,177.77,206.92,211.07,1,1,1,1
413,750,265.84,570.61,95.87,115.78,1,1,1,0
414,751,652.02,271.22,161.49,165.81,1,1,1,1
414,752,1056.75,175.07,209.33,213.58,1,1,1,1
414,750,264.44,570.46,95.36,114.99,1,1,1,0
415,751,650.53,269.58,161.54,165.74,1,1,1,1
415,752,1058.38,173.61,210.78,214.81,1,1,1,1
415,750,262.41,569.64,95.81,115.49,1,1,1,0
416,751,648.81,268.3,162.38,166.61,1,1,1,1
416,752,1059.03,171.83,212.07,216.13,1,1,1,1
416,750,260.98,569.55,95.57,115.07,1,1,1,0
417,751,646.27,267.15,164.16,168.43,1,1,1,1
417,752,1060.41,170.82,212.64,216.61,1,1,1,1
417,750,259.44,569.14,95.44,114.91,1,1,1,0
418,751,644.95,265.85,164.05,168.03,1,1,1,1
418,752,1061.38,169.21,213.52,217.24,1,1,1,1
418,750,257.88,569.01,95.4,114.85,1,1,1,0
419,751,644.48,265.0,164.02,167.86,1,1,1,1
419,752,1062.56,167.27,214.57,218.05,1,1,1,1
419,750,256.2,567.99,95.91,115.43,1,1,1,0
420,751,643.79,263.81,164.33,168.1,1,1,1,1
420,752,1063.69,166.1,215.94,219.21,1,1,1,1
420,750,254.72,567.62,96.15,115.64,1,1,1,0
421,751,642.99,262.6,164.81,168.57,1,1,1,1
421,752,1064.59,165.12,217.04,220.22,1,1,1,1
421,750,253.46,567.3,96.77,116.32,1,1,1,0
422,751,641.93,261.19,165.78,169.55,1,1,1,1
422,752,1065.73,163.81,217.77,220.96,1,1,1,1
422,750,252.05,567.0,97.21,116.77,1,1,1,0
423,751,641.39,260.09,165.7,169.51,1,1,1,1
423,752,1066.67,162.98,218.17,221.61,1,1,1,1
423,750,250.42,566.71,97.52,117.13,1,1,1,0
424,751,640.28,259.12,165.97,169.88,1,1,1,1
424,752,1067.15,162.72,217.99,221.62,1,1,1,1
424,750,248.87,566.22,97.93,117.66,1,1,1,0
425,751,639.58,258.2,165.9,170.01,1,1,1,1
425,752,1067.51,161.48,218.69,222.59,1,1,1,1
425,750,247.33,566.06,98.12,117.85,1,1,1,0
426,751,639.18,257.69,165.42,169.66,1,1,1,1
426,752,1068.39,161.46,218.18,222.33,1,1,1,1
426,750,245.56,565.81,97.79,117.32,1,1,1,0
427,751,636.61,257.04,166.15,170.41,1,1,1,1
427,752,1068.19,160.7,218.2,222.8,1,1,1,1
427,750,243.17,565.74,97.76,117.11,1,1,1,0
428,751,634.21,255.73,166.99,171.38,1,1,1,1
428,752,1067.81,159.67,219.13,224.14,1,1,1,1
428,750,240.85,565.53,97.91,117.22,1,1,1,0
429,751,632.63,255.08,167.13,171.74,1,1,1,1
429,752,1068.05,158.13,219.87,225.02,1,1,1,1
429,750,237.78,565.86,98.0,117.26,1,1,1,0
430,751,630.09,254.66,167.17,171.86,1,1,1,1
430,752,1067.49,156.89,220.59,225.82,1,1,1,1
430,750,234.33,565.8,98.58,117.87,1,1,1,0
431,751,626.54,254.15,167.7,172.3,1,1,1,1
431,752,1066.27,154.98,221.66,227.19,1,1,1,1
431,750,230.83,565.98,99.27,118.69,1,1,1,0
432,751,623.37,253.19,169.26,174.04,1,1,1,1
432,752,1065.38,152.61,222.86,228.57,1,1,1,1
432,750,227.27,565.87,99.69,119.19,1,1,1,0
433,751,619.85,251.67,171.42,176.66,1,1,1,1
433,752,1064.6,152.1,222.6,228.33,1,1,1,1
433,750,224.05,565.83,99.88,119.37,1,1,1,0
434,751,616.82,250.33,171.8,177.25,1,1,1,1
434,752,1062.87,150.43,223.74,229.73,1,1,1,1
434,750,220.79,566.02,100.12,119.63,1,1,1,0
435,751,614.1,249.86,171.85,177.44,1,1,1,1
435,752,1061.98,149.39,223.84,229.89,1,1,1,1
435,750,216.81,566.1,100.53,120.11,1,1,1,0
436,751,611.49,249.12,172.37,178.29,1,1,1,1
436,752,1061.44,148.26,223.88,229.92,1,1,1,1
436,750,213.31,565.94,100.87,120.49,1,1,1,0
437,751,608.74,248.47,172.86,178.98,1,1,1,1
437,752,1060.17,146.14,224.83,230.85,1,1,1,1
437,750,209.6,566.08,101.51,121.21,1,1,1,0
438,751,605.8,247.67,173.22,179.61,1,1,1,1
438,752,1059.18,144.19,225.81,231.57,1,1,1,1
438,750,206.14,566.14,101.41,121.08,1,1,1,0
439,751,603.25,247.1,173.81,180.52,1,1,1,1
439,752,1056.71,142.27,227.61,233.45,1,1,1,1
439,750,202.28,565.76,102.3,122.21,1,1,1,0
440,751,599.67,245.82,175.65,182.92,1,1,1,1
440,752,1054.96,140.65,229.15,235.08,1,1,1,1
440,750,198.8,566.22,102.32,122.03,1,1,1,0
441,751,597.29,244.68,176.16,183.91,1,1,1,1
441,752,1054.76,141.57,228.83,234.38,1,1,1,1
441,750,194.94,566.2,102.46,122.15,1,1,1,0
441,764,1106.15,371.07,21.71,26.52,1,1,1,0
441,765,962.6,366.13,14.46,16.27,1,1,1,0
442,751,594.56,244.17,176.8,184.94,1,1,1,1
442,752,1054.01,140.99,230.09,235.27,1,1,1,1
442,750,191.16,566.2,103.21,122.97,1,1,1,0
442,764,1105.22,371.67,21.34,26.05,1,1,1,0
442,765,961.58,366.13,14.46,16.27,1,1,1,0
443,751,591.73,244.41,176.83,185.3,1,1,1,1
443,752,1053.04,140.71,230.77,235.68,1,1,1,1
443,750,186.86,566.0,103.91,123.87,1,1,1,0
443,764,1104.62,371.87,20.85,25.43,1,1,1,0
443,765,960.3,366.13,14.46,16.27,1,1,1,0
444,751,588.99,243.45,177.16,185.9,1,1,1,1
444,752,1052.81,140.9,231.18,235.36,1,1,1,1
444,750,183.08,566.52,103.94,124.0,1,1,1,0
444,764,1102.89,372.61,21.1,25.71,1,1,1,0
444,765,958.76,366.35,14.08,15.82,1,1,1,0
445,751,586.19,242.22,177.81,186.79,1,1,1,1
445,752,1051.58,140.37,232.06,235.66,1,1,1,1
445,750,180.05,567.31,103.61,123.44,1,1,1,0
445,764,1101.49,372.61,21.2,25.81,1,1,1,0
445,765,957.23,366.21,14.34,16.12,1,1,1,0
446,751,583.18,241.58,178.16,187.1,1,1,1,1
446,752,1050.98,139.65,233.49,236.29,1,1,1,1
446,750,176.0,567.41,103.98,123.8,1,1,1,0
446,764,1099.84,371.95,21.97,26.71,1,1,1,0
446,765,955.66,365.94,14.08,15.79,1,1,1,0
447,751,580.66,240.67,178.85,187.88,1,1,1,1
447,752,1050.16,138.72,235.25,237.21,1,1,1,1
447,750,172.04,567.25,104.26,124.13,1,1,1,0
447,764,1098.56,371.5,22.89,27.85,1,1,1,0
447,765,954.74,365.43,14.01,15.68,1,1,1,0
448,751,579.27,240.06,179.35,188.64,1,1,1,1
448,752,1049.23,138.35,235.99,237.19,1,1,1,1
448,750,168.29,566.99,104.92,124.84,1,1,1,0
448,764,1097.49,371.34,22.9,27.86,1,1,1,0
448,765,953.66,365.04,13.93,15.64,1,1,1,0
449,751,576.95,239.37,180.92,190.78,1,1,1,1
449,752,1048.27,137.65,238.29,238.94,1,1,1,1
449,750,164.68,566.49,105.46,125.49,1,1,1,0
449,764,1096.62,371.07,22.31,27.04,1,1,1,0
449,765,952.88,364.7,13.96,15.63,1,1,1,0
450,751,574.65,239.52,181.36,191.57,1,1,1,1
450,752,1047.31,137.22,239.99,240.18,1,1,1,1
450,750,161.74,567.09,105.08,124.94,1,1,1,0
450,764,1095.93,371.58,22.12,26.72,1,1,1,0
450,765,952.19,364.99,13.26,14.82,1,1,1,0
451,751,572.91,239.42,182.01,192.43,1,1,1,1
451,752,1046.74,137.43,241.07,240.87,1,1,1,1
451,750,159.05,567.72,105.37,125.11,1,1,1,0
451,764,1094.88,372.78,22.09,26.6,1,1,1,0
451,765,951.74,364.9,12.68,14.1,1,1,1,0
452,751,570.81,239.5,182.74,193.41,1,1,1,1
452,752,1046.13,137.73,242.28,242.1,1,1,1,1
452,750,156.62,567.76,105.77,125.36,1,1,1,0
452,764,1094.05,373.63,21.44,25.74,1,1,1,0
452,765,950.78,365.09,12.53,13.86,1,1,1,0
453,751,569.22,239.65,183.96,195.24,1,1,1,1
453,752,1045.89,138.57,242.78,242.63,1,1,1,1
453,750,154.63,568.36,105.53,124.85,1,1,1,0
453,764,1093.32,374.14,21.32,25.42,1,1,1,0
453,765,949.88,365.16,12.84,14.19,1,1,1,0
454,751,567.84,240.22,184.52,196.39,1,1,1,1
454,752,1045.57,138.71,243.43,243.4,1,1,1,1
454,750,152.09,568.79,105.88,125.25,1,1,1,0
454,764,1092.24,374.32,21.37,25.31,1,1,1,0
454,765,949.18,365.59,12.97,14.32,1,1,1,0
455,751,565.23,240.26,186.09,198.77,1,1,1,1
455,752,1045.06,137.54,245.27,245.5,1,1,1,1
455,750,149.41,569.74,106.09,125.39,1,1,1,0
455,764,1090.77,374.78,21.17,24.87,1,1,1,0
455,765,948.55,365.75,13.03,14.37,1,1,1,0
456,751,564.2,241.27,186.11,199.25,1,1,1,1
456,752,1044.75,137.55,246.61,247.01,1,1,1,1
456,750,147.57,570.49,106.25,125.43,1,1,1,0
456,764,1089.47,375.75,21.1,24.71,1,1,1,0
456,765,947.94,366.21,13.07,14.4,1,1,1,0
457,751,562.59,241.38,186.9,200.67,1,1,1,1
457,752,1045.39,137.67,247.19,248.04,1,1,1,1
457,750,145.77,570.96,106.56,125.64,1,1,1,0
457,764,1088.96,378.11,20.4,23.85,1,1,1,0
457,765,947.75,366.18,13.09,14.41,1,1,1,0
458,751,562.03,240.93,187.41,201.86,1,1,1,1
458,752,1046.77,138.03,246.72,247.91,1,1,1,1
458,750,143.49,571.32,107.1,126.31,1,1,1,0
458,764,1088.75,379.38,20.28,23.54,1,1,1,0
458,765,947.7,366.17,13.11,14.42,1,1,1,0
459,751,560.98,240.37,188.61,203.86,1,1,1,1
459,752,1049.09,139.66,244.55,245.73,1,1,1,1
459,750,141.55,571.65,107.43,126.76,1,1,1,0
459,764,1088.27,380.43,20.32,23.43,1,1,1,0
459,765,948.08,366.16,12.39,13.63,1,1,1,0
460,751,558.62,239.37,191.34,207.73,1,1,1,1
460,752,1049.59,139.45,244.86,246.32,1,1,1,1
460,750,139.59,572.35,107.45,126.72,1,1,1,0
460,765,948.27,365.74,12.12,13.33,1,1,1,0
461,751,557.33,238.9,193.23,211.03,1,1,1,1
461,752,1050.49,138.03,245.9,247.66,1,1,1,1
461,750,138.38,572.61,107.55,126.69,1,1,1,0
461,765,948.76,365.8,12.03,13.23,1,1,1,0
462,751,556.87,238.63,193.99,213.13,1,1,1,1
462,752,1051.96,137.5,245.62,247.55,1,1,1,1
462,750,137.48,573.09,107.72,126.67,1,1,1,0
462,765,949.36,365.61,12.0,13.2,1,1,1,0
463,751,556.75,238.54,194.87,215.45,1,1,1,1
463,752,1052.58,136.81,246.54,248.78,1,1,1,1
463,750,136.96,573.65,107.91,126.66,1,1,1,0
463,765,950.4,365.55,11.99,13.19,1,1,1,0
464,751,557.5,238.52,194.66,216.66,1,1,1,1
464,752,1053.61,136.95,247.23,249.62,1,1,1,1
464,750,136.2,574.25,108.69,127.44,1,1,1,0
464,765,951.6,365.72,12.0,13.19,1,1,1,0
465,751,558.25,238.72,194.72,218.25,1,1,1,1
465,752,1055.06,137.61,247.33,249.92,1,1,1,1
465,750,135.84,575.25,109.06,127.73,1,1,1,0
465,765,952.85,365.99,12.0,13.2,1,1,1,0
466,751,558.39,238.8,194.1,218.79,1,1,1,1
466,752,1056.85,138.12,247.99,250.35,1,1,1,1
466,750,134.85,576.41,109.84,128.63,1,1,1,0
466,765,953.56,366.49,12.32,13.61,1,1,1,0
467,751,557.6,239.24,193.44,218.93,1,1,1,1
467,752,1059.4,139.16,247.23,249.65,1,1,1,1
467,750,133.45,577.43,110.67,129.55,1,1,1,0
467,765,954.32,367.27,12.22,13.36,1,1,1,0
468,751,557.61,240.4,190.84,216.56,1,1,1,1
468,752,1059.81,138.47,248.77,251.45,1,1,1,1
468,750,132.0,578.59,111.01,129.89,1,1,1,0
468,765,954.57,367.77,12.24,13.27,1,1,1,0
469,751,556.07,240.55,190.59,216.68,1,1,1,1
469,752,1060.25,139.24,247.92,251.27,1,1,1,1
469,750,130.83,579.99,110.7,129.41,1,1,1,0
469,765,954.46,368.15,12.63,13.64,1,1,1,0
470,751,553.8,240.7,191.75,218.38,1,1,1,1
470,752,1060.66,140.44,247.02,250.68,1,1,1,1
470,750,129.63,580.9,110.61,129.22,1,1,1,0
470,765,954.56,368.48,12.48,13.39,1,1,1,0
471,751,551.77,240.96,191.23,217.8,1,1,1,1
471,752,1060.76,140.14,247.52,251.78,1,1,1,1
471,750,128.17,581.61,110.7,129.13,1,1,1,0
471,765,954.24,368.6,13.12,14.09,1,1,1,0
472,751,550.39,241.55,190.73,217.05,1,1,1,1
472,752,1061.54,140.47,246.96,251.54,1,1,1,1
472,750,126.63,581.85,111.43,129.89,1,1,1,0
472,765,954.12,368.63,13.34,14.35,1,1,1,0
473,751,547.9,240.88,192.18,218.81,1,1,1,1
473,752,1062.66,140.49,247.42,252.32,1,1,1,1
473,750,125.42,582.11,111.93,130.36,1,1,1,0
473,765,953.92,368.44,13.73,14.84,1,1,1,0
474,751,546.34,240.22,192.46,219.06,1,1,1,1
474,752,1062.69,139.74,248.72,253.94,1,1,1,1
474,750,124.28,582.58,112.2,130.53,1,1,1,0
474,765,954.01,368.76,13.53,14.63,1,1,1,0
474,766,1036.39,388.43,13.7,14.95,1,1,1,0
475,751,544.59,240.17,191.79,217.93,1,1,1,1
475,752,1063.27,140.15,248.8,253.85,1,1,1,1
475,750,122.77,582.74,112.91,131.38,1,1,1,0
475,765,953.83,369.07,13.86,14.94,1,1,1,0
475,766,1036.35,388.66,13.77,15.04,1,1,1,0
476,751,542.09,239.16,192.93,218.67,1,1,1,1
476,752,1065.66,140.51,248.01,252.79,1,1,1,1
476,750,121.15,583.37,112.99,131.5,1,1,1,0
476,765,953.35,369.18,14.02,15.06,1,1,1,0
476,766,1036.14,388.27,14.19,15.54,1,1,1,0
477,751,539.47,237.59,194.22,219.72,1,1,1,1
477,752,1067.35,141.23,246.88,251.38,1,1,1,1
477,750,119.38,584.18,112.65,130.93,1,1,1,0
477,765,952.97,369.41,13.67,14.71,1,1,1,0
477,766,1035.9,387.48,14.68,16.13,1,1,1,0
478,751,535.44,236.6,196.33,221.29,1,1,1,1
478,752,1067.93,141.11,247.29,251.83,1,1,1,1
478,750,117.47,584.66,113.11,131.3,1,1,1,0
478,765,952.43,369.5,13.52,14.56,1,1,1,0
478,766,1036.02,387.63,14.43,15.9,1,1,1,0
479,751,532.54,235.45,198.6,223.05,1,1,1,1
479,752,1067.91,139.66,248.64,253.59,1,1,1,1
479,750,115.2,584.82,113.91,132.23,1,1,1,0
479,765,952.07,369.52,13.77,14.91,1,1,1,0
479,766,1036.06,388.77,13.51,14.96,1,1,1,0
480,751,529.66,234.63,200.55,224.48,1,1,1,1
480,752,1068.98,139.41,248.54,253.75,1,1,1,1
480,750,113.64,585.26,113.68,131.78,1,1,1,0
480,765,951.72,369.92,13.51,14.64,1,1,1,0
480,766,1035.25,388.76,13.13,14.6,1,1,1,0
481,751,527.73,233.94,202.5,226.19,1,1,1,1
481,752,1070.61,140.85,246.77,252.06,1,1,1,1
481,750,111.81,585.4,114.2,132.39,1,1,1,0
481,765,951.03,370.06,13.72,14.93,1,1,1,0
481,766,1034.82,387.92,14.14,15.74,1,1,1,0
482,751,525.57,233.3,203.63,226.4,1,1,1,1
482,752,1072.94,141.65,245.38,250.55,1,1,1,1
482,750,110.04,585.84,114.52,132.61,1,1,1,0
482,765,949.64,369.92,14.5,15.83,1,1,1,0
482,766,1035.04,388.22,13.76,15.34,1,1,1,0
483,751,522.22,232.28,206.28,228.03,1,1,1,1
483,752,1075.94,141.65,243.74,248.89,1,1,1,1
483,750,108.25,585.78,114.77,132.88,1,1,1,0
483,765,949.11,370.05,14.05,15.39,1,1,1,0
483,766,1034.74,388.35,13.59,15.17,1,1,1,0
484,751,519.21,230.83,208.29,228.52,1,1,1,1
484,752,1078.4,141.04,243.19,248.27,1,1,1,1
484,750,106.61,586.14,115.15,133.37,1,1,1,0
484,765,948.37,369.7,14.14,15.61,1,1,1,0
484,766,1034.24,388.4,13.52,15.11,1,1,1,0
485,751,517.7,229.41,211.3,230.35,1,1,1,1
485,752,1080.38,140.71,242.77,247.54,1,1,1,1
485,750,105.69,586.86,114.82,132.96,1,1,1,0
485,765,947.74,369.56,14.12,15.68,1,1,1,0
485,766,1034.27,388.62,13.06,14.68,1,1,1,0
486,751,517.85,228.5,212.9,230.62,1,1,1,1
486,752,1081.4,140.58,243.96,248.48,1,1,1,1
486,750,104.71,587.31,114.88,132.98,1,1,1,0
486,765,947.54,369.51,14.07,15.71,1,1,1,0
486,766,1034.27,388.9,12.95,14.52,1,1,1,0
487,751,518.01,227.68,215.0,231.57,1,1,1,1
487,752,1082.53,140.48,245.22,249.49,1,1,1,1
487,750,103.94,588.06,115.46,133.58,1,1,1,0
487,765,947.1,369.88,14.0,15.72,1,1,1,0
487,766,1034.27,389.01,12.93,14.46,1,1,1,0
487,767,1083.21,372.03,24.92,30.25,1,1,1,0
488,751,519.74,227.7,215.71,231.01,1,1,1,1
488,752,1085.08,141.19,244.92,249.13,1,1,1,1
488,750,103.76,588.72,115.72,133.8,1,1,1,0
488,765,946.97,370.22,13.93,15.71,1,1,1,0
488,766,1034.88,389.45,12.52,14.04,1,1,1,0
488,767,1083.16,372.83,24.08,29.23,1,1,1,0
489,751,520.03,227.84,216.81,230.46,1,1,1,1
489,752,1088.8,141.36,244.37,248.5,1,1,1,1
489,750,104.04,589.75,115.81,133.88,1,1,1,0
489,765,947.35,370.54,13.87,15.71,1,1,1,0
489,766,1034.91,389.61,12.78,14.29,1,1,1,0
489,767,1083.24,373.33,24.57,29.85,1,1,1,0
490,751,520.43,227.91,218.28,230.22,1,1,1,1
490,752,1092.66,141.37,243.9,247.92,1,1,1,1
490,750,104.26,590.72,116.3,134.49,1,1,1,0
490,765,948.07,370.66,13.51,15.31,1,1,1,0
490,766,1034.76,389.26,13.2,14.79,1,1,1,0
490,767,1083.9,373.91,24.36,29.6,1,1,1,0
491,751,520.62,227.67,220.37,230.81,1,1,1,1
491,752,1095.84,141.72,242.95,246.36,1,1,1,1
491,750,105.11,591.66,116.63,134.92,1,1,1,0
491,765,948.91,371.1,13.07,14.75,1,1,1,0
491,766,1036.1,389.72,12.94,14.58,1,1,1,0
491,767,1085.03,374.08,24.23,29.52,1,1,1,0
492,751,522.34,228.19,222.05,231.01,1,1,1,1
492,752,1098.39,142.5,242.52,245.53,1,1,1,1
492,750,106.45,592.39,116.8,135.07,1,1,1,0
492,765,949.07,371.26,13.23,14.95,1,1,1,0
492,766,1037.05,389.7,12.79,14.5,1,1,1,0
492,767,1086.08,374.32,24.53,29.93,1,1,1,0
493,751,525.04,228.31,223.19,230.56,1,1,1,1
493,752,1102.36,142.98,241.77,245.24,1,1,1,1
493,750,107.68,593.24,116.8,134.91,1,1,1,0
493,765,949.93,371.11,13.29,15.02,1,1,1,0
493,766,1038.37,389.48,12.4,14.07,1,1,1,0
493,767,1087.19,373.77,25.62,31.32,1,1,1,0
494,751,526.35,228.27,224.61,230.48,1,1,1,1
494,752,1105.23,142.16,241.77,245.74,1,1,1,1
494,750,109.32,593.53,116.53,134.45,1,1,1,0
494,765,951.05,371.25,13.31,15.05,1,1,1,0
494,766,1039.67,389.4,12.24,13.91,1,1,1,0
494,767,1089.63,374.77,24.33,29.8,1,1,1,0
495,751,528.68,228.26,224.42,228.44,1,1,1,1
495,752,1109.84,142.09,240.12,244.69,1,1,1,1
495,750,110.83,594.02,116.41,134.26,1,1,1,0
495,765,952.42,371.09,13.01,14.66,1,1,1,0
495,766,1040.99,388.56,12.9,14.65,1,1,1,0
495,767,1091.93,375.14,23.48,28.78,1,1,1,0
496,751,529.2,227.87,227.02,229.25,1,1,1,1
496,752,1113.57,142.31,237.73,243.27,1,1,1,1
496,750,112.14,594.97,116.67,134.59,1,1,1,0
496,765,953.48,371.23,12.61,14.11,1,1,1,0
496,766,1041.85,388.25,13.14,14.93,1,1,1,0
496,767,1093.2,374.85,23.86,29.25,1,1,1,0
497,751,532.01,228.73,228.27,228.76,1,1,1,1
497,752,1117.36,143.59,235.87,242.34,1,1,1,1
497,750,113.57,595.51,116.83,134.9,1,1,1,0
497,765,954.24,371.48,12.51,13.91,1,1,1,0
497,766,1042.91,388.73,12.53,14.25,1,1,1,0
497,767,1095.45,373.93,24.38,29.82,1,1,1,0
498,751,533.84,229.67,230.33,229.36,1,1,1,1
498,752,1122.81,145.87,232.92,239.82,1,1,1,1
498,750,115.34,596.28,117.0,135.22,1,1,1,0
498,765,954.52,371.16,13.26,14.65,1,1,1,0
498,766,1043.7,389.12,12.28,13.98,1,1,1,0
498,767,1096.98,373.98,24.71,30.03,1,1,1,0
499,751,536.02,230.82,230.99,228.39,1,1,1,1
499,752,1128.45,148.26,231.22,238.54,1,1,1,1
499,750,116.81,597.34,117.11,135.33,1,1,1,0
499,765,955.04,371.24,13.47,14.92,1,1,1,0
499,766,1044.78,389.27,12.18,13.88,1,1,1,0
499,767,1097.91,373.79,24.82,30.11,1,1,1,0
500,751,557.19,240.43,240.91,237.19,1,1,1,1
500,752,1172.85,156.1,232.32,242.35,1,1,1,1
500,750,118.65,610.65,118.86,137.55,1,1,1,0
500,765,953.8,373.84,13.23,14.63,1,1,1,0
500,766,1045.96,392.93,12.14,13.85,1,1,1,0
501,751,564.23,244.19,245.19,240.46,1,1,1,1
501,752,1191.48,158.79,231.84,244.19,1,1,1,1
501,750,118.11,616.81,118.98,137.59,1,1,1,0
501,765,952.1,374.64,13.14,14.51,1,1,1,0
501,766,1044.56,393.09,12.54,14.24,1,1,1,0
502,751,566.43,246.19,247.34,241.68,1,1,1,1
502,752,1199.65,160.75,230.05,244.3,1,1,1,1
502,750,116.21,619.47,119.56,138.39,1,1,1,0
502,765,949.63,374.92,13.55,14.87,1,1,1,0
502,766,1042.88,392.94,12.6,14.38,1,1,1,0
503,751,566.95,247.69,247.87,241.31,1,1,1,1
503,752,1204.9,163.41,227.55,242.75,1,1,1,1
503,750,113.73,620.0,119.68,138.67,1,1,1,0
503,765,947.52,375.02,13.74,15.01,1,1,1,0
503,766,1041.19,393.27,12.29,14.04,1,1,1,0
504,751,566.07,248.21,248.88,241.52,1,1,1,1
504,752,1209.34,162.56,227.4,242.97,1,1,1,1
504,750,110.68,620.89,119.72,138.77,1,1,1,0
504,765,944.96,375.04,14.16,15.45,1,1,1,0
504,766,1039.33,393.57,12.17,13.91,1,1,1,0
504,767,1098.6,375.35,25.32,30.14,1,1,1,0
505,751,564.2,248.35,249.63,241.56,1,1,1,1
505,752,1211.48,162.37,227.38,243.05,1,1,1,1
505,750,107.94,621.54,119.74,138.79,1,1,1,0
505,765,943.37,375.04,14.01,15.23,1,1,1,0
505,766,1037.79,394.27,12.24,13.87,1,1,1,0
505,767,1096.9,375.49,25.16,29.72,1,1,1,0
506,751,562.57,248.95,249.91,241.14,1,1,1,1
506,752,1211.9,160.86,229.16,245.09,1,1,1,1
506,750,104.89,622.11,119.83,138.78,1,1,1,0
506,765,940.78,375.22,13.99,15.14,1,1,1,0
506,766,1035.39,394.32,11.9,13.45,1,1,1,0
506,767,1095.42,375.54,24.51,28.77,1,1,1,0
507,751,560.84,249.23,249.82,240.26,1,1,1,1
507,752,1211.48,158.85,230.89,247.04,1,1,1,1
507,750,101.04,623.04,119.93,138.77,1,1,1,0
507,765,937.67,375.08,14.32,15.5,1,1,1,0
507,766,1033.13,394.32,12.1,13.7,1,1,1,0
507,767,1092.91,375.75,24.92,29.23,1,1,1,0
508,751,557.58,248.99,251.01,240.59,1,1,1,1
508,752,1212.12,158.95,230.67,246.69,1,1,1,1
508,750,96.93,624.12,120.55,139.55,1,1,1,0
508,765,935.11,375.22,14.13,15.24,1,1,1,0
508,766,1030.28,394.12,12.28,13.79,1,1,1,0
508,767,1089.12,376.62,26.81,31.8,1,1,1,0
509,751,554.57,248.46,252.48,241.49,1,1,1,1
509,752,1213.3,159.66,229.84,245.25,1,1,1,1
509,750,92.38,624.86,120.81,139.83,1,1,1,0
509,765,931.78,375.46,14.08,15.14,1,1,1,0
509,766,1027.46,394.22,12.7,14.23,1,1,1,0
509,767,1087.52,376.94,26.37,31.2,1,1,1,0
510,751,549.47,248.62,254.28,243.0,1,1,1,1
510,752,1213.0,159.3,231.8,246.29,1,1,1,1
510,750,87.13,624.68,122.17,141.52,1,1,1,0
510,765,927.77,375.54,14.09,15.1,1,1,1,0
510,766,1024.36,394.85,12.29,13.6,1,1,1,0
510,767,1083.8,377.65,25.23,29.75,1,1,1,0
511,751,543.8,248.26,256.82,245.53,1,1,1,1
511,752,1212.57,159.05,233.23,246.38,1,1,1,1
511,750,81.0,625.75,122.13,141.35,1,1,1,0
511,765,923.68,375.76,13.8,14.68,1,1,1,0
511,766,1020.17,395.48,11.76,12.95,1,1,1,0
511,767,1079.85,377.5,24.26,28.38,1,1,1,0
512,751,539.14,248.4,257.21,246.17,1,1,1,1
512,752,1210.02,157.94,235.04,247.41,1,1,1,1
512,750,72.87,626.49,122.28,141.27,1,1,1,0
512,766,1015.6,395.3,12.03,13.12,1,1,1,0
512,767,1074.33,378.45,23.16,27.07,1,1,1,0
