1,2050,632.21,0,548.44,746.12,1,1,1,1
1,2051,1237.9,467.68,21.7,27.72,1,1,1,0
1,2052,1840.58,385.41,19.29,20.49,1,1,1,0
1,2053,1289.73,450.5,24.11,26.52,1,1,1,0
1,2054,1287.32,452.01,24.11,28.33,1,1,1,0
2,2050,633.3,0,545.21,754.48,1,1,1,1
2,2051,1237.9,467.68,21.7,27.72,1,1,1,0
2,2052,1840.58,385.67,19.29,20.49,1,1,1,0
2,2053,1289.73,450.5,24.11,26.52,1,1,1,0
2,2054,1286.34,456.72,21.88,25.71,1,1,1,0
3,2050,634.79,7.17,543.94,752.52,1,1,1,1
3,2051,1237.9,467.68,21.7,27.72,1,1,1,0
3,2052,1839.43,385.72,19.71,20.96,1,1,1,0
3,2053,1290.47,450.74,24.52,26.99,1,1,1,0
3,2054,1286.95,456.78,21.91,25.76,1,1,1,0
4,2050,637.83,17.85,542.1,748.84,1,1,1,1
4,2051,1238.99,467.68,21.35,27.26,1,1,1,0
4,2052,1839.07,385.96,19.83,21.11,1,1,1,0
4,2053,1290.7,450.58,24.63,27.14,1,1,1,0
4,2054,1286.39,457.2,21.56,25.34,1,1,1,0
5,2050,636.39,26.53,547.18,755.13,1,1,1,1
5,2051,1239.33,467.68,21.26,27.12,1,1,1,0
5,2052,1838.99,386.03,19.84,21.15,1,1,1,0
5,2053,1290.77,450.75,24.64,27.17,1,1,1,0
5,2054,1287.12,457.52,21.48,25.23,1,1,1,0
6,2050,635.25,34.03,545.8,751.94,1,1,1,1
6,2051,1239.26,467.68,21.57,27.51,1,1,1,0
6,2052,1838.33,386.27,19.44,20.72,1,1,1,0
6,2053,1290.61,450.8,24.98,27.61,1,1,1,0
6,2054,1287.35,457.81,21.47,25.21,1,1,1,0
7,2050,634.23,38.81,544.78,749.13,1,1,1,1
7,2051,1240.22,467.89,21.37,27.23,1,1,1,0
7,2052,1838.11,386.34,19.3,20.56,1,1,1,0
7,2053,1291.57,451.03,24.71,27.33,1,1,1,0
7,2054,1287.59,458.1,21.15,24.79,1,1,1,0
8,2050,637.86,42.46,541.39,742.96,1,1,1,1
8,2051,1240.54,467.96,21.32,27.13,1,1,1,0
8,2052,1837.22,386.36,19.25,20.51,1,1,1,0
8,2053,1292.09,451.11,24.24,26.81,1,1,1,0
8,2054,1289.29,454.81,22.86,26.76,1,1,1,0
9,2050,635.87,34.37,560.0,770.52,1,1,1,1
9,2051,1240.63,467.99,21.32,27.1,1,1,1,0
9,2052,1837.09,386.78,18.89,20.08,1,1,1,0
9,2053,1292.27,451.13,24.07,26.61,1,1,1,0
9,2054,1289.86,454.06,23.48,27.45,1,1,1,0
10,2050,640.94,40.54,553.49,763.18,1,1,1,1
10,2051,1240.63,468.2,21.34,27.09,1,1,1,0
10,2052,1836.05,387.13,19.13,20.33,1,1,1,0
10,2053,1293.3,451.34,23.69,26.13,1,1,1,0
10,2054,1291.01,453.39,23.42,27.31,1,1,1,0
11,2050,650.73,42.07,546.48,755.57,1,1,1,1
11,2051,1241.43,468.28,21.37,27.09,1,1,1,0
11,2052,1835.86,387.45,18.88,20.02,1,1,1,0
11,2053,1293.74,451.42,23.39,25.95,1,1,1,0
11,2054,1290.44,454.15,23.74,27.64,1,1,1,0
12,2050,663.66,57.02,530.02,733.27,1,1,1,1
12,2051,1241.56,468.3,21.67,27.5,1,1,1,0
12,2052,1834.99,387.77,18.82,19.91,1,1,1,0
12,2053,1293.83,451.64,23.4,25.89,1,1,1,0
12,2054,1291.0,454.25,23.86,27.76,1,1,1,0
13,2050,678.31,59.34,522.76,724.75,1,1,1,1
13,2051,1241.6,468.31,21.78,27.65,1,1,1,0
13,2052,1834.67,388.08,18.82,19.87,1,1,1,0
13,2053,1294.9,451.52,22.92,25.47,1,1,1,0
13,2054,1290.54,455.09,23.62,27.4,1,1,1,0
14,2050,700.43,66.67,505.83,702.89,1,1,1,1
14,2051,1241.6,468.31,21.81,27.71,1,1,1,0
14,2052,1833.76,388.19,18.85,19.86,1,1,1,0
14,2053,1295.47,451.67,22.37,24.91,1,1,1,0
14,2054,1290.58,457.03,23.05,26.86,1,1,1,0
15,2050,724.16,75.89,489.38,680.06,1,1,1,1
15,2051,1241.74,468.31,21.55,27.33,1,1,1,0
15,2052,1832.45,388.02,19.21,20.26,1,1,1,0
15,2053,1295.51,451.73,22.47,25.12,1,1,1,0
15,2054,1290.36,456.14,23.28,27.05,1,1,1,0
16,2050,745.23,86.18,476.16,661.54,1,1,1,1
16,2051,1241.76,468.51,21.46,27.18,1,1,1,0
16,2052,1831.99,387.95,19.34,20.41,1,1,1,0
16,2053,1295.85,451.94,21.83,24.4,1,1,1,0
16,2054,1291.84,453.82,23.41,27.12,1,1,1,0
17,2050,763.41,89.46,465.31,646.37,1,1,1,1
17,2051,1242.56,468.58,21.44,27.13,1,1,1,0
17,2052,1831.85,387.91,19.39,20.47,1,1,1,0
17,2053,1295.64,451.82,22.24,24.94,1,1,1,0
17,2054,1292.52,453.54,23.2,26.74,1,1,1,0
18,2050,787.76,99.18,452.69,629.18,1,1,1,1
18,2051,1242.84,468.8,21.45,27.11,1,1,1,0
18,2052,1831.18,388.29,19.07,20.09,1,1,1,0
18,2053,1295.47,451.77,22.56,25.15,1,1,1,0
18,2054,1291.78,454.85,23.47,27.0,1,1,1,0
19,2050,805.66,106.76,441.59,612.11,1,1,1,1
19,2051,1242.68,468.88,21.96,27.51,1,1,1,0
19,2052,1830.95,388.63,18.97,19.95,1,1,1,0
19,2053,1295.35,451.95,22.76,25.23,1,1,1,0
19,2054,1291.33,455.14,23.9,27.49,1,1,1,0
20,2050,823.66,113.43,430.56,596.86,1,1,1,1
20,2051,1242.7,469.11,21.99,27.26,1,1,1,0
20,2052,1830.07,388.95,18.96,19.89,1,1,1,0
20,2053,1295.26,452.21,22.91,25.26,1,1,1,0
20,2054,1290.76,457.23,23.25,26.88,1,1,1,0
21,2050,840.64,122.85,419.57,580.05,1,1,1,1
21,2051,1242.46,468.79,22.45,27.96,1,1,1,0
21,2052,1829.75,389.27,18.97,19.88,1,1,1,0
21,2053,1295.19,452.51,23.03,25.28,1,1,1,0
21,2054,1290.96,455.43,23.75,27.45,1,1,1,0
22,2050,858.21,131.1,409.95,565.68,1,1,1,1
22,2051,1244.0,468.48,20.94,25.85,1,1,1,0
22,2052,1828.85,389.38,18.99,19.87,1,1,1,0
22,2053,1294.17,452.42,23.44,25.69,1,1,1,0
22,2054,1290.93,456.94,22.54,26.07,1,1,1,0
23,2050,874.67,137.27,403.84,556.33,1,1,1,1
23,2051,1247.98,467.12,20.14,24.61,1,1,1,0
23,2052,1828.52,389.41,19.02,19.87,1,1,1,0
23,2053,1294.57,452.58,23.62,25.84,1,1,1,0
23,2054,1290.77,457.32,22.36,25.94,1,1,1,0
24,2050,892.13,147.61,392.89,540.57,1,1,1,1
24,2052,1827.61,389.42,19.04,19.87,1,1,1,0
24,2053,1293.91,452.63,23.72,25.9,1,1,1,0
24,2054,1290.72,457.66,22.26,25.89,1,1,1,0
24,2055,0,322.07,157.53,260.6,1,1,1,0
25,2050,907.94,155.77,385.41,529.46,1,1,1,1
25,2052,1827.4,389.21,18.84,19.87,1,1,1,0
25,2053,1292.23,452.65,25.02,27.51,1,1,1,0
25,2055,0,327.93,182.32,258.55,1,1,1,0
26,2050,922.21,163.94,378.6,519.22,1,1,1,1
26,2052,1826.32,389.13,19.21,20.27,1,1,1,0
26,2053,1292.73,452.27,24.81,27.33,1,1,1,0
26,2055,8.7,331.77,202.23,249.39,1,1,1,0
27,2050,933.83,170.17,371.71,509.19,1,1,1,1
27,2052,1825.15,389.29,19.34,20.42,1,1,1,0
27,2053,1292.95,452.31,24.69,27.25,1,1,1,0
27,2055,46.62,330.44,188.57,229.11,1,1,1,0
28,2050,942.41,172.72,365.27,499.72,1,1,1,1
28,2052,1824.73,389.35,19.38,20.48,1,1,1,0
28,2053,1293.47,452.52,23.76,26.42,1,1,1,0
28,2055,72.15,327.51,197.84,237.87,1,1,1,0
29,2050,947.24,171.8,360.66,493.01,1,1,1,1
29,2052,1823.64,389.37,19.71,20.9,1,1,1,0
29,2053,1293.88,452.4,23.01,25.69,1,1,1,0
29,2055,107.91,322.12,186.32,220.05,1,1,1,0
30,2050,946.38,170.07,357.27,487.27,1,1,1,1
30,2052,1822.48,389.57,19.8,21.05,1,1,1,0
30,2053,1292.83,452.35,23.52,26.23,1,1,1,0
30,2055,138.24,319.06,180.11,208.79,1,1,1,0
31,2050,941.05,165.55,357.62,488.07,1,1,1,1
31,2052,1821.29,389.84,19.8,21.11,1,1,1,0
31,2053,1289.66,452.53,26.09,29.2,1,1,1,0
31,2055,160.14,316.79,189.07,216.7,1,1,1,0
32,2050,931.58,164.15,356.91,486.29,1,1,1,1
32,2052,1820.09,390.34,19.77,21.13,1,1,1,0
32,2053,1288.67,452.79,26.7,29.92,1,1,1,0
32,2055,188.85,316.89,182.7,206.18,1,1,1,0
33,2050,929.94,165.71,341.15,461.12,1,1,1,1
33,2052,1819.04,390.72,19.41,20.74,1,1,1,0
33,2053,1287.93,452.89,26.09,29.42,1,1,1,0
33,2055,212.61,317.03,185.69,207.71,1,1,1,0
34,2050,916.98,164.47,345.89,465.79,1,1,1,1
34,2052,1818.03,391.06,18.96,20.18,1,1,1,0
34,2053,1286.76,453.13,26.04,29.6,1,1,1,0
34,2055,232.54,317.53,191.43,212.52,1,1,1,0
35,2050,904.78,162.96,351.83,472.7,1,1,1,1
35,2052,1816.87,391.58,18.82,19.97,1,1,1,0
35,2053,1286.39,453.21,25.92,29.65,1,1,1,0
35,2055,249.71,316.72,202.5,224.54,1,1,1,0
35,2056,1237.01,470.81,22.52,26.76,1,1,1,0
36,2050,889.32,164.63,360.26,483.65,1,1,1,1
36,2052,1814.85,392.17,18.8,19.9,1,1,1,0
36,2053,1285.12,453.44,26.58,30.45,1,1,1,0
36,2055,275.74,318.03,199.94,220.71,1,1,1,0
36,2056,1235.11,470.94,23.49,27.91,1,1,1,0
37,2050,878.8,167.18,362.2,486.74,1,1,1,1
37,2052,1813.32,392.58,18.82,19.87,1,1,1,0
37,2053,1284.67,453.52,26.81,30.75,1,1,1,0
37,2055,296.87,321.61,200.11,220.91,1,1,1,0
37,2056,1234.39,471.0,23.86,28.34,1,1,1,0
38,2050,860.59,162.99,369.21,495.17,1,1,1,1
38,2052,1812.78,392.92,18.86,19.87,1,1,1,0
38,2053,1283.88,453.75,26.58,30.46,1,1,1,0
38,2055,317.35,324.96,205.27,227.05,1,1,1,0
38,2056,1234.41,471.23,23.53,28.02,1,1,1,0
39,2050,847.82,160.96,370.41,495.26,1,1,1,1
39,2052,1811.64,393.04,19.22,20.26,1,1,1,0
39,2053,1283.31,454.23,27.08,31.13,1,1,1,0
39,2055,339.31,329.76,204.79,227.78,1,1,1,0
39,2056,1233.63,471.73,23.34,27.88,1,1,1,0
40,2050,840.99,156.56,374.36,501.76,1,1,1,1
40,2052,1811.25,393.27,19.35,20.41,1,1,1,0
40,2053,1282.2,454.6,27.52,31.76,1,1,1,0
40,2055,361.79,334.17,199.02,222.11,1,1,1,0
40,2056,1233.25,472.12,23.54,28.24,1,1,1,0
41,2050,827.45,153.49,371.96,496.53,1,1,1,1
41,2052,1810.35,393.55,19.39,20.47,1,1,1,0
41,2053,1282.09,454.93,27.09,31.6,1,1,1,0
41,2055,383.27,338.01,197.62,221.99,1,1,1,0
41,2056,1233.33,472.25,23.21,27.95,1,1,1,0
42,2050,810.2,146.32,385.26,514.94,1,1,1,1
42,2052,1808.74,394.24,18.85,20.1,1,1,1,0
42,2053,1281.1,455.06,27.28,31.92,1,1,1,0
42,2055,408.12,342.59,189.72,213.97,1,1,1,0
42,2056,1232.6,472.28,23.03,27.83,1,1,1,0
43,2050,794.63,139.16,397.05,532.18,1,1,1,1
43,2052,1808.22,394.89,18.54,19.95,1,1,1,0
43,2053,1280.91,455.1,27.01,31.64,1,1,1,0
43,2055,427.89,344.24,188.73,213.82,1,1,1,0
43,2056,1232.38,472.49,22.9,27.79,1,1,1,0
44,2050,784.51,136.14,401.66,540.24,1,1,1,1
44,2052,1807.31,395.72,18.34,19.9,1,1,1,0
44,2053,1280.88,455.5,26.89,31.52,1,1,1,0
44,2055,448.85,344.38,184.76,209.8,1,1,1,0
44,2056,1231.97,472.56,23.14,28.17,1,1,1,0
45,2050,776.74,135.12,402.27,541.61,1,1,1,1
45,2052,1805.97,396.02,18.73,20.28,1,1,1,0
45,2053,1281.15,455.45,26.3,31.07,1,1,1,0
45,2055,472.25,341.53,179.43,204.72,1,1,1,0
45,2056,1232.01,472.78,22.89,27.91,1,1,1,0
46,2050,768.94,131.94,402.41,542.51,1,1,1,1
46,2052,1804.97,396.71,18.35,20.03,1,1,1,0
46,2053,1280.28,455.62,26.49,31.29,1,1,1,0
46,2055,493.66,338.98,176.4,202.11,1,1,1,0
46,2056,1231.46,472.65,23.16,28.21,1,1,1,0
46,2057,1904.71,429.95,14.46,15.67,1,1,1,0
47,2050,759.81,127.82,404.21,545.71,1,1,1,1
47,2052,1802.8,397.16,18.68,20.33,1,1,1,0
47,2053,1279.97,455.88,26.55,31.37,1,1,1,0
47,2055,519.11,336.99,168.17,191.52,1,1,1,0
47,2056,1230.91,472.6,23.17,28.32,1,1,1,0
47,2057,1904.52,430.46,14.46,15.67,1,1,1,0
48,2050,752.83,125.33,403.72,544.67,1,1,1,1
48,2052,1801.22,397.71,18.82,20.44,1,1,1,0
48,2053,1280.13,456.17,26.05,31.0,1,1,1,0
48,2055,542.01,335.8,156.64,176.58,1,1,1,0
48,2056,1230.74,472.77,23.13,28.35,1,1,1,0
48,2057,1904.46,430.87,14.46,15.67,1,1,1,0
49,2050,745.47,124.06,407.15,550.11,1,1,1,1
49,2052,1799.86,398.29,18.9,20.48,1,1,1,0
49,2053,1280.14,456.47,25.99,30.85,1,1,1,0
49,2055,561.76,334.51,155.74,174.31,1,1,1,0
49,2056,1229.92,473.03,23.06,28.36,1,1,1,0
49,2057,1903.54,431.43,14.46,15.67,1,1,1,0
50,2050,741.77,124.24,407.59,551.89,1,1,1,1
50,2052,1798.58,398.9,18.95,20.5,1,1,1,0
50,2053,1279.35,456.78,26.0,30.79,1,1,1,0
50,2055,576.0,332.42,159.39,178.59,1,1,1,0
50,2056,1229.99,473.33,23.11,28.37,1,1,1,0
50,2057,1903.24,432.04,14.46,15.67,1,1,1,0
51,2050,741.56,124.58,406.67,552.67,1,1,1,1
51,2052,1797.46,399.51,18.76,20.5,1,1,1,0
51,2053,1279.31,457.28,25.52,30.37,1,1,1,0
51,2055,595.67,331.28,155.23,173.37,1,1,1,0
51,2056,1230.03,473.43,23.14,28.36,1,1,1,0
51,2057,1903.16,432.86,14.46,15.67,1,1,1,0
52,2050,738.05,123.39,407.35,556.24,1,1,1,1
52,2052,1796.22,400.12,18.81,20.5,1,1,1,0
52,2053,1279.49,457.47,24.98,29.81,1,1,1,0
52,2055,616.0,332.3,142.54,158.47,1,1,1,0
52,2056,1229.02,473.66,23.23,28.36,1,1,1,0
52,2057,1902.13,432.93,14.82,16.09,1,1,1,0
53,2050,723.5,117.55,415.47,568.48,1,1,1,1
53,2052,1794.83,400.33,19.17,20.9,1,1,1,0
53,2053,1279.6,457.72,24.74,29.6,1,1,1,0
53,2055,631.23,333.33,143.5,159.96,1,1,1,0
53,2056,1228.51,473.94,23.14,28.36,1,1,1,0
53,2057,1901.95,433.34,14.58,15.83,1,1,1,0
54,2050,714.28,108.9,418.47,572.84,1,1,1,1
54,2052,1793.56,400.79,19.3,21.05,1,1,1,0
54,2053,1279.52,458.01,24.91,29.92,1,1,1,0
54,2055,645.2,335.12,141.92,159.3,1,1,1,0
54,2056,1228.7,474.24,23.18,28.35,1,1,1,0
54,2057,1901.91,434.08,14.49,15.73,1,1,1,0
55,2050,707.59,100.42,420.87,577.24,1,1,1,1
55,2052,1792.49,401.14,19.03,20.71,1,1,1,0
55,2053,1279.67,458.31,24.64,29.65,1,1,1,0
55,2055,660.3,337.81,129.59,147.0,1,1,1,0
55,2056,1228.78,474.55,23.21,28.35,1,1,1,0
55,2057,1901.74,434.54,14.79,16.1,1,1,1,0
56,2050,699.13,93.34,424.59,584.31,1,1,1,1
56,2052,1792.12,401.26,18.95,20.57,1,1,1,0
56,2053,1278.95,458.61,24.51,29.55,1,1,1,0
56,2055,678.18,342.16,126.54,144.34,1,1,1,0
56,2056,1227.79,474.86,23.29,28.35,1,1,1,0
56,2057,1900.9,434.89,14.88,16.23,1,1,1,0
57,2050,696.5,89.77,424.46,586.68,1,1,1,1
57,2052,1791.49,401.48,18.4,20.12,1,1,1,0
57,2053,1278.7,458.72,24.45,29.51,1,1,1,0
57,2056,1227.41,475.16,23.37,28.34,1,1,1,0
57,2057,1900.61,435.21,14.89,16.28,1,1,1,0
58,2050,690.74,83.8,424.13,587.44,1,1,1,1
58,2052,1790.38,401.55,18.44,20.36,1,1,1,0
58,2053,1278.63,458.75,24.4,29.5,1,1,1,0
58,2056,1227.26,475.27,23.44,28.34,1,1,1,0
58,2057,1900.52,435.31,14.87,16.3,1,1,1,0
59,2050,684.66,76.22,426.69,593.02,1,1,1,1
59,2052,1790.2,401.76,18.04,20.04,1,1,1,0
59,2053,1278.62,458.75,24.37,29.5,1,1,1,0
59,2056,1227.2,475.3,23.5,28.34,1,1,1,0
59,2057,1900.51,435.33,14.84,16.3,1,1,1,0
60,2050,675.79,66.87,430.93,600.44,1,1,1,1
60,2052,1789.57,402.23,17.53,19.53,1,1,1,0
60,2053,1278.63,458.74,24.35,29.5,1,1,1,0
60,2056,1227.26,475.31,23.78,28.74,1,1,1,0
60,2057,1900.69,435.72,14.49,15.9,1,1,1,0
61,2050,670.0,60.5,436.19,609.24,1,1,1,1
61,2052,1788.26,402.39,17.94,20.14,1,1,1,0
61,2053,1278.65,458.73,24.32,29.5,1,1,1,0
61,2056,1227.22,475.3,23.64,28.49,1,1,1,0
61,2057,1900.77,436.05,14.37,15.75,1,1,1,0
62,2050,661.42,55.68,441.9,616.59,1,1,1,1
62,2052,1788.15,402.83,17.41,19.57,1,1,1,0
62,2053,1278.82,458.92,24.02,29.11,1,1,1,0
62,2056,1227.42,475.49,23.56,28.39,1,1,1,0
62,2057,1899.84,435.96,14.65,16.09,1,1,1,0
63,2050,666.15,55.29,433.98,604.2,1,1,1,1
63,2052,1787.37,402.79,17.19,19.36,1,1,1,0
63,2053,1278.88,458.98,23.92,28.96,1,1,1,0
63,2056,1227.51,475.56,23.53,28.35,1,1,1,0
63,2057,1900.3,435.92,14.73,16.22,1,1,1,0
64,2050,667.82,58.06,429.36,596.89,1,1,1,1
64,2052,1787.39,402.96,16.56,18.88,1,1,1,0
64,2053,1278.9,459.0,23.9,28.91,1,1,1,0
64,2056,1227.55,475.38,23.52,28.34,1,1,1,0
64,2057,1900.5,436.09,14.75,16.27,1,1,1,0
65,2050,654.23,57.87,445.27,618.56,1,1,1,1
65,2052,1787.64,403.01,15.91,18.3,1,1,1,0
65,2053,1278.77,458.8,24.19,29.29,1,1,1,0
65,2056,1227.49,475.5,23.28,27.93,1,1,1,0
65,2057,1899.8,436.14,14.74,16.28,1,1,1,0
66,2050,644.85,54.54,457.68,636.14,1,1,1,1
66,2052,1788.1,403.01,15.0,17.28,1,1,1,0
66,2053,1278.45,458.73,24.84,30.23,1,1,1,0
66,2056,1227.44,475.55,23.25,27.78,1,1,1,0
66,2057,1900.23,436.15,14.94,16.29,1,1,1,0
67,2050,642.15,56.89,464.87,647.09,1,1,1,1
67,2052,1788.47,403.0,14.36,16.5,1,1,1,0
67,2053,1278.5,458.89,24.75,30.2,1,1,1,0
67,2056,1227.49,475.56,23.52,28.13,1,1,1,0
67,2057,1900.35,436.15,15.12,16.29,1,1,1,0
68,2050,640.25,54.01,475.19,663.65,1,1,1,1
68,2052,1788.62,402.99,14.16,16.23,1,1,1,0
68,2053,1278.68,459.15,24.4,29.78,1,1,1,0
68,2056,1227.51,475.56,23.61,28.26,1,1,1,0
68,2057,1900.19,435.94,15.6,16.69,1,1,1,0
69,2050,646.29,61.97,470.55,658.5,1,1,1,1
69,2052,1788.68,403.18,14.11,16.15,1,1,1,0
69,2053,1278.62,459.24,24.54,30.02,1,1,1,0
69,2056,1227.45,475.56,23.41,27.91,1,1,1,0
69,2057,1900.1,435.66,15.84,16.83,1,1,1,0
70,2050,650.58,64.81,469.1,657.35,1,1,1,1
70,2052,1788.7,403.24,14.12,16.13,1,1,1,0
70,2053,1278.62,459.48,24.56,30.11,1,1,1,0
70,2056,1227.63,475.55,23.32,27.77,1,1,1,0
70,2057,1900.05,435.74,15.99,16.89,1,1,1,0
71,2050,654.97,68.12,466.38,654.13,1,1,1,1
71,2052,1788.87,403.26,13.84,15.73,1,1,1,0
71,2053,1278.63,459.56,24.54,30.14,1,1,1,0
71,2056,1227.7,475.75,23.3,27.73,1,1,1,0
71,2057,1900.0,435.77,16.09,16.9,1,1,1,0
72,2050,660.72,66.65,462.09,647.95,1,1,1,1
72,2052,1788.93,403.26,13.79,15.6,1,1,1,0
72,2053,1278.65,459.59,24.51,30.15,1,1,1,0
72,2056,1227.23,475.82,23.48,28.11,1,1,1,0
72,2057,1899.34,435.98,15.85,16.51,1,1,1,0
73,2050,669.05,68.31,457.01,640.07,1,1,1,1
73,2052,1788.93,403.25,13.81,15.56,1,1,1,0
73,2053,1278.67,459.59,24.48,30.15,1,1,1,0
73,2056,1227.58,475.84,23.31,27.86,1,1,1,0
73,2057,1899.85,436.05,15.82,16.36,1,1,1,0
74,2050,684.46,71.17,450.61,631.58,1,1,1,1
74,2052,1788.93,403.04,13.86,15.56,1,1,1,0
74,2053,1278.55,459.59,24.72,30.55,1,1,1,0
74,2056,1227.7,475.85,23.25,27.76,1,1,1,0
74,2057,1899.22,436.28,15.87,16.3,1,1,1,0
75,2050,694.84,76.07,445.41,624.5,1,1,1,1
75,2052,1788.92,402.76,13.91,15.56,1,1,1,0
75,2053,1278.53,459.79,24.77,30.7,1,1,1,0
75,2056,1227.75,475.85,23.25,27.73,1,1,1,0
75,2057,1898.79,436.36,16.28,16.68,1,1,1,0
76,2050,702.8,79.31,439.25,616.01,1,1,1,1
76,2052,1788.9,402.66,13.97,15.57,1,1,1,0
76,2053,1278.68,459.86,24.47,30.36,1,1,1,0
76,2056,1227.75,475.85,23.27,27.71,1,1,1,0
76,2057,1898.62,436.38,16.46,16.82,1,1,1,0
77,2050,711.07,79.3,436.62,612.03,1,1,1,1
77,2052,1788.89,402.82,14.01,15.58,1,1,1,0
77,2053,1278.75,460.08,24.34,30.22,1,1,1,0
77,2056,1227.75,475.84,23.29,27.71,1,1,1,0
77,2057,1898.72,436.59,16.21,16.48,1,1,1,0
78,2050,724.89,86.79,428.44,600.26,1,1,1,1
78,2052,1788.08,402.67,14.06,15.59,1,1,1,0
78,2053,1278.78,459.96,24.29,30.17,1,1,1,0
78,2056,1227.75,475.84,23.3,27.71,1,1,1,0
78,2057,1898.74,436.66,16.16,16.34,1,1,1,0
79,2050,739.75,93.3,417.87,584.52,1,1,1,1
79,2052,1787.92,402.82,13.79,15.2,1,1,1,0
79,2053,1278.8,460.11,24.26,30.15,1,1,1,0
79,2056,1227.08,476.04,23.04,27.31,1,1,1,0
79,2057,1899.53,436.68,16.19,16.29,1,1,1,0
80,2050,754.39,101.53,410.76,572.9,1,1,1,1
80,2052,1787.85,402.67,13.74,15.06,1,1,1,0
80,2053,1277.87,460.36,24.51,30.54,1,1,1,0
80,2056,1226.82,476.31,22.97,27.16,1,1,1,0
80,2057,1899.01,436.69,16.24,16.27,1,1,1,0
81,2050,768.76,109.54,397.94,553.2,1,1,1,1
81,2052,1787.92,402.82,13.54,15.01,1,1,1,0
81,2053,1277.68,460.26,24.3,30.29,1,1,1,0
81,2056,1226.36,476.41,22.87,27.11,1,1,1,0
81,2057,1898.8,437.08,16.29,16.27,1,1,1,0
82,2050,782.91,116.15,391.38,542.78,1,1,1,1
82,2052,1788.0,402.87,13.38,15.0,1,1,1,0
82,2053,1277.61,460.41,24.22,30.19,1,1,1,0
82,2056,1226.44,476.44,22.74,27.09,1,1,1,0
82,2057,1898.53,437.03,16.69,16.67,1,1,1,0
83,2050,797.02,124.11,381.19,526.65,1,1,1,1
83,2052,1788.22,403.09,12.94,14.6,1,1,1,0
83,2053,1277.73,460.27,23.91,29.76,1,1,1,0
83,2056,1226.42,476.65,22.4,26.69,1,1,1,0
83,2057,1898.43,437.01,16.83,16.81,1,1,1,0
84,2050,809.73,129.83,375.75,517.28,1,1,1,1
84,2052,1787.37,402.97,13.05,14.86,1,1,1,0
84,2053,1277.77,460.41,23.81,29.59,1,1,1,0
84,2056,1226.64,476.73,22.23,26.54,1,1,1,0
84,2057,1898.57,437.19,16.55,16.47,1,1,1,0
85,2050,825.57,136.93,365.46,500.44,1,1,1,1
85,2052,1787.09,402.93,13.03,14.96,1,1,1,0
85,2053,1276.84,460.26,24.07,29.93,1,1,1,0
85,2056,1226.75,476.75,22.13,26.49,1,1,1,0
85,2057,1898.61,437.26,16.47,16.34,1,1,1,0
86,2050,839.86,143.42,358.85,489.34,1,1,1,1
86,2052,1787.02,402.91,12.96,15.0,1,1,1,0
86,2053,1276.5,460.4,24.16,30.06,1,1,1,0
86,2056,1226.57,476.76,22.13,26.47,1,1,1,0
86,2057,1898.62,437.28,16.46,16.29,1,1,1,0
87,2050,850.14,147.1,355.42,482.55,1,1,1,1
87,2052,1786.92,403.1,13.11,15.02,1,1,1,0
87,2053,1276.52,460.65,23.92,29.71,1,1,1,0
87,2056,1225.7,476.76,22.15,26.47,1,1,1,0
87,2057,1898.43,437.29,16.83,16.67,1,1,1,0
88,2050,862.78,153.85,347.16,468.33,1,1,1,1
88,2052,1786.17,403.37,13.02,15.03,1,1,1,0
88,2053,1276.53,460.74,23.84,29.58,1,1,1,0
88,2056,1225.46,476.75,22.39,26.87,1,1,1,0
88,2057,1897.58,437.48,16.96,16.82,1,1,1,0
89,2050,870.97,159.47,342.81,460.59,1,1,1,1
89,2052,1785.01,403.67,13.16,15.04,1,1,1,0
89,2053,1275.59,460.77,24.11,29.93,1,1,1,0
89,2056,1225.41,476.75,22.43,27.03,1,1,1,0
89,2057,1896.64,437.75,16.66,16.47,1,1,1,0
90,2050,879.71,164.26,336.41,449.91,1,1,1,1
90,2052,1784.39,403.58,13.58,15.44,1,1,1,0
90,2053,1275.25,460.78,24.2,30.06,1,1,1,0
90,2056,1225.55,476.95,22.12,26.69,1,1,1,0
90,2057,1896.28,438.05,16.56,16.34,1,1,1,0
91,2050,885.71,169.78,333.51,444.5,1,1,1,1
91,2052,1784.3,403.94,13.48,15.2,1,1,1,0
91,2053,1275.27,460.78,23.95,29.72,1,1,1,0
91,2056,1224.82,477.22,21.99,26.56,1,1,1,0
91,2057,1895.96,437.96,16.9,16.69,1,1,1,0
92,2050,889.24,170.96,333.23,442.92,1,1,1,1
92,2052,1783.46,404.08,13.5,15.1,1,1,1,0
92,2053,1275.42,460.78,23.6,29.19,1,1,1,0
92,2056,1224.56,477.12,21.92,26.51,1,1,1,0
92,2057,1896.03,438.32,16.67,16.42,1,1,1,0
93,2050,892.6,170.49,332.53,440.76,1,1,1,1
93,2052,1782.97,404.12,13.87,15.47,1,1,1,0
93,2053,1275.33,460.98,23.79,29.39,1,1,1,0
93,2056,1224.48,477.08,21.89,26.5,1,1,1,0
93,2057,1895.26,438.65,16.6,16.32,1,1,1,0
94,2050,896.42,168.41,330.61,436.95,1,1,1,1
94,2052,1782.79,404.34,14.03,15.6,1,1,1,0
94,2053,1274.63,460.85,23.59,29.07,1,1,1,0
94,2056,1223.66,476.86,21.87,26.5,1,1,1,0
94,2057,1894.97,438.57,16.59,16.28,1,1,1,0
95,2050,897.58,163.13,331.53,437.57,1,1,1,1
95,2052,1781.78,404.22,14.42,16.05,1,1,1,0
95,2053,1273.28,461.2,24.11,29.75,1,1,1,0
95,2056,1223.51,476.97,21.57,26.1,1,1,1,0
95,2057,1894.69,438.53,16.95,16.67,1,1,1,0
96,2050,897.98,160.67,333.12,439.66,1,1,1,1
96,2052,1782.2,403.97,14.56,16.22,1,1,1,0
96,2053,1272.79,461.13,24.29,30.0,1,1,1,0
96,2056,1222.74,476.82,21.7,26.35,1,1,1,0
96,2057,1894.6,438.71,17.07,16.81,1,1,1,0
97,2050,898.87,162.5,331.83,437.84,1,1,1,1
97,2052,1781.75,404.27,14.3,15.89,1,1,1,0
97,2053,1272.9,461.3,23.79,29.31,1,1,1,0
97,2056,1222.49,476.76,21.71,26.45,1,1,1,0
97,2057,1893.62,438.78,17.45,17.26,1,1,1,0
98,2050,897.82,165.62,330.54,436.87,1,1,1,1
98,2052,1781.58,404.98,14.21,15.76,1,1,1,0
98,2053,1272.14,461.36,23.63,29.04,1,1,1,0
98,2056,1222.93,476.93,21.06,25.69,1,1,1,0
98,2057,1892.49,438.8,17.54,17.43,1,1,1,0
99,2050,901.41,172.14,325.78,429.46,1,1,1,1
99,2052,1781.52,405.64,14.2,15.71,1,1,1,0
99,2053,1271.72,461.58,23.89,29.34,1,1,1,0
99,2056,1223.22,476.6,19.79,23.79,1,1,1,0
99,2057,1892.09,439.0,17.54,17.49,1,1,1,0
100,2050,898.95,175.2,328.88,433.63,1,1,1,1
100,2052,1780.86,406.08,13.9,15.29,1,1,1,0
100,2053,1271.71,461.66,23.71,29.06,1,1,1,0
100,2057,1891.18,439.27,17.5,17.51,1,1,1,0
101,2050,896.33,176.95,329.25,434.2,1,1,1,1
101,2052,1780.6,406.44,13.83,15.13,1,1,1,0
101,2053,1270.63,461.88,24.23,29.75,1,1,1,0
101,2057,1891.21,439.96,16.77,16.73,1,1,1,0
102,2050,893.1,179.61,332.08,438.06,1,1,1,1
102,2052,1779.69,406.77,13.85,15.07,1,1,1,0
102,2053,1270.38,462.16,24.13,29.62,1,1,1,0
102,2057,1890.54,440.42,16.28,16.42,1,1,1,0
102,2055,1161.55,359.32,87.98,120.78,1,1,1,0
103,2050,890.61,179.92,333.16,439.41,1,1,1,1
103,2052,1779.35,406.88,13.89,15.05,1,1,1,0
103,2053,1270.72,462.46,23.26,28.37,1,1,1,0
103,2057,1889.55,440.79,16.01,16.31,1,1,1,0
103,2055,1171.15,361.11,83.1,113.99,1,1,1,0
104,2050,887.27,179.45,334.24,440.9,1,1,1,1
104,2052,1778.26,407.11,14.25,15.45,1,1,1,0
104,2053,1269.34,462.37,24.36,29.51,1,1,1,0
104,2057,1889.24,440.91,15.83,16.27,1,1,1,0
104,2055,1169.66,348.55,91.12,124.97,1,1,1,0
105,2050,884.47,177.0,333.66,440.14,1,1,1,1
105,2052,1777.87,407.19,14.39,15.59,1,1,1,0
105,2053,1268.01,462.53,24.86,29.93,1,1,1,0
105,2057,1888.38,441.15,15.69,16.25,1,1,1,0
105,2055,1179.48,355.38,85.06,116.4,1,1,1,0
106,2050,881.36,174.21,332.7,438.72,1,1,1,1
106,2052,1776.95,407.41,14.44,15.65,1,1,1,0
106,2053,1266.81,462.19,26.48,31.66,1,1,1,0
106,2057,1887.83,441.03,16.13,16.65,1,1,1,0
106,2055,1190.09,359.03,80.66,109.87,1,1,1,0
107,2050,879.95,172.31,329.6,433.85,1,1,1,1
107,2052,1776.61,407.29,14.46,15.67,1,1,1,0
107,2057,1887.63,440.98,16.32,16.8,1,1,1,0
107,2055,1195.71,360.71,79.67,107.82,1,1,1,0
108,2050,876.84,167.05,331.18,435.59,1,1,1,1
108,2052,1775.71,407.23,14.47,15.68,1,1,1,0
108,2057,1887.05,441.35,15.86,16.46,1,1,1,0
108,2055,1199.4,361.68,80.37,108.09,1,1,1,0
109,2050,872.8,163.38,332.78,437.19,1,1,1,1
109,2052,1775.39,407.2,14.47,15.68,1,1,1,0
109,2057,1886.08,441.49,15.62,16.33,1,1,1,0
109,2055,1206.36,364.09,77.2,102.82,1,1,1,0
110,2050,868.08,160.01,337.43,444.22,1,1,1,1
110,2052,1774.49,407.39,14.47,15.68,1,1,1,0
110,2057,1885.77,441.53,15.47,16.28,1,1,1,0
110,2055,1213.06,365.99,77.21,101.45,1,1,1,0
111,2050,866.15,161.04,337.17,443.82,1,1,1,1
111,2052,1774.17,407.65,14.47,15.68,1,1,1,0
111,2057,1885.54,441.74,15.68,16.66,1,1,1,0
111,2055,1217.49,367.65,79.29,103.56,1,1,1,0
112,2050,862.97,160.87,339.67,447.46,1,1,1,1
112,2052,1774.23,408.14,14.16,15.28,1,1,1,0
112,2057,1884.72,442.01,15.68,16.81,1,1,1,0
112,2055,1223.31,369.03,77.7,100.7,1,1,1,0
113,2050,861.6,161.12,341.03,449.33,1,1,1,1
113,2052,1773.29,408.32,14.38,15.53,1,1,1,0
113,2057,1883.56,442.7,15.84,16.86,1,1,1,0
113,2055,1227.58,368.86,78.92,101.78,1,1,1,0
114,2050,859.56,162.42,343.09,452.81,1,1,1,1
114,2052,1772.17,408.58,14.46,15.62,1,1,1,0
114,2057,1882.32,442.96,15.96,16.88,1,1,1,0
114,2055,1232.19,367.95,79.35,101.81,1,1,1,0
115,2050,858.15,164.91,344.43,455.3,1,1,1,1
115,2052,1770.97,408.67,14.49,15.66,1,1,1,0
115,2057,1881.85,443.05,16.05,16.89,1,1,1,0
115,2055,1236.91,366.36,79.5,101.47,1,1,1,0
116,2050,856.63,165.96,345.42,456.91,1,1,1,1
116,2052,1770.7,409.1,14.19,15.27,1,1,1,0
116,2057,1881.78,443.47,15.9,16.89,1,1,1,0
116,2055,1242.1,365.34,78.73,99.77,1,1,1,0
117,2050,852.41,165.07,348.39,461.55,1,1,1,1
117,2052,1769.65,409.25,14.41,15.53,1,1,1,0
117,2057,1881.03,443.82,15.77,16.89,1,1,1,0
117,2055,1248.35,363.72,79.07,99.59,1,1,1,0
118,2050,843.07,162.46,353.24,469.5,1,1,1,1
118,2052,1768.49,409.3,14.49,15.62,1,1,1,0
118,2057,1880.01,444.34,15.64,16.89,1,1,1,0
118,2055,1253.26,362.32,80.04,100.37,1,1,1,0
119,2050,833.43,158.02,357.88,477.49,1,1,1,1
119,2052,1768.07,409.51,14.52,15.66,1,1,1,0
119,2057,1879.68,444.72,15.53,16.89,1,1,1,0
119,2055,1257.3,360.39,82.0,102.7,1,1,1,0
120,2050,826.38,158.39,357.09,476.44,1,1,1,1
120,2052,1767.95,409.78,14.53,15.67,1,1,1,0
120,2057,1878.81,445.26,15.43,16.88,1,1,1,0
120,2055,1263.61,359.68,82.32,103.19,1,1,1,0
121,2050,812.16,158.07,364.96,487.9,1,1,1,1
121,2052,1767.13,410.07,14.52,15.68,1,1,1,0
121,2057,1878.54,445.45,15.34,16.88,1,1,1,0
121,2055,1270.06,359.03,81.87,102.6,1,1,1,0
122,2050,797.91,151.89,373.31,500.19,1,1,1,1
122,2052,1767.0,410.38,14.21,15.28,1,1,1,0
122,2057,1877.69,445.71,15.25,16.88,1,1,1,0
122,2055,1276.68,358.6,82.5,103.19,1,1,1,0
123,2050,781.36,148.94,384.06,516.74,1,1,1,1
123,2052,1766.01,410.68,14.43,15.53,1,1,1,0
123,2057,1877.41,445.99,15.18,16.88,1,1,1,0
123,2055,1283.28,359.64,82.05,102.62,1,1,1,0
123,2056,1208.43,480.3,24.05,28.9,1,1,1,0
124,2050,765.71,152.81,390.68,526.96,1,1,1,1
124,2052,1765.66,410.99,14.51,15.62,1,1,1,0
124,2057,1877.35,446.48,15.11,16.88,1,1,1,0
124,2055,1291.02,360.86,82.12,102.42,1,1,1,0
124,2056,1208.02,480.96,23.67,28.62,1,1,1,0
125,2050,747.44,151.04,402.38,544.2,1,1,1,1
125,2052,1764.76,411.49,14.53,15.66,1,1,1,0
125,2057,1876.58,447.06,15.05,16.88,1,1,1,0
125,2055,1298.0,363.31,83.15,103.95,1,1,1,0
125,2056,1207.63,481.41,23.24,28.1,1,1,1,0
126,2050,728.22,149.61,413.75,561.93,1,1,1,1
126,2052,1763.65,412.07,14.53,15.67,1,1,1,0
126,2057,1876.32,447.66,14.99,16.88,1,1,1,0
126,2055,1304.7,365.82,82.89,103.74,1,1,1,0
126,2056,1207.11,481.97,23.07,27.9,1,1,1,0
127,2050,705.83,148.7,425.15,579.45,1,1,1,1
127,2052,1763.26,412.88,14.53,15.67,1,1,1,0
127,2057,1875.46,448.27,14.94,16.88,1,1,1,0
127,2055,1311.69,368.76,82.97,103.66,1,1,1,0
127,2056,1207.07,482.37,22.74,27.42,1,1,1,0
127,2053,1258.92,467.07,23.05,27.16,1,1,1,0
128,2050,685.86,145.08,434.73,594.35,1,1,1,1
128,2052,1763.14,413.37,14.53,15.68,1,1,1,0
128,2057,1875.18,448.89,14.9,16.88,1,1,1,0
128,2055,1318.97,371.44,82.81,103.23,1,1,1,0
128,2056,1206.74,482.71,22.48,27.23,1,1,1,0
128,2053,1257.81,467.14,25.03,29.29,1,1,1,0
129,2050,666.43,129.46,448.31,615.66,1,1,1,1
129,2052,1763.27,414.14,14.21,15.28,1,1,1,0
129,2057,1875.1,449.3,14.85,16.88,1,1,1,0
129,2055,1327.8,374.42,81.25,101.08,1,1,1,0
129,2056,1206.66,483.03,22.33,27.16,1,1,1,0
129,2053,1256.72,467.77,25.5,30.25,1,1,1,0
130,2050,649.78,116.87,461.46,635.63,1,1,1,1
130,2052,1762.54,414.61,14.11,15.13,1,1,1,0
130,2057,1875.11,449.64,14.82,16.88,1,1,1,0
130,2055,1334.27,375.5,81.85,101.88,1,1,1,0
130,2056,1206.67,483.74,22.24,27.13,1,1,1,0
130,2053,1256.9,468.0,24.5,29.03,1,1,1,0
131,2050,639.15,111.43,468.47,646.4,1,1,1,1
131,2052,1762.11,414.97,14.42,15.47,1,1,1,0
131,2057,1874.34,450.15,14.78,16.88,1,1,1,0
131,2055,1342.18,374.87,81.79,101.79,1,1,1,0
131,2056,1206.71,484.19,22.17,27.12,1,1,1,0
131,2053,1256.87,468.07,24.39,28.95,1,1,1,0
132,2050,629.43,97.98,480.64,665.15,1,1,1,1
132,2052,1761.97,415.49,14.53,15.6,1,1,1,0
132,2057,1874.08,450.53,14.75,16.88,1,1,1,0
132,2055,1349.44,372.99,82.28,102.16,1,1,1,0
132,2056,1206.36,484.75,22.12,27.12,1,1,1,0
132,2053,1257.15,468.5,23.79,28.12,1,1,1,0
133,2050,618.34,81.28,494.33,686.77,1,1,1,1
133,2052,1761.94,415.87,14.56,15.65,1,1,1,0
133,2057,1873.89,450.85,14.96,16.88,1,1,1,0
133,2055,1357.04,371.85,81.8,101.51,1,1,1,0
133,2056,1206.25,485.14,22.07,27.12,1,1,1,0
133,2053,1257.12,468.64,23.89,28.21,1,1,1,0
134,2050,611.35,72.0,503.21,701.6,1,1,1,1
134,2052,1761.95,416.2,14.57,15.67,1,1,1,0
134,2057,1874.73,451.36,14.84,16.48,1,1,1,0
134,2055,1364.91,371.0,80.63,100.47,1,1,1,0
134,2056,1206.1,485.28,22.3,27.52,1,1,1,0
134,2053,1257.11,468.89,23.94,28.25,1,1,1,0
135,2050,606.66,65.06,511.92,715.88,1,1,1,1
135,2052,1761.18,416.7,14.56,15.68,1,1,1,0
135,2057,1874.05,451.53,15.22,16.73,1,1,1,0
135,2055,1371.16,370.46,79.48,99.29,1,1,1,0
135,2056,1206.47,485.52,22.34,27.67,1,1,1,0
135,2053,1257.12,468.97,23.96,28.27,1,1,1,0
136,2050,606.05,73.4,513.97,719.09,1,1,1,1
136,2052,1760.91,417.28,14.55,15.68,1,1,1,0
136,2057,1874.71,451.98,15.14,16.43,1,1,1,0
136,2055,1377.7,369.85,78.12,97.66,1,1,1,0
136,2056,1206.65,485.79,22.32,27.72,1,1,1,0
136,2053,1256.98,469.39,24.27,28.68,1,1,1,0
137,2050,608.95,72.8,521.49,729.78,1,1,1,1
137,2052,1760.82,417.48,14.55,15.68,1,1,1,0
137,2057,1874.77,452.33,15.53,16.71,1,1,1,0
137,2055,1382.14,369.21,77.87,97.47,1,1,1,0
137,2056,1206.74,486.08,22.27,27.74,1,1,1,0
137,2053,1256.81,469.54,24.64,29.24,1,1,1,0
138,2050,616.47,81.09,519.98,725.53,1,1,1,1
138,2052,1760.01,417.74,14.54,15.68,1,1,1,0
138,2057,1874.92,452.85,15.43,16.42,1,1,1,0
138,2055,1387.87,369.17,77.16,96.21,1,1,1,0
138,2056,1206.8,486.38,22.22,27.75,1,1,1,0
138,2053,1256.91,469.79,24.46,29.05,1,1,1,0
139,2050,620.7,82.54,532.14,741.83,1,1,1,1
139,2052,1759.56,417.62,14.85,16.07,1,1,1,0
139,2057,1874.94,453.03,15.48,16.31,1,1,1,0
139,2055,1393.28,370.36,76.27,94.96,1,1,1,0
139,2056,1206.85,486.67,22.17,27.75,1,1,1,0
139,2053,1256.83,469.87,24.65,29.38,1,1,1,0
140,2050,627.4,82.0,550.19,766.08,1,1,1,1
140,2052,1759.58,417.96,14.62,15.83,1,1,1,0
140,2057,1874.91,453.28,15.58,16.27,1,1,1,0
140,2055,1397.94,372.01,74.96,93.3,1,1,1,0
140,2056,1207.28,486.78,22.12,27.74,1,1,1,0
140,2053,1257.61,470.09,24.69,29.5,1,1,1,0
141,2050,648.09,96.81,545.91,755.12,1,1,1,1
141,2052,1760.41,418.07,14.53,15.73,1,1,1,0
141,2057,1875.67,453.36,15.69,16.26,1,1,1,0
141,2055,1403.03,371.81,75.34,93.93,1,1,1,0
141,2056,1207.59,487.0,21.81,27.34,1,1,1,0
141,2053,1257.8,470.17,24.94,29.94,1,1,1,0
142,2050,663.93,103.57,564.86,779.35,1,1,1,1
142,2052,1760.89,418.5,14.18,15.29,1,1,1,0
142,2057,1875.92,453.38,15.8,16.25,1,1,1,0
142,2055,1409.7,374.13,73.51,91.38,1,1,1,0
142,2056,1209.86,485.67,22.2,27.59,1,1,1,0
142,2053,1257.89,470.38,24.98,30.1,1,1,1,0
143,2050,697.61,117.23,554.26,756.53,1,1,1,1
143,2052,1761.87,419.05,14.07,15.13,1,1,1,0
143,2057,1875.99,453.57,15.9,16.25,1,1,1,0
143,2055,1415.1,375.6,72.95,90.45,1,1,1,0
143,2053,1260.64,471.45,22.75,27.39,1,1,1,0
144,2050,733.33,153.23,539.04,723.84,1,1,1,1
144,2052,1761.42,419.44,14.06,15.07,1,1,1,0
144,2057,1875.98,453.63,15.99,16.26,1,1,1,0
144,2055,1419.09,376.93,73.15,90.54,1,1,1,0
145,2050,755.04,171.64,551.8,733.6,1,1,1,1
145,2052,1761.25,419.58,14.08,15.05,1,1,1,0
145,2057,1876.75,453.64,16.07,16.26,1,1,1,0
145,2055,1423.53,378.4,73.32,90.6,1,1,1,0
146,2050,782.43,192.32,550.42,723.0,1,1,1,1
146,2052,1761.02,419.21,14.43,15.44,1,1,1,0
146,2057,1877.02,453.44,16.15,16.26,1,1,1,0
146,2055,1428.03,379.32,72.08,88.65,1,1,1,0
147,2050,814.28,216.52,545.37,706.95,1,1,1,1
147,2052,1760.94,419.07,14.55,15.59,1,1,1,0
147,2057,1877.09,453.35,16.22,16.26,1,1,1,0
147,2055,1432.08,379.23,71.24,87.14,1,1,1,0
148,2050,843.37,237.55,538.37,688.51,1,1,1,1
148,2052,1760.28,419.2,14.27,15.25,1,1,1,0
148,2057,1877.1,453.51,16.28,16.26,1,1,1,0
148,2055,1434.72,377.34,71.46,87.02,1,1,1,0
149,2050,863.05,262.34,547.56,694.14,1,1,1,1
149,2052,1760.83,419.24,14.19,15.12,1,1,1,0
149,2057,1877.07,453.57,16.34,16.26,1,1,1,0
149,2055,1438.09,376.02,71.22,86.6,1,1,1,0
150,2050,901.87,283.28,528.76,662.06,1,1,1,1
150,2052,1760.22,419.25,14.17,15.07,1,1,1,0
150,2057,1876.25,453.58,16.39,16.26,1,1,1,0
150,2055,1442.34,374.11,71.2,86.48,1,1,1,0
151,2050,915.86,299.91,545.35,680.85,1,1,1,1
151,2052,1759.03,418.85,14.51,15.46,1,1,1,0
151,2057,1876.72,453.58,16.44,16.26,1,1,1,0
151,2055,1446.4,372.18,70.7,85.66,1,1,1,0
152,2050,929.95,307.8,544.01,676.68,1,1,1,1
152,2052,1758.6,418.69,14.62,15.6,1,1,1,0
152,2057,1876.08,453.58,16.48,16.27,1,1,1,0
152,2055,1451.03,370.26,70.35,84.97,1,1,1,0
153,2050,924.65,308.76,551.11,687.79,1,1,1,1
153,2052,1758.45,418.63,14.65,15.65,1,1,1,0
153,2057,1876.63,453.57,16.52,16.27,1,1,1,0
153,2055,1455.07,368.96,70.06,84.35,1,1,1,0
154,2050,934.1,302.54,511.5,636.14,1,1,1,1
154,2052,1758.41,418.21,14.65,15.67,1,1,1,0
154,2057,1876.82,453.57,16.55,16.27,1,1,1,0
154,2055,1459.26,367.89,70.68,84.94,1,1,1,0
155,2050,925.71,283.84,495.77,614.23,1,1,1,1
155,2052,1758.25,417.65,14.96,16.08,1,1,1,0
155,2057,1876.09,453.56,16.58,16.27,1,1,1,0
155,2055,1465.56,367.51,70.7,84.79,1,1,1,0
156,2050,908.1,258.24,503.05,625.32,1,1,1,1
156,2052,1758.22,417.44,15.03,16.23,1,1,1,0
156,2057,1875.8,453.55,16.61,16.27,1,1,1,0
156,2055,1471.7,367.99,70.81,84.75,1,1,1,0
157,2050,895.25,236.13,504.72,631.05,1,1,1,1
157,2052,1758.23,417.36,15.03,16.28,1,1,1,0
157,2057,1875.69,453.55,16.64,16.27,1,1,1,0
157,2055,1477.09,368.2,72.31,86.35,1,1,1,0
158,2050,883.54,218.95,499.44,630.21,1,1,1,1
158,2052,1758.26,417.33,14.99,16.3,1,1,1,0
158,2057,1875.64,453.74,16.66,16.27,1,1,1,0
158,2055,1482.73,368.88,73.25,87.36,1,1,1,0
159,2050,874.83,203.7,482.47,611.62,1,1,1,1
159,2052,1758.14,417.32,15.26,16.7,1,1,1,0
159,2057,1875.44,453.62,17.03,16.67,1,1,1,0
159,2055,1488.62,370.34,73.67,87.75,1,1,1,0
160,2050,858.31,190.69,469.13,597.2,1,1,1,1
160,2052,1758.28,417.91,15.0,16.46,1,1,1,0
160,2057,1875.38,453.96,17.15,16.82,1,1,1,0
160,2055,1494.86,372.3,73.36,87.5,1,1,1,0
161,2050,843.49,181.32,452.17,577.83,1,1,1,1
161,2052,1758.35,418.14,14.87,16.36,1,1,1,0
161,2057,1875.54,454.49,16.83,16.48,1,1,1,0
161,2055,1501.17,374.24,72.91,87.01,1,1,1,0
161,2053,1258.44,470.74,21.71,25.33,1,1,1,0
162,2050,824.88,169.43,442.34,567.84,1,1,1,1
162,2052,1758.23,418.03,15.11,16.72,1,1,1,0
162,2057,1875.6,454.69,16.72,16.34,1,1,1,0
162,2055,1509.91,376.76,72.38,86.03,1,1,1,0
162,2053,1257.75,470.48,22.94,26.58,1,1,1,0
163,2050,813.63,165.75,430.73,555.58,1,1,1,1
163,2052,1758.37,418.18,14.85,16.46,1,1,1,0
163,2057,1875.9,455.15,16.11,15.9,1,1,1,0
163,2055,1516.87,379.49,72.39,86.07,1,1,1,0
163,2053,1257.63,470.8,23.12,26.55,1,1,1,0
163,2056,1207.26,486.67,22.81,28.32,1,1,1,0
164,2050,802.4,164.17,420.16,544.21,1,1,1,1
164,2052,1759.08,418.24,15.05,16.75,1,1,1,0
164,2057,1875.25,455.53,15.8,15.73,1,1,1,0
164,2055,1523.63,381.49,71.65,85.69,1,1,1,0
164,2053,1257.56,470.93,23.26,26.54,1,1,1,0
164,2056,1206.59,486.68,22.37,27.51,1,1,1,0
165,2050,788.36,160.79,414.92,539.82,1,1,1,1
165,2052,1759.36,418.46,15.08,16.86,1,1,1,0
165,2057,1875.85,455.66,15.62,15.67,1,1,1,0
165,2055,1532.25,382.81,69.95,83.56,1,1,1,0
165,2053,1257.5,470.97,23.37,26.53,1,1,1,0
165,2056,1206.32,486.89,22.29,27.23,1,1,1,0
166,2050,777.65,154.48,410.37,536.54,1,1,1,1
166,2052,1759.49,418.54,15.05,16.9,1,1,1,0
166,2057,1876.11,455.9,15.49,15.65,1,1,1,0
166,2055,1540.3,382.66,70.45,83.97,1,1,1,0
166,2053,1257.46,471.19,23.46,26.53,1,1,1,0
166,2056,1206.2,486.96,22.32,27.13,1,1,1,0
167,2050,766.96,145.29,406.86,534.65,1,1,1,1
167,2052,1759.56,418.77,15.01,16.91,1,1,1,0
167,2057,1876.24,455.98,15.38,15.64,1,1,1,0
167,2055,1548.62,380.77,70.73,84.13,1,1,1,0
167,2053,1257.28,471.27,23.83,26.93,1,1,1,0
167,2056,1206.15,486.98,22.37,27.1,1,1,1,0
168,2050,754.63,137.87,403.01,532.04,1,1,1,1
168,2052,1759.59,418.86,14.96,16.91,1,1,1,0
168,2057,1876.31,456.21,15.29,15.64,1,1,1,0
168,2055,1556.76,380.24,69.89,83.41,1,1,1,0
168,2053,1257.22,471.7,23.97,27.08,1,1,1,0
168,2056,1206.03,487.39,22.59,27.09,1,1,1,0
169,2050,743.59,133.34,400.08,530.95,1,1,1,1
169,2052,1759.62,419.08,14.91,16.91,1,1,1,0
169,2057,1875.56,456.48,15.21,15.64,1,1,1,0
169,2055,1563.47,379.41,69.75,83.55,1,1,1,0
169,2053,1257.19,472.06,24.03,27.13,1,1,1,0
169,2056,1205.55,487.54,22.77,27.09,1,1,1,0
170,2050,735.47,135.22,395.08,527.07,1,1,1,1
170,2052,1759.79,419.56,14.57,16.51,1,1,1,0
170,2057,1875.3,456.78,15.14,15.65,1,1,1,0
170,2055,1569.97,379.09,67.63,81.21,1,1,1,0
170,2053,1257.18,472.19,24.06,27.15,1,1,1,0
170,2056,1205.46,487.8,22.65,26.69,1,1,1,0
171,2050,726.87,133.23,394.05,528.39,1,1,1,1
171,2052,1759.85,420.14,14.44,16.35,1,1,1,0
171,2057,1875.22,456.88,15.08,15.65,1,1,1,0
171,2055,1574.79,377.13,69.51,83.57,1,1,1,0
171,2053,1257.18,472.43,24.07,27.15,1,1,1,0
171,2056,1205.46,488.09,22.57,26.54,1,1,1,0
172,2050,722.16,129.46,391.92,529.07,1,1,1,1
172,2052,1759.87,420.35,14.4,16.29,1,1,1,0
172,2057,1875.22,457.11,15.02,15.65,1,1,1,0
172,2055,1580.93,377.41,69.09,83.25,1,1,1,0
172,2053,1257.03,472.52,24.37,27.55,1,1,1,0
172,2056,1205.85,488.19,22.57,26.49,1,1,1,0
173,2050,723.78,129.32,385.22,522.4,1,1,1,1
173,2052,1760.03,420.83,14.09,15.87,1,1,1,0
173,2057,1875.23,457.39,14.97,15.65,1,1,1,0
173,2055,1585.96,376.52,69.36,83.54,1,1,1,0
173,2053,1256.99,472.75,24.46,27.7,1,1,1,0
173,2056,1205.99,488.42,22.59,26.48,1,1,1,0
174,2050,726.78,130.37,381.26,519.57,1,1,1,1
174,2052,1759.91,421.0,14.31,16.12,1,1,1,0
174,2057,1875.26,457.69,14.92,15.66,1,1,1,0
174,2055,1590.39,376.79,68.69,82.85,1,1,1,0
174,2053,1256.99,473.03,24.47,27.75,1,1,1,0
174,2056,1205.9,488.31,22.9,26.88,1,1,1,0
175,2050,732.0,131.21,377.09,515.98,1,1,1,1
175,2052,1759.87,421.05,14.39,16.21,1,1,1,0
175,2057,1875.28,457.79,14.88,15.66,1,1,1,0
175,2055,1596.11,377.29,67.82,81.8,1,1,1,0
175,2053,1257.0,473.13,24.45,27.76,1,1,1,0
175,2056,1206.01,488.46,22.73,26.63,1,1,1,0
176,2050,736.86,129.14,375.17,515.32,1,1,1,1
176,2052,1760.8,421.26,14.12,15.85,1,1,1,0
176,2057,1875.31,457.82,14.84,15.66,1,1,1,0
176,2055,1600.42,379.09,67.51,81.41,1,1,1,0
176,2053,1257.02,473.36,24.42,27.77,1,1,1,0
176,2056,1206.3,488.51,22.96,26.94,1,1,1,0
177,2050,741.02,127.78,375.89,518.73,1,1,1,1
177,2052,1761.14,421.33,14.05,15.71,1,1,1,0
177,2057,1875.33,457.83,14.8,15.66,1,1,1,0
177,2055,1604.91,380.95,65.98,79.28,1,1,1,0
177,2053,1257.03,473.24,24.39,27.76,1,1,1,0
177,2056,1206.42,488.52,23.04,27.05,1,1,1,0
178,2050,748.81,128.17,370.45,512.15,1,1,1,1
178,2052,1761.25,421.35,14.05,15.66,1,1,1,0
178,2057,1875.35,457.82,14.77,15.66,1,1,1,0
178,2055,1608.69,382.46,65.54,78.49,1,1,1,0
178,2053,1257.05,473.19,24.36,27.76,1,1,1,0
178,2056,1206.47,488.52,23.06,27.1,1,1,1,0
179,2050,754.56,131.14,368.8,510.3,1,1,1,1
179,2052,1761.27,421.35,14.07,15.65,1,1,1,0
179,2057,1875.37,457.81,14.74,15.66,1,1,1,0
179,2055,1612.49,384.4,64.99,77.81,1,1,1,0
179,2053,1257.06,473.37,24.34,27.76,1,1,1,0
179,2056,1206.49,488.52,23.06,27.11,1,1,1,0
180,2050,757.42,132.23,367.79,509.03,1,1,1,1
180,2052,1761.26,421.55,14.11,15.64,1,1,1,0
180,2057,1875.39,457.81,14.72,15.66,1,1,1,0
180,2055,1615.14,385.31,65.11,77.99,1,1,1,0
180,2053,1257.87,473.43,24.32,27.75,1,1,1,0
180,2056,1206.5,488.52,23.05,27.12,1,1,1,0
181,2050,759.71,132.3,367.57,508.68,1,1,1,1
181,2052,1761.24,421.62,14.14,15.64,1,1,1,0
181,2057,1875.4,457.8,14.69,15.66,1,1,1,0
181,2055,1618.38,386.42,65.09,77.67,1,1,1,0
181,2053,1258.33,473.65,24.0,27.35,1,1,1,0
181,2056,1206.91,488.51,23.03,27.12,1,1,1,0
182,2050,761.01,132.58,368.33,510.06,1,1,1,1
182,2052,1761.22,421.64,14.17,15.65,1,1,1,0
182,2057,1875.41,457.79,14.67,15.66,1,1,1,0
182,2055,1620.94,386.81,65.23,77.57,1,1,1,0
182,2053,1258.34,473.53,24.19,27.6,1,1,1,0
182,2056,1207.21,488.71,22.73,26.73,1,1,1,0
183,2050,763.28,133.72,365.98,506.48,1,1,1,1
183,2052,1761.2,421.44,14.2,15.65,1,1,1,0
183,2057,1876.22,457.58,14.65,15.67,1,1,1,0
183,2055,1623.94,386.32,64.03,75.95,1,1,1,0
183,2053,1258.35,473.28,24.26,27.69,1,1,1,0
183,2056,1207.16,488.38,22.93,26.98,1,1,1,0
184,2050,763.16,133.7,366.33,506.93,1,1,1,1
184,2052,1761.19,421.36,14.22,15.65,1,1,1,0
184,2057,1875.74,457.3,14.63,15.67,1,1,1,0
184,2055,1627.53,385.1,63.1,74.55,1,1,1,0
184,2053,1258.21,473.18,24.57,28.12,1,1,1,0
184,2056,1207.15,488.25,23.0,27.07,1,1,1,0
185,2050,763.11,133.62,365.72,505.68,1,1,1,1
185,2052,1761.17,421.33,14.25,15.65,1,1,1,0
185,2057,1875.56,457.2,14.62,15.67,1,1,1,0
185,2055,1629.94,383.21,63.49,74.86,1,1,1,0
185,2053,1258.17,473.14,24.65,28.28,1,1,1,0
185,2056,1207.14,488.2,23.01,27.1,1,1,1,0
186,2050,760.17,131.62,369.8,512.09,1,1,1,1
186,2052,1761.16,421.31,14.27,15.65,1,1,1,0
186,2057,1875.49,457.16,14.6,15.67,1,1,1,0
186,2055,1632.96,382.3,62.32,73.39,1,1,1,0
186,2053,1258.31,473.13,24.35,27.94,1,1,1,0
186,2056,1207.0,488.18,23.3,27.52,1,1,1,0
187,2050,760.97,133.57,367.58,509.08,1,1,1,1
187,2052,1761.14,421.1,14.29,15.66,1,1,1,0
187,2057,1875.36,457.14,14.82,15.67,1,1,1,0
187,2055,1636.89,381.15,60.77,71.25,1,1,1,0
187,2053,1258.37,473.12,24.23,27.81,1,1,1,0
187,2056,1206.96,487.98,23.38,27.67,1,1,1,0
188,2050,759.92,133.25,366.33,507.48,1,1,1,1
188,2052,1761.13,421.02,14.3,15.66,1,1,1,0
188,2057,1875.25,456.93,15.01,15.67,1,1,1,0
188,2055,1639.83,380.52,61.78,72.11,1,1,1,0
188,2053,1258.39,472.92,24.18,27.76,1,1,1,0
188,2056,1206.95,487.7,23.38,27.73,1,1,1,0
189,2050,758.31,132.55,365.14,506.73,1,1,1,1
189,2052,1761.12,420.99,14.32,15.66,1,1,1,0
189,2057,1875.16,456.86,15.19,15.67,1,1,1,0
189,2055,1643.41,379.09,61.73,71.64,1,1,1,0
189,2053,1258.4,472.84,24.16,27.74,1,1,1,0
189,2056,1207.11,487.8,23.06,27.35,1,1,1,0
190,2050,755.13,133.1,365.12,507.69,1,1,1,1
190,2052,1761.11,420.78,14.33,15.66,1,1,1,0
190,2057,1875.08,456.63,15.35,15.67,1,1,1,0
190,2055,1647.86,379.57,61.61,71.09,1,1,1,0
190,2053,1258.25,472.61,24.44,28.13,1,1,1,0
190,2056,1207.17,487.83,22.94,27.2,1,1,1,0
191,2050,754.3,135.12,363.67,506.3,1,1,1,1
191,2052,1761.1,420.7,14.35,15.66,1,1,1,0
191,2057,1875.12,456.55,15.27,15.67,1,1,1,0
191,2055,1651.5,379.16,62.16,71.72,1,1,1,0
191,2053,1258.21,472.72,24.52,28.28,1,1,1,0
191,2056,1207.04,487.65,23.19,27.55,1,1,1,0
192,2050,752.2,132.91,364.39,508.41,1,1,1,1
192,2052,1761.09,420.47,14.36,15.66,1,1,1,0
192,2057,1875.33,456.52,14.86,15.27,1,1,1,0
192,2055,1657.3,380.02,61.19,70.37,1,1,1,0
192,2053,1258.2,472.57,24.53,28.33,1,1,1,0
192,2056,1207.01,487.58,23.25,27.68,1,1,1,0
193,2050,751.14,131.98,363.7,508.15,1,1,1,1
193,2052,1761.88,420.39,14.37,15.66,1,1,1,0
193,2057,1876.22,456.51,14.69,15.12,1,1,1,0
193,2055,1661.58,379.75,62.75,72.3,1,1,1,0
193,2053,1258.07,472.51,24.8,28.75,1,1,1,0
193,2056,1207.4,487.56,23.25,27.72,1,1,1,0
194,2050,751.91,132.84,360.4,503.69,1,1,1,1
194,2052,1762.18,420.16,14.38,15.66,1,1,1,0
194,2057,1876.55,456.51,14.62,15.06,1,1,1,0
194,2055,1667.34,380.45,62.67,72.22,1,1,1,0
194,2053,1257.89,472.29,25.14,29.29,1,1,1,0
194,2056,1207.56,487.55,23.23,27.74,1,1,1,0
195,2050,755.68,136.18,354.71,494.63,1,1,1,1
195,2052,1762.28,420.07,14.39,15.66,1,1,1,0
195,2057,1876.68,456.51,14.59,15.05,1,1,1,0
195,2055,1672.55,381.32,62.65,72.2,1,1,1,0
195,2053,1258.01,472.41,24.91,29.11,1,1,1,0
195,2056,1208.17,487.35,22.92,27.35,1,1,1,0
196,2050,757.34,136.44,353.0,491.08,1,1,1,1
196,2052,1762.31,419.85,14.39,15.67,1,1,1,0
196,2057,1876.72,456.51,14.57,15.04,1,1,1,0
196,2055,1678.19,383.05,62.94,72.61,1,1,1,0
196,2053,1258.72,472.06,25.07,29.42,1,1,1,0
196,2056,1208.25,487.08,23.1,27.59,1,1,1,0
197,2050,757.74,136.53,352.86,489.83,1,1,1,1
197,2052,1762.01,419.36,15.03,16.46,1,1,1,0
197,2057,1876.74,456.51,14.56,15.04,1,1,1,0
197,2055,1683.73,384.09,63.85,73.56,1,1,1,0
197,2053,1259.01,471.93,25.07,29.54,1,1,1,0
197,2056,1208.68,486.97,23.15,27.69,1,1,1,0
198,2050,757.48,136.26,353.7,490.15,1,1,1,1
198,2052,1761.92,419.19,15.21,16.76,1,1,1,0
198,2057,1876.46,456.31,15.11,15.44,1,1,1,0
198,2055,1688.78,384.67,64.3,74.32,1,1,1,0
198,2053,1259.15,471.88,25.01,29.58,1,1,1,0
198,2056,1208.84,486.74,23.15,27.72,1,1,1,0
199,2050,757.21,136.35,354.4,490.54,1,1,1,1
199,2052,1761.64,418.73,15.76,17.26,1,1,1,0
199,2057,1877.38,456.24,14.84,15.2,1,1,1,0
199,2055,1693.89,385.67,64.07,74.21,1,1,1,0
199,2053,1259.23,471.67,24.94,29.59,1,1,1,0
199,2056,1208.91,486.66,23.14,27.73,1,1,1,0
200,2050,756.17,135.19,355.79,491.95,1,1,1,1
200,2052,1762.43,418.76,15.72,17.06,1,1,1,0
200,2057,1877.46,456.02,15.29,15.51,1,1,1,0
200,2055,1699.37,386.24,64.5,74.97,1,1,1,0
200,2053,1259.92,471.39,25.15,29.99,1,1,1,0
200,2056,1209.33,486.63,23.12,27.74,1,1,1,0
201,2050,756.38,135.25,355.14,490.45,1,1,1,1
201,2052,1762.55,418.97,16.08,17.37,1,1,1,0
201,2057,1877.56,455.93,15.31,15.62,1,1,1,0
201,2055,1706.63,386.04,63.43,74.06,1,1,1,0
201,2053,1260.22,471.29,25.16,30.13,1,1,1,0
201,2056,1209.89,486.42,23.1,27.74,1,1,1,0
202,2050,756.45,135.57,354.97,489.62,1,1,1,1
202,2052,1762.11,417.88,17.19,18.66,1,1,1,0
202,2057,1877.61,455.71,15.27,15.66,1,1,1,0
202,2055,1713.19,385.15,61.41,71.71,1,1,1,0
202,2053,1260.21,471.06,25.38,30.58,1,1,1,0
202,2056,1210.1,486.35,23.08,27.74,1,1,1,0
203,2050,756.3,136.49,355.28,489.36,1,1,1,1
203,2052,1760.79,414.78,19.9,21.84,1,1,1,0
203,2057,1877.65,455.42,15.2,15.68,1,1,1,0
203,2055,1718.66,383.79,60.64,70.83,1,1,1,0
203,2053,1260.39,470.97,25.11,30.35,1,1,1,0
203,2056,1210.57,486.12,23.06,27.73,1,1,1,0
204,2050,754.81,136.24,358.3,493.5,1,1,1,1
204,2057,1877.68,455.32,15.14,15.68,1,1,1,0
204,2055,1723.3,382.07,61.18,71.32,1,1,1,0
204,2053,1260.47,470.95,24.95,30.25,1,1,1,0
204,2056,1210.75,486.24,23.05,27.73,1,1,1,0
205,2050,754.86,136.54,358.23,493.1,1,1,1,1
205,2057,1878.34,455.09,15.4,16.08,1,1,1,0
205,2055,1727.47,381.44,60.93,71.11,1,1,1,0
205,2053,1261.31,470.94,24.84,30.21,1,1,1,0
205,2056,1211.26,486.09,22.92,27.73,1,1,1,0
206,2050,755.04,136.65,358.72,493.76,1,1,1,1
206,2057,1878.61,455.0,15.44,16.23,1,1,1,0
206,2055,1731.4,380.81,60.51,70.64,1,1,1,0
206,2053,1261.65,471.14,24.76,30.19,1,1,1,0
206,2056,1211.88,486.24,22.8,27.73,1,1,1,0
207,2050,753.5,134.99,362.93,500.1,1,1,1,1
207,2057,1879.53,454.78,15.4,16.28,1,1,1,0
207,2055,1735.67,379.98,59.18,68.87,1,1,1,0
207,2053,1261.78,471.42,24.7,30.18,1,1,1,0
207,2056,1212.14,486.1,22.7,27.73,1,1,1,0
208,2050,753.79,134.17,363.57,501.5,1,1,1,1
208,2057,1879.9,454.7,15.32,16.3,1,1,1,0
208,2055,1738.25,379.27,57.9,67.0,1,1,1,0
208,2053,1261.84,471.33,24.64,30.17,1,1,1,0
208,2056,1212.59,486.05,22.72,27.73,1,1,1,0
209,2050,753.81,132.97,362.43,500.13,1,1,1,1
209,2057,1880.05,454.67,15.25,16.3,1,1,1,0
209,2055,1742.13,379.23,57.67,66.74,1,1,1,0
209,2053,1262.66,471.29,24.59,30.17,1,1,1,0
209,2056,1212.97,486.03,22.68,27.73,1,1,1,0
210,2050,754.16,130.33,362.89,500.99,1,1,1,1
210,2057,1879.96,454.47,15.49,16.7,1,1,1,0
210,2055,1744.22,379.43,57.54,66.26,1,1,1,0
210,2053,1262.98,471.28,24.54,30.16,1,1,1,0
210,2056,1213.91,486.03,22.64,27.73,1,1,1,0
211,2050,753.18,126.87,364.52,503.78,1,1,1,1
211,2057,1880.74,454.2,15.52,16.85,1,1,1,0
211,2055,1746.66,379.92,57.06,65.3,1,1,1,0
211,2053,1263.1,471.08,24.5,30.16,1,1,1,0
211,2056,1214.26,486.03,22.61,27.73,1,1,1,0
212,2050,756.52,129.35,360.87,498.67,1,1,1,1
212,2057,1881.22,454.29,15.15,16.51,1,1,1,0
212,2055,1748.4,380.72,56.49,64.15,1,1,1,0
212,2053,1263.95,471.2,24.46,30.16,1,1,1,0
212,2056,1214.39,486.03,22.58,27.73,1,1,1,0
213,2050,758.34,130.33,361.58,499.9,1,1,1,1
213,2057,1881.4,454.14,14.98,16.37,1,1,1,0
213,2055,1750.74,381.83,57.44,64.97,1,1,1,0
213,2053,1264.4,471.05,24.15,29.76,1,1,1,0
213,2056,1215.0,486.03,22.61,27.73,1,1,1,0
214,2050,760.79,127.33,363.09,502.15,1,1,1,1
214,2057,1882.0,453.89,15.43,16.72,1,1,1,0
214,2055,1754.12,383.04,57.32,64.49,1,1,1,0
214,2053,1265.5,471.0,23.76,29.2,1,1,1,0
214,2056,1215.81,486.24,22.24,27.33,1,1,1,0
215,2050,763.38,125.52,364.26,503.68,1,1,1,1
215,2057,1882.3,453.99,15.45,16.84,1,1,1,0
215,2055,1756.76,384.49,57.46,64.33,1,1,1,0
215,2053,1266.69,470.78,23.65,29.0,1,1,1,0
215,2056,1215.87,486.52,22.14,27.18,1,1,1,0
216,2050,765.23,125.25,365.29,504.25,1,1,1,1
216,2057,1883.22,454.24,15.39,16.89,1,1,1,0
216,2055,1760.21,385.43,57.14,63.88,1,1,1,0
216,2053,1267.24,470.9,23.36,28.52,1,1,1,0
216,2056,1216.31,486.42,22.45,27.52,1,1,1,0
217,2050,765.31,127.47,367.65,506.93,1,1,1,1
217,2057,1883.73,454.53,15.01,16.51,1,1,1,0
217,2055,1762.94,385.56,57.08,63.74,1,1,1,0
217,2053,1267.25,470.75,23.58,28.75,1,1,1,0
217,2056,1216.45,486.58,22.59,27.65,1,1,1,0
218,2050,763.62,129.82,371.9,513.19,1,1,1,1
218,2057,1883.92,454.65,14.84,16.36,1,1,1,0
218,2055,1765.56,385.39,56.8,63.3,1,1,1,0
218,2053,1267.23,470.89,23.69,28.84,1,1,1,0
218,2056,1216.71,486.64,22.59,27.7,1,1,1,0
219,2050,764.22,132.1,371.74,512.95,1,1,1,1
219,2057,1884.95,454.89,14.45,15.9,1,1,1,0
219,2055,1766.76,384.71,57.61,63.95,1,1,1,0
219,2053,1268.0,471.35,23.75,28.87,1,1,1,0
219,2056,1217.51,486.86,22.36,27.32,1,1,1,0
220,2050,763.12,132.68,372.68,514.29,1,1,1,1
220,2057,1885.31,454.98,14.32,15.73,1,1,1,0
220,2055,1769.05,383.85,57.2,63.41,1,1,1,0
220,2053,1268.26,471.52,23.8,28.89,1,1,1,0
220,2056,1217.87,486.75,22.53,27.58,1,1,1,0
221,2050,760.33,132.69,375.33,518.53,1,1,1,1
221,2057,1886.38,455.02,13.97,15.27,1,1,1,0
221,2055,1772.01,382.52,57.41,63.62,1,1,1,0
221,2053,1269.13,471.38,23.83,28.9,1,1,1,0
221,2056,1218.8,486.7,22.58,27.67,1,1,1,0
222,2050,758.98,131.9,376.07,520.09,1,1,1,1
222,2057,1886.74,454.83,13.88,15.1,1,1,1,0
222,2055,1774.75,381.42,57.21,63.31,1,1,1,0
222,2053,1270.1,471.13,24.14,29.3,1,1,1,0
222,2056,1219.51,486.68,22.24,27.31,1,1,1,0
223,2050,756.28,127.72,375.92,520.13,1,1,1,1
223,2057,1887.65,454.75,13.88,15.04,1,1,1,0
223,2055,1778.31,381.01,56.63,62.8,1,1,1,0
223,2053,1270.45,470.84,24.24,29.46,1,1,1,0
223,2056,1220.2,486.48,22.43,27.58,1,1,1,0
224,2050,749.33,115.81,378.95,526.04,1,1,1,1
224,2057,1887.79,454.93,14.24,15.42,1,1,1,0
224,2055,1782.31,380.46,55.67,61.42,1,1,1,0
224,2053,1271.36,470.53,24.27,29.51,1,1,1,0
224,2056,1220.59,486.6,22.21,27.28,1,1,1,0
225,2050,746.09,109.16,375.02,521.3,1,1,1,1
225,2057,1888.46,454.6,14.69,15.97,1,1,1,0
225,2055,1785.71,379.66,56.1,61.72,1,1,1,0
225,2053,1271.69,470.41,24.27,29.53,1,1,1,0
225,2056,1220.79,486.44,22.36,27.56,1,1,1,0
226,2050,743.56,103.71,374.54,521.6,1,1,1,1
226,2057,1888.72,454.47,14.83,16.17,1,1,1,0
226,2055,1789.82,378.77,56.74,62.65,1,1,1,0
226,2053,1271.66,470.37,24.54,29.94,1,1,1,0
226,2056,1221.45,486.19,22.43,27.67,1,1,1,0
227,2050,740.86,102.62,376.34,525.55,1,1,1,1
227,2057,1888.81,454.42,14.86,16.25,1,1,1,0
227,2055,1793.42,378.05,57.43,63.4,1,1,1,0
227,2053,1272.58,470.36,24.33,29.69,1,1,1,0
227,2056,1221.77,485.89,22.66,28.11,1,1,1,0
228,2050,742.13,105.77,374.91,523.93,1,1,1,1
228,2057,1889.63,454.41,14.84,16.28,1,1,1,0
228,2055,1797.68,378.0,58.0,64.09,1,1,1,0
228,2053,1272.91,470.76,24.24,29.6,1,1,1,0
228,2056,1222.25,485.78,22.8,28.27,1,1,1,0
229,2050,740.73,105.57,379.02,531.51,1,1,1,1
229,2057,1889.93,454.4,14.82,16.29,1,1,1,0
229,2055,1802.35,378.98,58.19,64.35,1,1,1,0
229,2053,1273.02,470.91,24.21,29.56,1,1,1,0
229,2056,1222.64,485.74,22.8,28.33,1,1,1,0
230,2050,741.91,105.25,377.22,529.87,1,1,1,1
230,2057,1890.04,454.2,14.79,16.29,1,1,1,0
230,2055,1806.7,380.36,57.62,63.66,1,1,1,0
230,2053,1273.7,470.77,24.47,29.94,1,1,1,0
230,2056,1223.57,485.93,22.77,28.35,1,1,1,0
231,2050,744.02,105.0,374.09,525.4,1,1,1,1
231,2057,1890.86,453.93,14.76,16.29,1,1,1,0
231,2055,1810.76,382.29,58.68,64.99,1,1,1,0
231,2053,1273.96,470.71,24.53,30.09,1,1,1,0
231,2056,1223.92,485.41,22.73,28.36,1,1,1,0
232,2050,742.99,102.27,375.02,527.14,1,1,1,1
232,2057,1891.17,453.83,14.73,16.29,1,1,1,0
232,2055,1815.21,383.6,59.29,65.88,1,1,1,0
232,2053,1274.84,470.49,24.53,30.14,1,1,1,0
232,2056,1224.05,485.21,22.69,28.36,1,1,1,0
233,2050,743.46,102.39,374.51,526.28,1,1,1,1
233,2057,1892.07,453.8,14.7,16.29,1,1,1,0
233,2055,1820.14,384.49,59.12,65.82,1,1,1,0
233,2053,1275.17,470.21,24.51,30.16,1,1,1,0
233,2056,1224.88,485.14,22.65,28.35,1,1,1,0
234,2050,742.91,100.3,375.8,528.51,1,1,1,1
234,2057,1892.24,453.59,14.99,16.68,1,1,1,0
234,2055,1825.11,384.62,58.91,65.39,1,1,1,0
234,2053,1276.08,470.11,24.47,30.16,1,1,1,0
234,2056,1225.19,484.92,22.62,28.35,1,1,1,0
235,2050,743.43,98.37,376.47,529.32,1,1,1,1
235,2057,1893.1,453.12,15.05,16.83,1,1,1,0
235,2055,1829.61,384.26,58.07,64.43,1,1,1,0
235,2053,1276.42,469.68,24.44,30.16,1,1,1,0
235,2056,1226.23,484.44,22.32,27.95,1,1,1,0
236,2050,743.77,96.6,377.28,530.29,1,1,1,1
236,2057,1894.37,452.94,14.74,16.49,1,1,1,0
236,2055,1833.87,382.91,58.69,65.26,1,1,1,0
236,2053,1277.47,469.51,24.13,29.76,1,1,1,0
236,2056,1226.6,484.46,22.21,27.8,1,1,1,0
237,2050,744.27,96.48,376.84,529.34,1,1,1,1
237,2055,1838.32,382.2,57.71,64.38,1,1,1,0
237,2053,1278.64,469.46,24.02,29.61,1,1,1,0
237,2056,1227.06,484.48,22.29,27.74,1,1,1,0
238,2050,745.6,95.4,374.42,525.26,1,1,1,1
238,2055,1842.17,381.13,57.46,64.04,1,1,1,0
238,2053,1278.92,469.24,24.27,29.95,1,1,1,0
238,2056,1227.84,484.49,22.67,28.12,1,1,1,0
239,2050,745.63,94.84,374.46,524.69,1,1,1,1
239,2055,1845.35,380.13,56.79,63.12,1,1,1,0
239,2053,1279.01,469.16,24.34,30.08,1,1,1,0
239,2056,1228.09,484.1,22.85,28.26,1,1,1,0
240,2050,745.39,94.88,375.79,525.87,1,1,1,1
240,2055,1848.43,378.96,57.24,63.58,1,1,1,0
240,2053,1279.82,468.94,24.35,30.13,1,1,1,0
240,2056,1228.81,483.96,23.22,28.71,1,1,1,0
241,2050,745.32,94.94,377.04,527.11,1,1,1,1
241,2055,1851.94,378.73,57.2,63.75,1,1,1,0
241,2053,1279.98,468.86,24.62,30.54,1,1,1,0
241,2056,1229.06,484.1,23.37,28.88,1,1,1,0
242,2050,744.81,94.9,378.49,528.86,1,1,1,1
242,2055,1855.11,378.86,56.39,62.62,1,1,1,0
242,2053,1280.04,468.64,24.68,30.7,1,1,1,0
242,2056,1229.92,483.97,23.43,28.94,1,1,1,0
242,2060,1792.17,417.42,12.45,14.95,1,1,1,0
243,2050,743.96,95.32,380.35,531.5,1,1,1,1
243,2055,1857.8,378.52,55.97,62.2,1,1,1,0
243,2053,1280.72,468.36,24.94,31.15,1,1,1,0
243,2056,1230.37,483.92,23.18,28.57,1,1,1,0
243,2060,1793.05,417.37,12.52,15.04,1,1,1,0
244,2050,743.65,95.11,381.02,532.47,1,1,1,1
244,2055,1860.74,378.2,54.87,60.85,1,1,1,0
244,2053,1281.12,468.26,24.71,30.92,1,1,1,0
244,2056,1230.16,483.71,22.99,28.42,1,1,1,0
244,2060,1793.36,417.35,12.53,15.07,1,1,1,0
245,2050,744.07,95.95,380.21,531.13,1,1,1,1
245,2055,1863.89,379.1,53.28,58.73,1,1,1,0
245,2053,1282.2,468.62,24.32,30.43,1,1,1,0
245,2056,1230.87,483.63,22.89,28.36,1,1,1,0
245,2060,1793.22,416.9,12.96,15.53,1,1,1,0
246,2050,743.52,96.1,381.3,532.78,1,1,1,1
246,2055,1866.28,379.45,53.18,58.37,1,1,1,0
246,2053,1282.58,468.57,24.17,30.24,1,1,1,0
246,2056,1231.14,483.61,22.82,28.34,1,1,1,0
246,2060,1793.99,416.75,13.15,15.68,1,1,1,0
247,2050,743.71,96.57,380.92,532.19,1,1,1,1
247,2055,1868.7,380.59,53.06,58.26,1,1,1,0
247,2053,1282.85,468.55,23.84,29.77,1,1,1,0
247,2056,1232.04,483.4,22.76,28.33,1,1,1,0
247,2060,1794.23,416.5,13.26,15.72,1,1,1,0
248,2050,742.5,97.46,384.13,537.22,1,1,1,1
248,2055,1871.24,381.82,52.7,57.83,1,1,1,0
248,2053,1283.71,468.54,23.75,29.59,1,1,1,0
248,2056,1232.37,483.33,22.72,28.33,1,1,1,0
248,2060,1795.11,416.41,13.34,15.73,1,1,1,0
249,2050,745.13,99.69,379.97,530.86,1,1,1,1
249,2055,1873.16,383.48,51.98,56.89,1,1,1,0
249,2053,1284.67,468.55,24.01,29.93,1,1,1,0
249,2056,1233.28,483.5,22.68,28.33,1,1,1,0
249,2060,1796.2,416.39,13.41,15.73,1,1,1,0
250,2050,744.8,101.44,382.64,534.69,1,1,1,1
250,2055,1875.43,384.9,51.57,56.56,1,1,1,0
250,2053,1285.15,468.55,23.83,29.66,1,1,1,0
250,2056,1233.48,483.38,22.91,28.73,1,1,1,0
250,2060,1796.57,416.59,13.48,15.72,1,1,1,0
251,2050,747.94,104.88,377.88,526.57,1,1,1,1
251,2055,1877.8,385.61,51.38,56.45,1,1,1,0
251,2053,1285.43,468.55,23.51,29.16,1,1,1,0
251,2056,1234.72,483.33,22.63,28.48,1,1,1,0
251,2060,1797.46,416.67,13.55,15.71,1,1,1,0
252,2050,750.46,107.37,375.01,521.46,1,1,1,1
252,2055,1879.82,386.06,50.41,55.63,1,1,1,0
252,2053,1286.29,468.56,23.43,28.97,1,1,1,0
252,2056,1235.21,483.32,22.44,27.98,1,1,1,0
252,2060,1797.75,416.7,13.62,15.71,1,1,1,0
252,2061,0,341.36,110.54,213.83,1,1,1,0
253,2050,750.07,107.08,378.19,525.57,1,1,1,1
253,2055,1881.32,385.19,49.96,55.34,1,1,1,0
253,2053,1286.57,468.56,23.45,28.91,1,1,1,0
253,2056,1235.18,483.11,22.74,28.2,1,1,1,0
253,2060,1797.82,416.72,13.68,15.7,1,1,1,0
253,2061,0,333.08,132.84,218.55,1,1,1,0
254,2050,754.75,110.83,376.84,522.06,1,1,1,1
254,2055,1882.78,383.85,49.39,54.85,1,1,1,0
254,2053,1288.66,468.16,22.66,27.69,1,1,1,0
254,2056,1236.05,483.04,22.65,27.88,1,1,1,0
254,2060,1798.75,416.53,13.44,15.3,1,1,1,0
254,2061,0,329.8,154.86,215.99,1,1,1,0
255,2050,758.71,110.02,377.53,520.54,1,1,1,1
255,2055,1885.14,382.93,48.6,54.29,1,1,1,0
255,2053,1289.08,468.01,23.04,28.04,1,1,1,0
255,2056,1236.32,483.22,22.7,27.76,1,1,1,0
255,2060,1799.86,416.46,13.41,15.14,1,1,1,0
255,2061,0,327.44,176.73,214.09,1,1,1,0
256,2050,767.52,106.78,378.23,517.3,1,1,1,1
256,2055,1887.87,382.18,47.62,53.69,1,1,1,0
256,2053,1289.33,467.96,22.95,27.78,1,1,1,0
256,2056,1237.01,483.09,23.09,28.12,1,1,1,0
256,2060,1800.22,416.23,13.46,15.08,1,1,1,0
256,2061,24.77,325.77,178.2,208.65,1,1,1,0
257,2050,780.94,112.03,377.4,510.81,1,1,1,1
257,2055,1890.82,380.69,46.43,52.69,1,1,1,0
257,2053,1290.16,467.95,22.99,27.68,1,1,1,0
257,2056,1237.23,483.04,23.28,28.25,1,1,1,0
257,2060,1801.1,416.15,13.53,15.06,1,1,1,0
257,2061,55.87,325.16,176.73,203.8,1,1,1,0
258,2050,791.15,112.38,382.59,512.43,1,1,1,1
258,2055,1893.24,380.14,44.78,51.52,1,1,1,0
258,2053,1290.13,467.54,23.64,28.46,1,1,1,0
258,2056,1237.93,482.82,23.67,28.7,1,1,1,0
258,2060,1800.43,415.72,13.92,15.46,1,1,1,0
258,2061,90.79,325.3,175.46,198.81,1,1,1,0
259,2050,799.52,110.88,392.7,521.08,1,1,1,1
259,2055,1896.63,379.55,43.86,51.12,1,1,1,0
259,2053,1289.82,467.2,24.45,29.54,1,1,1,0
259,2056,1238.17,482.75,23.84,28.87,1,1,1,0
259,2060,1800.94,415.37,14.08,15.61,1,1,1,0
259,2061,122.06,324.83,181.07,202.23,1,1,1,0
260,2050,812.36,109.11,401.76,527.92,1,1,1,1
260,2055,1900.8,379.74,42.35,49.78,1,1,1,0
260,2053,1289.7,467.07,24.71,29.95,1,1,1,0
260,2056,1239.28,482.52,23.4,28.54,1,1,1,0
260,2060,1801.11,415.04,14.16,15.66,1,1,1,0
260,2061,152.03,330.06,192.0,212.95,1,1,1,0
261,2050,828.06,111.38,408.48,529.54,1,1,1,1
261,2055,1904.87,380.03,43.04,50.94,1,1,1,0
261,2053,1290.59,467.22,24.49,29.71,1,1,1,0
261,2056,1239.47,482.84,23.65,28.8,1,1,1,0
261,2060,1801.79,414.72,14.52,16.08,1,1,1,0
261,2061,188.4,334.2,180.48,196.92,1,1,1,0
262,2050,843.31,115.01,412.62,528.14,1,1,1,1
262,2055,1909.77,382.34,41.12,48.58,1,1,1,0
262,2053,1290.91,467.09,24.39,29.62,1,1,1,0
262,2060,1802.97,414.61,14.33,15.84,1,1,1,0
262,2061,218.77,340.04,185.74,201.4,1,1,1,0
263,2050,850.71,114.58,431.39,548.07,1,1,1,1
263,2053,1290.89,467.04,24.62,29.98,1,1,1,0
263,2060,1803.4,414.77,14.27,15.74,1,1,1,0
263,2061,254.28,346.29,176.64,188.87,1,1,1,0
264,2050,867.3,115.38,428.72,540.01,1,1,1,1
264,2053,1292.09,467.03,23.84,28.92,1,1,1,0
264,2060,1803.38,414.64,14.57,16.1,1,1,1,0
264,2061,283.75,351.93,178.31,189.14,1,1,1,0
265,2050,887.01,125.3,420.5,522.7,1,1,1,1
265,2053,1292.08,467.03,24.42,29.72,1,1,1,0
265,2060,1804.15,414.4,14.67,16.24,1,1,1,0
265,2061,315.66,352.44,180.33,189.7,1,1,1,0
266,2050,900.84,130.83,420.98,518.29,1,1,1,1
266,2053,1295.81,466.04,21.88,26.46,1,1,1,0
266,2060,1805.23,413.91,14.69,16.29,1,1,1,0
266,2061,345.15,355.18,180.52,188.78,1,1,1,0
266,2062,0,450.86,98.55,189.18,1,1,1,0
267,2050,914.31,134.72,416.91,509.17,1,1,1,1
267,2060,1805.78,413.93,14.38,15.91,1,1,1,0
267,2061,375.85,355.71,176.6,183.67,1,1,1,0
267,2062,0,452.42,119.6,189.0,1,1,1,0
268,2050,931.92,137.49,412.62,499.16,1,1,1,1
268,2060,1805.8,413.75,14.58,16.16,1,1,1,0
268,2061,406.34,356.42,172.47,177.78,1,1,1,0
268,2062,8.15,456.23,136.67,184.74,1,1,1,0
269,2050,945.83,140.54,411.91,494.21,1,1,1,1
269,2060,1806.59,413.69,14.64,16.25,1,1,1,0
269,2061,437.65,353.94,170.57,175.72,1,1,1,0
269,2062,38.48,459.42,135.05,181.35,1,1,1,0
270,2050,959.47,143.19,410.66,489.26,1,1,1,1
270,2060,1806.87,413.67,14.66,16.28,1,1,1,0
270,2061,461.49,349.32,169.95,174.66,1,1,1,0
270,2062,69.69,461.23,133.43,177.71,1,1,1,0
271,2050,969.04,144.28,411.09,487.75,1,1,1,1
271,2060,1806.97,413.67,14.65,16.29,1,1,1,0
271,2061,482.88,341.72,170.7,175.18,1,1,1,0
271,2062,98.25,460.85,131.92,174.02,1,1,1,0
272,2050,974.0,141.38,415.98,492.53,1,1,1,1
272,2060,1807.78,413.67,14.63,16.3,1,1,1,0
272,2061,505.13,337.5,170.16,175.05,1,1,1,0
272,2062,123.67,459.13,131.9,172.24,1,1,1,0
273,2050,978.13,139.92,418.78,494.71,1,1,1,1
273,2060,1808.08,413.48,14.62,16.29,1,1,1,0
273,2061,526.01,334.75,170.72,176.69,1,1,1,0
273,2062,147.68,456.99,131.3,169.86,1,1,1,0
274,2050,982.95,144.1,412.05,485.24,1,1,1,1
274,2060,1808.17,413.41,14.6,16.29,1,1,1,0
274,2061,545.15,335.76,172.25,179.36,1,1,1,0
274,2062,168.97,454.11,130.89,167.88,1,1,1,0
275,2050,981.37,143.1,410.49,483.03,1,1,1,1
275,2060,1808.2,413.39,14.59,16.29,1,1,1,0
275,2061,569.47,339.57,163.16,170.06,1,1,1,0
275,2062,189.07,448.31,131.27,167.28,1,1,1,0
276,2050,976.88,140.37,411.03,484.21,1,1,1,1
276,2060,1808.19,413.78,14.58,16.29,1,1,1,0
276,2061,590.23,344.97,158.79,164.91,1,1,1,0
276,2062,208.77,444.38,130.73,165.12,1,1,1,0
277,2050,968.8,137.8,412.67,487.04,1,1,1,1
277,2060,1808.97,413.74,14.57,16.29,1,1,1,0
277,2061,608.26,353.05,157.91,164.34,1,1,1,0
277,2062,224.93,440.94,130.41,163.2,1,1,1,0
278,2050,960.45,141.4,409.09,483.19,1,1,1,1
278,2060,1809.41,413.92,14.25,15.89,1,1,1,0
278,2061,624.3,355.55,155.59,162.18,1,1,1,0
278,2062,242.15,439.54,130.85,162.18,1,1,1,0
279,2050,948.47,137.73,414.95,492.41,1,1,1,1
279,2060,1809.39,413.79,14.46,16.14,1,1,1,0
279,2061,637.58,358.45,155.9,163.49,1,1,1,0
279,2062,259.53,439.9,130.58,159.86,1,1,1,0
280,2050,942.99,141.89,411.46,489.54,1,1,1,1
280,2060,1809.38,413.74,14.54,16.23,1,1,1,0
280,2061,655.58,361.67,151.57,160.03,1,1,1,0
280,2062,278.0,441.12,129.45,157.47,1,1,1,0
281,2050,935.94,138.28,411.49,491.66,1,1,1,1
281,2060,1809.51,414.13,14.25,15.87,1,1,1,0
281,2061,674.44,363.82,146.41,155.15,1,1,1,0
281,2062,293.85,442.23,129.6,155.86,1,1,1,0
282,2050,926.66,132.13,413.16,495.66,1,1,1,1
282,2060,1809.54,414.47,14.16,15.73,1,1,1,0
282,2061,693.34,364.33,137.5,146.92,1,1,1,0
282,2062,312.48,445.11,129.09,154.14,1,1,1,0
283,2050,916.33,128.42,413.96,498.18,1,1,1,1
283,2060,1809.38,414.2,14.46,16.08,1,1,1,0
283,2061,708.51,362.36,137.14,146.91,1,1,1,0
283,2062,334.12,448.64,126.51,149.94,1,1,1,0
284,2050,905.65,126.23,415.95,502.3,1,1,1,1
284,2060,1809.31,414.5,14.56,16.21,1,1,1,0
284,2061,722.3,363.25,133.74,142.92,1,1,1,0
284,2062,353.63,451.18,123.97,146.03,1,1,1,0
285,2050,896.34,122.46,417.08,505.63,1,1,1,1
285,2060,1809.28,414.61,14.59,16.26,1,1,1,0
285,2061,740.43,361.68,130.77,139.93,1,1,1,0
285,2062,370.0,450.66,124.92,145.93,1,1,1,0
285,2063,1293.14,467.38,24.52,28.21,1,1,1,0
286,2050,885.05,115.92,421.73,514.0,1,1,1,1
286,2060,1809.27,414.65,14.59,16.28,1,1,1,0
286,2061,757.44,358.41,128.6,137.73,1,1,1,0
286,2062,387.45,448.44,123.19,142.73,1,1,1,0
286,2063,1293.5,467.61,23.81,27.37,1,1,1,0
286,2056,1247.2,482.14,20.05,24.73,1,1,1,0
287,2050,876.88,113.38,422.43,516.84,1,1,1,1
287,2060,1809.42,414.86,14.28,15.88,1,1,1,0
287,2061,771.25,353.52,130.7,140.72,1,1,1,0
287,2062,402.32,444.54,121.87,140.43,1,1,1,0
287,2063,1293.61,467.69,23.58,27.09,1,1,1,0
287,2056,1246.7,482.58,21.11,25.99,1,1,1,0
288,2050,873.33,115.35,419.5,514.99,1,1,1,1
288,2060,1809.45,415.14,14.18,15.73,1,1,1,0
288,2061,787.55,350.75,131.18,141.07,1,1,1,0
288,2062,424.22,442.31,111.36,126.66,1,1,1,0
288,2063,1294.73,467.93,23.17,26.57,1,1,1,0
288,2056,1245.28,482.3,22.39,27.95,1,1,1,0
289,2050,869.02,114.69,417.9,514.9,1,1,1,1
289,2060,1809.45,415.24,14.17,15.68,1,1,1,0
289,2061,802.47,347.92,134.0,144.09,1,1,1,0
289,2062,439.12,437.29,109.86,123.36,1,1,1,0
289,2063,1295.06,468.0,23.08,26.43,1,1,1,0
289,2056,1244.85,482.19,22.65,27.89,1,1,1,0
290,2050,864.68,114.19,416.69,515.51,1,1,1,1
290,2060,1809.59,415.87,13.87,15.26,1,1,1,0
290,2061,822.56,347.88,131.93,142.88,1,1,1,0
290,2062,452.72,433.33,112.46,124.84,1,1,1,0
290,2063,1295.37,468.02,22.63,25.97,1,1,1,0
290,2056,1244.62,482.15,22.85,27.85,1,1,1,0
291,2050,861.76,114.75,414.35,515.0,1,1,1,1
291,2060,1809.46,415.91,14.12,15.51,1,1,1,0
291,2061,839.87,359.55,118.26,128.83,1,1,1,0
291,2062,465.36,429.54,117.86,130.34,1,1,1,0
291,2063,1295.41,468.02,22.6,25.82,1,1,1,0
291,2056,1245.16,482.13,23.28,28.23,1,1,1,0
292,2050,856.8,113.42,414.37,516.74,1,1,1,1
292,2060,1810.2,416.11,14.22,15.6,1,1,1,0
292,2061,856.97,384.12,99.48,108.92,1,1,1,0
292,2062,481.98,427.0,118.46,130.82,1,1,1,0
292,2063,1295.37,468.02,22.66,25.79,1,1,1,0
292,2056,1245.34,482.33,23.48,28.37,1,1,1,0
293,2050,850.82,108.49,416.15,520.64,1,1,1,1
293,2060,1809.52,416.19,14.58,16.04,1,1,1,0
293,2062,497.57,426.73,118.23,130.28,1,1,1,0
293,2063,1295.15,468.01,23.07,26.2,1,1,1,0
293,2056,1245.39,482.2,23.6,28.41,1,1,1,0
294,2050,846.27,105.19,415.8,522.76,1,1,1,1
294,2060,1810.06,416.21,14.7,16.2,1,1,1,0
294,2062,514.92,429.32,114.22,124.92,1,1,1,0
294,2063,1296.17,468.01,22.63,25.55,1,1,1,0
294,2056,1245.39,482.36,23.67,28.42,1,1,1,0
295,2050,841.27,97.65,418.19,528.28,1,1,1,1
295,2060,1809.48,416.21,14.73,16.26,1,1,1,0
295,2062,535.03,431.41,106.83,114.81,1,1,1,0
295,2063,1296.51,468.21,22.55,25.31,1,1,1,0
295,2056,1245.37,482.42,23.73,28.41,1,1,1,0
296,2050,839.55,93.67,416.28,527.54,1,1,1,1
296,2060,1809.11,416.41,15.03,16.68,1,1,1,0
296,2062,546.36,433.93,114.06,121.67,1,1,1,0
296,2063,1297.23,468.08,22.93,25.64,1,1,1,0
296,2056,1245.35,482.44,23.77,28.4,1,1,1,0
297,2050,838.1,91.65,415.53,528.17,1,1,1,1
297,2060,1808.99,416.48,15.1,16.84,1,1,1,0
297,2062,561.46,435.77,118.7,126.35,1,1,1,0
297,2063,1297.46,468.23,23.12,25.77,1,1,1,0
297,2056,1245.47,482.45,23.53,28.0,1,1,1,0
298,2050,838.19,91.37,416.28,530.34,1,1,1,1
298,2060,1809.75,416.5,15.09,16.89,1,1,1,0
298,2062,578.48,436.88,120.25,127.79,1,1,1,0
298,2063,1297.35,468.08,23.56,26.23,1,1,1,0
298,2056,1245.35,482.45,23.76,28.24,1,1,1,0
299,2050,837.21,90.37,417.68,533.68,1,1,1,1
299,2060,1810.06,416.5,15.04,16.91,1,1,1,0
299,2062,597.74,438.9,119.01,125.99,1,1,1,0
299,2063,1297.29,468.02,23.74,26.4,1,1,1,0
299,2056,1245.43,482.45,23.58,27.93,1,1,1,0
300,2050,835.51,89.27,418.74,536.86,1,1,1,1
300,2060,1810.19,416.7,15.0,16.91,1,1,1,0
300,2062,616.76,439.67,120.09,126.94,1,1,1,0
300,2063,1297.25,468.0,23.82,26.47,1,1,1,0
300,2056,1246.1,482.45,23.83,28.21,1,1,1,0
301,2050,833.31,85.77,422.09,543.55,1,1,1,1
301,2060,1810.25,416.77,14.95,16.91,1,1,1,0
301,2062,639.79,441.94,116.72,123.33,1,1,1,0
301,2063,1297.32,468.19,23.65,26.5,1,1,1,0
301,2056,1246.18,482.45,24.27,29.1,1,1,1,0
302,2050,833.41,83.91,423.67,547.8,1,1,1,1
302,2060,1810.28,416.2,14.9,16.91,1,1,1,0
302,2062,674.3,444.4,115.5,121.98,1,1,1,0
302,2063,1298.08,468.06,23.7,26.51,1,1,1,0
302,2056,1246.29,482.25,24.26,29.44,1,1,1,0
303,2050,835.15,84.18,424.24,550.41,1,1,1,1
303,2060,1811.09,415.58,14.86,16.91,1,1,1,0
303,2062,709.39,443.68,113.24,119.51,1,1,1,0
303,2063,1297.73,467.62,24.97,28.1,1,1,1,0
303,2056,1246.4,481.98,24.1,29.56,1,1,1,0
304,2050,837.19,77.34,424.65,552.79,1,1,1,1
304,2060,1812.35,415.15,14.52,16.51,1,1,1,0
304,2062,761.89,435.5,102.15,107.31,1,1,1,0
304,2063,1296.89,467.06,26.85,30.64,1,1,1,0
304,2056,1247.71,481.68,23.08,28.42,1,1,1,0
