1,19,235.2,389.33,284.92,330.87,1,1,1,1
1,20,1073.97,111.04,388.12,431.37,1,1,1,1
2,19,234.61,387.5,286.09,332.18,1,1,1,1
2,20,1079.95,119.02,384.02,426.79,1,1,1,1
3,19,236.61,385.78,287.49,333.81,1,1,1,1
3,20,1083.86,130.88,372.82,414.33,1,1,1,1
4,19,240.26,385.73,287.5,333.84,1,1,1,1
4,20,1088.79,127.71,374.86,416.55,1,1,1,1
5,19,242.26,386.43,286.29,332.25,1,1,1,1
5,20,1091.59,127.35,376.05,417.94,1,1,1,1
6,19,243.26,386.06,287.93,334.06,1,1,1,1
6,20,1093.43,127.31,376.15,418.55,1,1,1,1
7,19,244.75,384.89,289.41,335.74,1,1,1,1
7,20,1098.26,128.27,376.01,418.42,1,1,1,1
8,19,245.55,383.03,292.15,339.43,1,1,1,1
8,20,1101.38,124.17,378.36,421.76,1,1,1,1
9,19,246.09,382.17,292.37,340.13,1,1,1,1
9,20,1103.47,123.56,378.29,422.49,1,1,1,1
10,19,248.34,383.51,289.22,336.28,1,1,1,1
10,20,1106.48,126.17,374.72,419.51,1,1,1,1
11,19,249.77,384.24,287.89,334.59,1,1,1,1
11,20,1111.38,126.42,374.11,419.32,1,1,1,1
12,19,252.3,385.14,286.42,332.94,1,1,1,1
12,20,1113.53,127.3,373.39,419.27,1,1,1,1
12,21,23.05,496.85,29.44,44.12,1,1,1,0
13,19,255.01,385.89,285.43,331.92,1,1,1,1
13,20,1113.48,128.51,373.79,420.98,1,1,1,1
13,21,25.87,496.66,29.4,44.02,1,1,1,0
14,19,257.27,384.96,285.26,331.95,1,1,1,1
14,20,1115.3,129.84,374.07,422.73,1,1,1,1
14,21,30.06,496.6,28.54,42.58,1,1,1,0
15,19,259.4,385.02,284.1,330.36,1,1,1,1
15,20,1115.12,126.01,381.3,432.9,1,1,1,1
15,21,34.85,495.9,28.39,42.14,1,1,1,0
16,19,263.36,385.45,282.03,327.77,1,1,1,1
16,20,1116.9,118.82,388.49,442.83,1,1,1,1
16,21,38.54,496.79,28.82,42.47,1,1,1,0
17,19,265.33,383.2,283.05,328.82,1,1,1,1
17,20,1117.57,115.38,392.63,449.62,1,1,1,1
17,21,42.59,498.59,28.51,41.75,1,1,1,0
18,19,268.44,382.37,282.44,327.64,1,1,1,1
18,20,1116.86,114.88,394.36,454.9,1,1,1,1
18,21,47.16,498.16,29.17,42.36,1,1,1,0
19,19,270.31,381.47,282.75,327.41,1,1,1,1
19,20,1116.39,113.24,394.82,458.69,1,1,1,1
19,21,51.27,499.03,28.88,41.76,1,1,1,0
20,19,272.59,380.54,282.26,326.34,1,1,1,1
20,20,1116.09,111.37,395.84,462.89,1,1,1,1
20,21,54.07,498.1,29.21,41.96,1,1,1,0
21,19,272.08,377.81,285.06,329.56,1,1,1,1
21,20,1116.61,110.69,392.83,462.01,1,1,1,1
21,21,56.48,496.12,29.73,42.46,1,1,1,0
22,19,271.98,376.41,286.29,330.78,1,1,1,1
22,20,1120.13,106.61,388.44,458.68,1,1,1,1
22,21,58.09,493.37,30.62,43.45,1,1,1,0
23,19,273.28,377.1,284.93,328.86,1,1,1,1
23,20,1121.96,100.33,384.06,454.52,1,1,1,1
23,21,60.56,490.36,30.46,43.03,1,1,1,0
24,19,274.4,376.6,285.2,328.93,1,1,1,1
24,20,1121.03,96.82,383.52,455.65,1,1,1,1
24,21,63.05,486.02,31.02,43.67,1,1,1,0
25,19,276.05,376.04,286.72,330.56,1,1,1,1
25,20,1119.95,97.95,382.71,457.22,1,1,1,1
25,21,65.76,483.84,31.13,43.51,1,1,1,0
26,19,276.95,374.65,287.71,331.57,1,1,1,1
26,20,1119.82,99.14,382.15,459.45,1,1,1,1
26,21,68.31,481.26,31.64,43.84,1,1,1,0
27,19,279.25,374.16,286.43,329.17,1,1,1,1
27,20,1120.22,99.96,380.96,460.73,1,1,1,1
27,21,71.98,479.35,31.97,43.97,1,1,1,0
28,19,283.94,377.19,281.37,321.87,1,1,1,1
28,20,1120.47,100.02,378.69,460.66,1,1,1,1
28,21,75.37,478.09,32.45,44.41,1,1,1,0
29,19,284.67,377.56,280.98,320.33,1,1,1,1
29,20,1123.21,100.38,372.47,454.72,1,1,1,1
29,21,79.42,477.86,32.4,44.18,1,1,1,0
30,19,279.91,375.3,288.37,329.01,1,1,1,1
30,20,1125.17,99.77,369.84,452.41,1,1,1,1
30,21,83.57,477.84,32.58,44.08,1,1,1,0
31,19,278.35,376.84,294.98,338.57,1,1,1,1
31,20,1126.65,98.07,369.34,452.22,1,1,1,1
31,21,87.82,478.68,33.31,44.84,1,1,1,0
32,19,278.84,381.57,297.61,343.98,1,1,1,1
32,20,1127.96,97.66,368.79,452.15,1,1,1,1
32,21,92.03,479.23,34.24,45.92,1,1,1,0
33,19,280.3,383.2,295.59,343.45,1,1,1,1
33,20,1129.94,100.93,365.58,448.52,1,1,1,1
33,21,97.45,479.86,34.12,45.53,1,1,1,0
34,19,279.51,381.84,292.24,340.81,1,1,1,1
34,20,1133.88,103.8,362.34,444.35,1,1,1,1
34,21,102.36,479.75,34.35,45.77,1,1,1,0
35,19,277.54,379.51,288.64,337.56,1,1,1,1
35,20,1137.02,103.29,362.56,444.4,1,1,1,1
35,21,107.38,479.53,34.27,45.46,1,1,1,0
36,19,275.18,376.04,287.26,336.9,1,1,1,1
36,20,1140.37,104.1,361.82,442.84,1,1,1,1
36,21,113.66,479.47,34.25,45.33,1,1,1,0
37,19,275.07,375.53,284.38,334.24,1,1,1,1
37,20,1143.2,106.01,359.93,439.89,1,1,1,1
37,21,120.22,478.08,33.9,44.88,1,1,1,0
38,19,274.91,375.35,282.22,332.43,1,1,1,1
38,20,1147.76,111.83,356.93,435.1,1,1,1,1
38,21,126.11,476.17,33.44,44.31,1,1,1,0
39,19,275.2,374.5,280.73,330.95,1,1,1,1
39,20,1151.39,112.29,357.85,435.46,1,1,1,1
39,21,132.04,474.08,33.22,43.69,1,1,1,0
40,19,277.44,375.0,278.42,328.4,1,1,1,1
40,20,1155.25,110.44,358.69,435.64,1,1,1,1
40,21,135.9,472.12,32.6,42.66,1,1,1,0
41,19,276.98,370.8,279.09,329.06,1,1,1,1
41,20,1156.84,109.11,358.16,434.55,1,1,1,1
41,21,138.51,471.03,31.48,41.07,1,1,1,0
42,19,277.11,369.04,278.25,327.52,1,1,1,1
42,20,1158.14,108.1,357.61,433.28,1,1,1,1
42,21,142.05,469.45,31.59,40.89,1,1,1,0
43,19,277.6,367.41,277.35,325.96,1,1,1,1
43,20,1160.21,105.8,356.47,430.95,1,1,1,1
43,21,146.33,467.9,31.77,40.84,1,1,1,0
44,19,277.8,366.64,276.69,324.4,1,1,1,1
44,20,1161.95,105.14,356.37,430.12,1,1,1,1
44,21,149.83,466.77,32.3,41.24,1,1,1,0
45,19,278.08,365.38,277.25,324.44,1,1,1,1
45,20,1163.66,103.6,356.08,428.75,1,1,1,1
45,21,153.78,465.98,33.11,41.79,1,1,1,0
46,19,278.55,365.35,277.13,323.68,1,1,1,1
46,20,1163.19,103.82,356.46,428.29,1,1,1,1
46,21,156.99,466.33,33.43,42.01,1,1,1,0
47,19,278.05,365.17,277.64,323.63,1,1,1,1
47,20,1163.15,99.53,357.78,428.55,1,1,1,1
47,21,160.12,466.5,33.57,42.1,1,1,1,0
48,19,276.86,364.34,279.44,325.23,1,1,1,1
48,20,1164.88,98.03,357.86,426.6,1,1,1,1
48,21,163.95,466.8,33.4,41.73,1,1,1,0
48,22,20.04,449.78,35.54,38.45,1,1,1,0
49,19,276.51,364.65,280.33,326.05,1,1,1,1
49,20,1166.16,99.69,356.53,422.71,1,1,1,1
49,21,167.36,466.95,33.67,42.0,1,1,1,0
49,22,24.46,449.65,38.32,41.63,1,1,1,0
50,19,275.99,364.01,282.15,328.36,1,1,1,1
50,20,1167.06,99.45,357.87,421.99,1,1,1,1
50,21,170.85,468.02,33.64,41.71,1,1,1,0
50,22,29.16,450.91,39.63,43.28,1,1,1,0
51,19,275.84,364.98,282.03,328.44,1,1,1,1
51,20,1171.38,100.87,358.7,419.87,1,1,1,1
51,21,174.39,469.05,33.86,41.6,1,1,1,0
51,22,35.04,452.88,38.63,42.49,1,1,1,0
52,19,274.81,365.37,282.36,329.27,1,1,1,1
52,20,1172.11,100.33,362.28,421.03,1,1,1,1
52,21,176.81,469.05,34.27,41.96,1,1,1,0
52,22,40.73,449.71,40.25,44.66,1,1,1,0
53,19,257.13,360.37,286.85,336.34,1,1,1,1
53,20,1152.48,100.83,363.39,420.82,1,1,1,1
54,19,250.61,359.29,287.91,339.38,1,1,1,1
54,20,1143.89,98.94,366.07,422.87,1,1,1,1
54,22,111.78,414.94,36.2,47.25,1,1,1,0
55,19,248.38,358.91,287.53,340.51,1,1,1,1
55,20,1139.21,102.62,363.66,419.3,1,1,1,1
55,22,114.43,413.33,36.75,47.99,1,1,1,0
56,19,248.78,359.2,286.24,340.5,1,1,1,1
56,20,1138.33,104.52,362.69,417.08,1,1,1,1
56,22,117.33,412.09,36.9,48.24,1,1,1,0
56,24,20.25,435.31,38.5,48.58,1,1,1,0
57,19,248.85,358.55,285.78,341.25,1,1,1,1
57,20,1137.49,104.14,363.86,417.38,1,1,1,1
57,22,120.59,411.51,36.56,47.85,1,1,1,0
57,24,21.0,433.79,40.43,51.07,1,1,1,0
58,19,248.78,357.14,285.86,342.69,1,1,1,1
58,20,1138.41,105.28,363.15,415.24,1,1,1,1
58,22,123.89,412.89,35.72,46.83,1,1,1,0
58,24,23.53,432.36,42.12,53.29,1,1,1,0
59,19,249.31,357.62,284.91,342.6,1,1,1,1
59,20,1137.37,104.1,364.2,415.67,1,1,1,1
59,22,127.57,413.41,36.03,47.34,1,1,1,0
59,24,27.4,431.48,42.56,53.97,1,1,1,0
60,19,249.32,357.24,284.14,342.73,1,1,1,1
60,20,1135.8,103.45,365.04,415.88,1,1,1,1
60,22,131.14,414.85,35.78,47.1,1,1,1,0
60,24,31.07,431.23,43.23,54.97,1,1,1,0
61,19,249.66,357.12,283.41,342.74,1,1,1,1
61,20,1136.43,104.4,365.01,414.79,1,1,1,1
61,22,135.8,417.24,35.11,46.19,1,1,1,0
61,24,33.25,431.18,44.43,56.51,1,1,1,0
62,19,250.94,358.29,281.32,340.73,1,1,1,1
62,20,1135.25,101.76,367.92,417.61,1,1,1,1
62,22,140.01,416.45,36.68,48.34,1,1,1,0
62,24,36.16,430.99,44.94,57.03,1,1,1,0
63,19,252.11,357.96,279.65,339.14,1,1,1,1
63,20,1136.58,98.68,371.9,420.98,1,1,1,1
63,22,145.13,416.76,36.77,48.31,1,1,1,0
63,24,39.93,432.16,43.96,55.55,1,1,1,0
64,19,252.05,356.46,279.7,339.52,1,1,1,1
64,20,1135.21,95.54,375.21,423.85,1,1,1,1
64,22,150.81,416.26,37.42,49.09,1,1,1,0
64,24,44.02,431.83,43.6,54.51,1,1,1,0
65,19,251.2,356.3,279.85,340.06,1,1,1,1
65,20,1134.73,94.37,376.82,424.94,1,1,1,1
65,22,155.79,414.46,38.27,50.18,1,1,1,0
65,24,46.41,430.09,44.7,55.31,1,1,1,0
66,19,250.05,356.86,282.02,343.63,1,1,1,1
66,20,1133.79,96.74,375.8,423.35,1,1,1,1
66,22,160.87,412.99,38.26,50.19,1,1,1,0
66,24,49.14,428.06,45.46,55.59,1,1,1,0
67,19,249.06,356.49,282.83,345.56,1,1,1,1
67,20,1133.39,100.45,373.53,419.95,1,1,1,1
67,22,165.23,410.63,38.65,50.57,1,1,1,0
67,24,50.84,425.72,46.74,56.47,1,1,1,0
68,19,249.45,356.76,282.43,345.88,1,1,1,1
68,20,1133.24,100.27,374.69,420.26,1,1,1,1
68,22,168.8,408.76,39.01,51.1,1,1,1,0
68,24,53.95,426.05,45.61,54.4,1,1,1,0
69,19,250.96,356.28,281.22,344.97,1,1,1,1
69,20,1132.52,98.61,376.51,421.57,1,1,1,1
69,22,171.94,406.48,38.82,50.9,1,1,1,0
69,24,56.43,424.41,46.32,54.78,1,1,1,0
70,19,252.66,356.11,279.33,342.61,1,1,1,1
70,20,1131.33,97.3,377.06,421.97,1,1,1,1
70,22,175.38,404.64,38.49,50.41,1,1,1,0
70,24,59.42,423.44,46.23,54.12,1,1,1,0
71,19,253.82,356.06,277.52,340.11,1,1,1,1
71,20,1131.22,98.1,377.01,422.03,1,1,1,1
71,22,177.5,401.58,39.4,51.81,1,1,1,0
71,24,63.17,423.71,45.64,53.05,1,1,1,0
72,19,254.58,354.05,277.11,339.15,1,1,1,1
72,20,1132.93,97.22,376.71,420.85,1,1,1,1
72,22,180.56,398.89,39.13,51.54,1,1,1,0
72,24,65.95,423.04,45.62,52.64,1,1,1,0
73,19,256.06,352.51,276.59,338.0,1,1,1,1
73,20,1129.75,96.9,375.91,420.4,1,1,1,1
73,22,183.55,396.52,39.82,52.61,1,1,1,0
73,24,67.97,422.62,46.54,53.3,1,1,1,0
74,19,256.47,350.36,277.08,337.98,1,1,1,1
74,20,1129.61,96.79,375.49,419.84,1,1,1,1
74,22,186.37,395.66,39.83,52.61,1,1,1,0
74,24,69.83,421.29,48.07,54.73,1,1,1,0
75,19,257.17,349.57,277.38,337.58,1,1,1,1
75,20,1129.9,95.16,376.29,420.83,1,1,1,1
75,22,189.61,396.18,40.34,53.39,1,1,1,0
75,24,72.58,421.41,49.18,56.06,1,1,1,0
76,19,256.9,348.9,278.46,338.23,1,1,1,1
76,20,1130.68,91.88,379.67,424.29,1,1,1,1
76,22,193.56,397.41,40.77,54.07,1,1,1,0
76,24,75.65,421.28,50.29,57.35,1,1,1,0
77,19,255.9,349.48,279.94,339.29,1,1,1,1
77,20,1131.48,91.55,380.34,424.7,1,1,1,1
77,22,198.06,398.9,38.45,50.77,1,1,1,0
77,24,77.93,421.65,52.04,59.8,1,1,1,0
78,19,254.89,351.31,282.57,342.08,1,1,1,1
78,20,1130.61,90.95,380.96,425.34,1,1,1,1
78,22,201.33,399.34,38.31,50.27,1,1,1,0
78,24,81.17,422.97,51.89,59.94,1,1,1,0
79,19,253.7,351.43,285.07,344.92,1,1,1,1
79,20,1130.46,89.76,382.82,427.16,1,1,1,1
79,22,203.16,399.92,39.17,51.29,1,1,1,0
79,24,85.03,424.11,50.81,59.18,1,1,1,0
80,19,253.19,351.29,286.31,346.18,1,1,1,1
80,20,1130.31,90.83,382.11,426.15,1,1,1,1
80,22,205.38,400.15,38.18,49.69,1,1,1,0
80,24,89.16,423.37,50.98,59.66,1,1,1,0
81,19,253.48,350.85,286.0,345.44,1,1,1,1
81,20,1131.58,92.95,380.39,423.65,1,1,1,1
81,22,206.5,399.45,39.52,51.49,1,1,1,0
81,24,93.36,422.11,51.09,60.22,1,1,1,0
82,19,254.14,349.5,285.37,344.35,1,1,1,1
82,20,1132.08,93.07,380.09,422.59,1,1,1,1
82,22,208.54,397.63,40.38,52.54,1,1,1,0
82,24,97.73,420.66,50.59,60.02,1,1,1,0
83,19,254.52,348.2,285.16,343.91,1,1,1,1
83,20,1132.5,90.94,383.1,425.59,1,1,1,1
83,22,210.85,395.17,41.37,54.12,1,1,1,0
83,24,101.77,418.73,50.17,59.93,1,1,1,0
84,19,254.43,347.73,285.15,343.74,1,1,1,1
84,20,1131.19,86.67,387.15,429.99,1,1,1,1
84,22,214.27,392.68,41.77,54.72,1,1,1,0
84,24,105.74,416.82,49.89,59.87,1,1,1,0
85,19,253.53,347.97,285.27,343.66,1,1,1,1
85,20,1130.99,89.23,384.51,426.69,1,1,1,1
85,22,217.35,390.37,41.11,53.75,1,1,1,0
85,24,108.61,415.33,50.05,60.24,1,1,1,0
86,19,252.4,347.68,286.48,345.22,1,1,1,1
86,20,1129.8,89.44,384.1,425.99,1,1,1,1
86,22,220.31,388.13,39.03,50.97,1,1,1,0
86,24,110.73,413.6,50.35,60.76,1,1,1,0
87,19,251.94,347.98,286.2,345.01,1,1,1,1
87,20,1130.62,89.14,384.59,426.12,1,1,1,1
87,22,224.74,386.11,36.58,47.07,1,1,1,0
87,24,112.42,413.18,50.65,61.34,1,1,1,0
88,19,250.58,347.32,286.1,344.91,1,1,1,1
88,20,1130.07,85.96,386.91,428.45,1,1,1,1
88,22,228.03,385.02,36.18,46.04,1,1,1,0
88,24,113.7,413.84,50.9,61.95,1,1,1,0
89,19,249.92,347.68,283.97,341.88,1,1,1,1
89,20,1128.92,82.69,389.65,431.01,1,1,1,1
89,22,230.52,384.47,36.27,45.7,1,1,1,0
89,24,114.9,414.12,50.92,62.17,1,1,1,0
90,19,248.13,348.03,282.76,339.73,1,1,1,1
90,20,1125.47,81.98,389.56,430.67,1,1,1,1
90,22,232.34,385.13,35.87,44.78,1,1,1,0
90,24,115.95,415.44,51.01,62.23,1,1,1,0
91,19,247.3,350.17,280.67,336.13,1,1,1,1
91,20,1123.6,79.16,392.64,433.9,1,1,1,1
91,24,117.03,416.56,51.19,62.64,1,1,1,0
92,19,243.53,349.78,282.34,337.2,1,1,1,1
92,20,1122.42,83.78,388.42,428.65,1,1,1,1
92,24,117.96,417.2,51.99,63.97,1,1,1,0
93,19,242.14,349.23,282.5,336.82,1,1,1,1
93,20,1120.84,86.59,385.89,425.42,1,1,1,1
93,24,118.53,417.64,52.09,64.46,1,1,1,0
94,19,240.18,348.63,282.71,336.3,1,1,1,1
94,20,1119.81,89.96,382.67,421.3,1,1,1,1
94,24,119.26,417.42,52.34,65.03,1,1,1,0
95,19,239.34,348.8,282.38,334.93,1,1,1,1
95,20,1117.63,94.23,378.72,416.77,1,1,1,1
95,24,120.35,416.16,51.42,64.05,1,1,1,0
96,19,238.62,349.67,281.16,332.04,1,1,1,1
96,20,1113.58,93.42,377.37,416.3,1,1,1,1
96,24,120.39,413.49,51.93,64.84,1,1,1,0
97,19,237.43,349.2,282.22,331.77,1,1,1,1
97,20,1112.13,88.99,380.05,420.26,1,1,1,1
97,24,121.24,411.91,51.72,64.74,1,1,1,0
98,19,236.3,350.22,282.86,330.91,1,1,1,1
98,20,1110.23,95.77,372.75,413.72,1,1,1,1
98,24,122.63,410.73,51.11,63.89,1,1,1,0
99,19,234.77,348.81,285.4,332.81,1,1,1,1
99,20,1108.93,97.65,369.66,411.75,1,1,1,1
99,24,123.02,408.91,52.08,65.15,1,1,1,0
100,19,235.63,349.27,285.56,332.16,1,1,1,1
100,20,1110.63,96.92,370.29,413.26,1,1,1,1
100,24,123.76,407.66,52.74,66.01,1,1,1,0
101,19,234.71,349.65,287.39,333.73,1,1,1,1
101,20,1110.79,95.83,372.44,416.06,1,1,1,1
101,24,125.09,407.21,52.71,65.93,1,1,1,0
102,19,232.79,349.2,290.08,336.52,1,1,1,1
102,20,1110.56,93.7,374.72,418.84,1,1,1,1
102,24,126.52,407.27,53.36,67.07,1,1,1,0
103,19,230.57,348.63,292.95,339.97,1,1,1,1
103,20,1111.86,93.57,375.3,419.21,1,1,1,1
103,24,128.69,408.3,52.63,66.31,1,1,1,0
104,19,229.52,348.61,293.71,340.67,1,1,1,1
104,20,1110.89,94.71,374.95,418.96,1,1,1,1
104,24,130.74,409.13,52.52,66.4,1,1,1,0
105,19,230.09,350.0,291.7,337.55,1,1,1,1
105,20,1111.72,96.53,374.06,417.67,1,1,1,1
105,24,134.22,410.84,52.56,66.42,1,1,1,0
105,25,532.15,463.46,5.82,6.87,1,1,1,0
106,19,230.93,351.13,290.95,336.14,1,1,1,1
106,20,1112.04,99.6,371.79,415.59,1,1,1,1
106,24,137.79,411.31,53.87,68.01,1,1,1,0
106,25,531.36,463.46,5.66,6.68,1,1,1,0
107,19,230.67,350.95,291.47,336.21,1,1,1,1
107,20,1111.46,102.03,369.6,413.72,1,1,1,1
107,24,141.24,413.26,54.02,68.2,1,1,1,0
107,25,530.18,463.46,6.04,7.1,1,1,1,0
108,19,230.48,350.08,292.69,337.44,1,1,1,1
108,20,1111.62,100.52,371.27,415.43,1,1,1,1
108,24,144.76,411.84,56.66,71.82,1,1,1,0
108,25,529.4,463.24,6.17,7.23,1,1,1,0
109,19,229.36,349.15,294.08,338.9,1,1,1,1
109,20,1111.4,102.61,369.32,413.21,1,1,1,1
109,24,149.02,410.92,58.66,74.34,1,1,1,0
109,25,528.49,463.38,5.85,6.84,1,1,1,0
110,19,230.13,348.6,294.23,338.85,1,1,1,1
110,20,1113.41,103.08,369.23,412.88,1,1,1,1
110,24,155.17,408.23,57.88,72.97,1,1,1,0
110,25,526.77,462.56,6.46,7.56,1,1,1,0
111,19,229.99,348.39,293.5,337.23,1,1,1,1
111,20,1114.32,103.12,368.94,412.28,1,1,1,1
111,24,159.64,404.99,59.74,75.54,1,1,1,0
111,25,525.78,462.49,6.69,7.79,1,1,1,0
112,19,230.12,347.52,294.46,337.81,1,1,1,1
112,20,1116.05,105.9,366.08,408.88,1,1,1,1
112,24,164.1,401.85,57.64,72.99,1,1,1,0
112,25,525.19,462.48,6.1,7.08,1,1,1,0
113,19,228.29,346.8,297.91,342.0,1,1,1,1
113,20,1115.78,106.22,365.26,408.12,1,1,1,1
113,24,168.66,400.04,56.44,71.53,1,1,1,0
113,21,476.66,407.95,41.94,58.34,1,1,1,0
114,19,229.17,347.33,298.45,343.18,1,1,1,1
114,20,1115.61,111.1,359.92,403.07,1,1,1,1
114,24,172.88,397.8,55.32,70.17,1,1,1,0
114,21,480.73,408.0,41.02,57.04,1,1,1,0
115,19,229.2,347.14,298.79,343.61,1,1,1,1
115,20,1116.59,104.68,365.89,409.83,1,1,1,1
115,24,175.83,396.6,54.9,69.64,1,1,1,0
115,21,486.21,410.62,41.03,57.08,1,1,1,0
116,19,229.12,346.68,298.5,342.96,1,1,1,1
116,20,1117.42,103.36,366.78,410.29,1,1,1,1
116,24,179.45,394.99,50.86,64.24,1,1,1,0
116,21,490.36,411.64,41.74,58.03,1,1,1,0
117,19,229.24,346.91,296.41,340.3,1,1,1,1
117,20,1116.76,100.85,368.27,411.47,1,1,1,1
117,24,180.94,393.84,53.18,67.12,1,1,1,0
117,21,494.33,413.01,41.66,57.92,1,1,1,0
118,19,229.06,347.81,294.07,337.28,1,1,1,1
118,20,1116.25,103.38,365.78,408.45,1,1,1,1
118,24,183.23,394.04,53.79,67.72,1,1,1,0
118,21,499.82,416.83,39.84,55.33,1,1,1,0
119,19,228.55,348.15,293.68,336.55,1,1,1,1
119,20,1117.41,97.45,371.69,415.2,1,1,1,1
119,21,502.59,417.05,40.48,56.11,1,1,1,0
120,19,226.9,348.68,293.7,336.68,1,1,1,1
120,20,1118.97,94.24,376.81,419.9,1,1,1,1
120,21,505.26,415.84,41.19,56.81,1,1,1,0
121,19,224.53,347.08,295.23,338.53,1,1,1,1
121,20,1120.55,92.64,379.12,421.08,1,1,1,1
121,21,508.48,413.3,41.94,57.48,1,1,1,0
122,19,224.73,345.89,294.44,338.25,1,1,1,1
122,20,1121.46,86.91,385.65,426.85,1,1,1,1
122,21,510.97,408.89,42.57,58.14,1,1,1,0
123,19,225.46,345.44,293.69,337.74,1,1,1,1
123,20,1122.66,89.12,384.78,424.66,1,1,1,1
123,21,514.44,405.01,43.05,58.79,1,1,1,0
124,19,224.81,344.48,293.3,337.55,1,1,1,1
124,20,1121.49,90.82,383.22,422.17,1,1,1,1
124,21,518.62,401.57,42.42,57.83,1,1,1,0
125,19,223.94,344.13,292.44,336.68,1,1,1,1
125,20,1121.06,91.7,382.49,420.6,1,1,1,1
125,21,522.92,398.68,41.64,56.65,1,1,1,0
126,19,225.42,343.22,290.22,334.37,1,1,1,1
126,20,1119.72,92.45,381.34,418.99,1,1,1,1
126,21,527.51,396.64,41.14,55.8,1,1,1,0
127,19,225.85,342.48,288.1,331.91,1,1,1,1
127,20,1117.08,89.47,381.91,420.06,1,1,1,1
127,21,531.57,396.14,40.77,55.09,1,1,1,0
128,19,226.09,341.43,286.28,329.8,1,1,1,1
128,20,1117.47,89.26,382.52,420.95,1,1,1,1
128,21,537.94,395.2,41.51,55.24,1,1,1,0
129,19,223.66,337.65,288.69,333.24,1,1,1,1
129,20,1116.47,94.57,377.08,415.31,1,1,1,1
129,21,542.2,396.91,42.13,55.71,1,1,1,0
130,19,221.45,335.66,290.63,336.34,1,1,1,1
130,20,1114.7,93.61,377.79,416.36,1,1,1,1
130,21,547.73,397.79,42.17,55.09,1,1,1,0
131,19,219.83,335.34,291.28,337.52,1,1,1,1
131,20,1113.48,94.05,376.0,414.57,1,1,1,1
131,21,552.96,399.16,43.56,56.47,1,1,1,0
132,19,219.04,336.84,290.44,337.56,1,1,1,1
132,20,1113.44,96.12,372.52,411.21,1,1,1,1
132,21,559.04,401.86,43.49,55.79,1,1,1,0
133,19,217.78,337.85,289.82,337.97,1,1,1,1
133,20,1111.77,87.99,379.37,419.26,1,1,1,1
133,21,565.47,403.52,43.64,55.53,1,1,1,0
134,19,218.91,340.24,288.32,336.93,1,1,1,1
134,20,1110.57,86.85,380.32,421.18,1,1,1,1
134,21,572.83,402.54,44.21,55.84,1,1,1,0
135,19,217.67,340.76,288.37,338.12,1,1,1,1
135,20,1109.94,84.06,383.86,425.87,1,1,1,1
135,21,579.8,399.59,45.83,57.55,1,1,1,0
136,19,216.98,341.56,288.49,339.56,1,1,1,1
136,20,1110.29,81.95,385.64,428.12,1,1,1,1
136,21,585.34,397.5,45.58,57.01,1,1,1,0
137,19,216.83,341.67,288.37,340.69,1,1,1,1
137,20,1110.82,82.27,384.74,427.26,1,1,1,1
137,21,590.55,394.91,46.2,57.59,1,1,1,0
138,19,217.12,340.91,287.68,341.11,1,1,1,1
138,20,1110.82,84.12,382.83,425.2,1,1,1,1
138,21,593.59,392.18,46.48,57.81,1,1,1,0
139,19,217.84,341.22,286.66,341.05,1,1,1,1
139,20,1109.44,83.57,382.87,425.68,1,1,1,1
139,21,597.22,389.78,46.19,57.09,1,1,1,0
140,19,217.96,341.14,285.84,341.22,1,1,1,1
140,20,1109.64,89.05,377.49,420.18,1,1,1,1
140,21,599.43,388.31,46.76,58.01,1,1,1,0
141,19,218.61,340.91,284.75,340.67,1,1,1,1
141,20,1107.99,90.65,375.35,418.17,1,1,1,1
141,21,602.95,386.8,47.41,58.75,1,1,1,0
142,19,220.51,340.23,282.76,338.66,1,1,1,1
142,20,1106.52,90.05,374.68,417.82,1,1,1,1
142,21,607.68,386.67,46.87,57.84,1,1,1,0
143,19,224.03,340.78,279.52,334.7,1,1,1,1
143,20,1105.22,89.02,374.8,418.5,1,1,1,1
143,21,611.25,386.47,48.5,59.87,1,1,1,0
144,19,224.93,340.18,278.39,332.81,1,1,1,1
144,20,1104.66,90.03,373.46,416.97,1,1,1,1
144,21,615.4,387.6,49.15,60.63,1,1,1,0
145,19,224.99,338.77,279.31,333.32,1,1,1,1
145,20,1103.6,88.51,374.33,418.1,1,1,1,1
145,21,619.7,390.24,49.34,60.51,1,1,1,0
146,19,226.28,340.23,278.33,331.54,1,1,1,1
146,20,1104.06,86.05,376.6,420.63,1,1,1,1
146,21,623.87,391.68,49.55,60.45,1,1,1,0
147,19,222.19,339.2,279.81,332.48,1,1,1,1
147,20,1099.29,82.64,378.64,423.87,1,1,1,1
147,21,643.22,385.7,52.59,63.99,1,1,1,0
148,19,218.86,336.82,282.46,334.85,1,1,1,1
148,20,1096.94,76.11,385.73,433.73,1,1,1,1
148,21,653.34,383.87,53.97,65.69,1,1,1,0
148,22,447.61,352.69,51.96,69.67,1,1,1,0
149,19,216.95,335.14,284.39,336.55,1,1,1,1
149,20,1095.88,74.85,388.8,440.97,1,1,1,1
149,21,660.4,383.56,54.86,66.72,1,1,1,0
149,22,456.81,352.36,51.76,69.39,1,1,1,0
150,19,216.55,335.71,283.82,335.21,1,1,1,1
150,20,1093.87,75.4,386.95,445.46,1,1,1,1
150,21,667.48,386.22,53.85,65.14,1,1,1,0
150,22,465.56,349.91,53.1,71.17,1,1,1,0
151,19,215.41,334.35,285.52,336.7,1,1,1,1
151,20,1094.5,79.5,381.52,445.23,1,1,1,1
151,21,674.08,390.07,53.05,64.1,1,1,1,0
151,22,474.02,347.59,53.21,71.29,1,1,1,0
152,19,216.2,336.64,284.06,334.47,1,1,1,1
152,20,1095.85,82.7,374.51,442.88,1,1,1,1
152,21,681.57,393.93,53.4,64.08,1,1,1,0
152,22,479.72,343.83,55.08,73.9,1,1,1,0
153,19,216.5,339.53,283.65,333.63,1,1,1,1
153,20,1097.31,84.04,368.45,441.21,1,1,1,1
153,21,688.37,396.97,53.03,63.27,1,1,1,0
153,22,485.68,340.92,54.74,73.53,1,1,1,0
154,19,216.11,341.82,284.13,334.12,1,1,1,1
154,20,1099.65,84.25,360.68,437.24,1,1,1,1
154,21,695.72,398.7,53.15,62.95,1,1,1,0
154,22,490.7,337.69,54.84,73.75,1,1,1,0
155,19,216.5,342.67,283.75,333.11,1,1,1,1
155,20,1099.27,81.94,355.98,436.28,1,1,1,1
155,21,703.77,399.13,53.29,62.82,1,1,1,0
155,22,496.23,335.78,54.26,72.98,1,1,1,0
156,19,215.24,337.79,285.57,334.73,1,1,1,1
156,20,1099.05,81.27,350.07,433.71,1,1,1,1
156,21,712.11,397.47,54.15,63.56,1,1,1,0
156,22,502.81,338.25,51.32,69.0,1,1,1,0
157,19,216.35,337.54,282.31,329.78,1,1,1,1
157,20,1096.49,80.23,346.12,432.72,1,1,1,1
157,21,719.36,395.84,55.29,64.63,1,1,1,0
157,22,507.8,336.82,52.27,70.39,1,1,1,0
158,19,215.74,336.25,282.75,329.51,1,1,1,1
158,20,1092.01,83.64,339.44,427.95,1,1,1,1
158,21,724.67,393.82,56.41,65.82,1,1,1,0
158,22,511.7,334.33,54.92,74.11,1,1,1,0
159,19,213.67,335.58,285.12,332.02,1,1,1,1
159,20,1089.12,83.84,335.47,426.06,1,1,1,1
159,21,728.07,390.88,57.53,67.44,1,1,1,0
159,22,517.31,337.2,54.77,74.3,1,1,1,0
160,19,212.51,337.52,286.72,333.98,1,1,1,1
160,20,1086.86,85.42,330.93,423.27,1,1,1,1
160,21,732.59,388.97,58.88,69.23,1,1,1,0
160,22,521.11,338.61,56.06,76.34,1,1,1,0
161,19,210.68,340.06,290.53,339.29,1,1,1,1
161,20,1086.02,83.5,329.05,423.35,1,1,1,1
161,21,738.01,388.83,59.41,69.9,1,1,1,0
161,22,526.15,341.93,56.46,77.09,1,1,1,0
162,19,211.57,342.6,290.81,340.5,1,1,1,1
162,20,1086.46,80.68,327.44,423.31,1,1,1,1
162,21,744.45,389.0,59.06,69.74,1,1,1,0
162,22,532.53,344.63,57.16,78.54,1,1,1,0
163,19,212.22,342.37,290.22,340.54,1,1,1,1
163,20,1088.03,80.02,325.05,422.72,1,1,1,1
163,21,750.77,390.85,58.62,69.26,1,1,1,0
163,22,537.66,347.24,56.76,78.28,1,1,1,0
164,19,212.24,340.48,289.27,339.94,1,1,1,1
164,20,1091.71,79.19,324.57,424.33,1,1,1,1
164,21,756.37,393.76,57.9,68.65,1,1,1,0
164,22,543.27,347.46,57.17,79.34,1,1,1,0
165,19,212.15,338.56,288.42,339.29,1,1,1,1
165,20,1095.78,82.77,320.74,421.47,1,1,1,1
165,21,760.5,394.27,60.28,72.38,1,1,1,0
165,22,548.71,347.14,57.41,80.11,1,1,1,0
166,19,212.96,338.63,286.92,337.83,1,1,1,1
166,20,1101.53,86.54,317.41,418.81,1,1,1,1
166,21,766.23,396.79,60.33,73.37,1,1,1,0
166,22,555.12,346.61,57.12,79.99,1,1,1,0
166,24,436.64,363.96,70.63,96.55,1,1,1,0
167,19,212.87,337.26,287.47,339.06,1,1,1,1
167,20,1107.43,86.15,317.56,420.84,1,1,1,1
167,21,772.33,399.53,60.74,74.91,1,1,1,0
167,22,561.38,344.23,57.46,80.71,1,1,1,0
167,24,438.61,362.87,73.86,100.99,1,1,1,0
168,19,213.85,337.94,287.65,339.91,1,1,1,1
168,20,1111.41,87.49,316.5,421.52,1,1,1,1
168,21,777.87,401.35,61.91,77.43,1,1,1,0
168,22,568.56,340.56,58.02,81.35,1,1,1,0
168,24,441.05,361.57,76.97,105.3,1,1,1,0
169,19,214.38,337.61,288.19,341.22,1,1,1,1
169,20,1115.15,86.88,316.39,423.9,1,1,1,1
169,21,783.77,402.23,62.25,78.76,1,1,1,0
169,22,574.71,336.01,59.1,83.15,1,1,1,0
169,24,446.71,361.82,74.71,102.29,1,1,1,0
170,19,216.12,338.88,287.31,340.71,1,1,1,1
170,20,1120.11,88.72,314.36,423.71,1,1,1,1
170,21,790.53,402.15,62.35,79.63,1,1,1,0
170,22,581.42,333.9,58.83,83.03,1,1,1,0
170,24,452.2,362.83,72.2,98.84,1,1,1,0
171,19,216.71,338.37,287.5,341.49,1,1,1,1
171,20,1124.12,91.6,312.06,423.05,1,1,1,1
171,21,796.88,402.49,62.31,80.32,1,1,1,0
171,22,588.5,331.75,58.92,83.35,1,1,1,0
171,24,458.0,365.35,70.47,96.31,1,1,1,0
172,19,217.54,340.17,286.34,340.58,1,1,1,1
172,20,1127.8,95.35,310.34,422.71,1,1,1,1
172,21,804.38,402.39,62.71,81.34,1,1,1,0
172,22,594.56,331.36,59.28,83.84,1,1,1,0
172,24,462.69,368.55,69.7,95.0,1,1,1,0
173,19,218.01,340.05,286.78,341.82,1,1,1,1
173,20,1129.09,95.24,311.36,426.07,1,1,1,1
173,21,813.09,402.34,61.74,80.52,1,1,1,0
173,22,602.59,333.62,58.99,83.22,1,1,1,0
173,24,467.36,372.99,68.89,93.73,1,1,1,0
174,19,219.08,340.8,286.22,341.87,1,1,1,1
174,20,1132.26,96.55,309.46,424.56,1,1,1,1
174,21,822.43,401.1,62.32,81.74,1,1,1,0
174,22,611.27,337.71,58.86,82.95,1,1,1,0
174,24,471.11,373.92,70.74,96.2,1,1,1,0
175,19,220.9,341.67,286.04,342.48,1,1,1,1
175,20,1137.01,100.3,307.88,423.28,1,1,1,1
175,21,831.58,399.05,63.47,83.75,1,1,1,0
175,22,620.22,340.27,60.49,85.22,1,1,1,0
175,24,475.46,375.42,70.82,96.29,1,1,1,0
176,19,222.11,342.19,285.69,342.89,1,1,1,1
176,20,1141.62,101.17,305.1,420.31,1,1,1,1
176,21,840.41,398.65,64.56,85.67,1,1,1,0
176,22,629.96,343.99,61.36,86.45,1,1,1,0
176,24,479.09,374.71,72.15,97.95,1,1,1,0
177,19,222.94,343.57,285.17,343.04,1,1,1,1
177,20,1147.01,106.34,299.41,412.51,1,1,1,1
177,21,850.12,400.63,64.39,85.98,1,1,1,0
177,22,641.72,348.17,61.66,86.51,1,1,1,0
177,24,482.11,373.99,72.62,98.57,1,1,1,0
178,19,224.34,344.48,284.84,343.47,1,1,1,1
178,20,1150.45,110.14,297.47,410.29,1,1,1,1
178,21,860.57,402.98,63.72,85.67,1,1,1,0
178,22,653.58,351.74,61.53,86.11,1,1,1,0
178,24,485.53,372.28,74.69,101.2,1,1,1,0
179,19,225.07,344.41,284.57,344.03,1,1,1,1
179,20,1152.12,114.19,295.83,408.62,1,1,1,1
179,21,871.22,406.04,63.8,85.91,1,1,1,0
179,22,665.05,352.67,62.03,86.73,1,1,1,0
179,24,489.96,372.8,74.07,100.2,1,1,1,0
180,19,226.45,345.56,283.8,343.82,1,1,1,1
180,20,1153.43,118.03,295.27,408.44,1,1,1,1
180,21,882.46,408.76,63.9,86.36,1,1,1,0
180,22,677.4,352.98,62.23,86.55,1,1,1,0
180,24,495.39,370.57,74.39,100.6,1,1,1,0
181,19,227.68,346.37,283.24,343.73,1,1,1,1
181,20,1153.45,118.99,295.86,410.03,1,1,1,1
181,21,893.81,412.34,63.42,86.11,1,1,1,0
181,22,687.62,351.67,63.31,87.65,1,1,1,0
181,24,500.93,367.93,76.36,103.12,1,1,1,0
182,19,229.44,347.06,281.97,342.49,1,1,1,1
182,20,1151.23,118.76,298.39,414.36,1,1,1,1
182,21,905.89,413.87,64.52,87.57,1,1,1,0
182,22,696.21,350.75,63.15,87.26,1,1,1,0
182,24,507.95,370.08,74.46,100.51,1,1,1,0
183,19,229.85,346.1,282.76,344.01,1,1,1,1
183,20,1151.18,118.3,296.48,412.34,1,1,1,1
183,21,917.86,414.41,65.32,88.89,1,1,1,0
183,22,702.9,346.19,64.24,89.07,1,1,1,0
183,24,514.71,370.52,74.8,101.07,1,1,1,0
184,19,230.2,346.12,282.69,344.17,1,1,1,1
184,20,1152.34,116.75,291.67,405.3,1,1,1,1
184,21,929.72,414.38,65.38,88.97,1,1,1,0
184,22,709.89,341.32,66.21,92.11,1,1,1,0
184,24,520.89,369.08,77.23,104.45,1,1,1,0
185,19,230.65,346.91,281.89,343.43,1,1,1,1
185,20,1153.35,114.49,290.23,402.68,1,1,1,1
185,21,941.93,412.74,65.13,88.58,1,1,1,0
185,22,716.17,338.09,66.23,92.07,1,1,1,0
185,24,528.01,373.45,75.33,101.79,1,1,1,0
186,19,231.15,347.2,281.25,342.74,1,1,1,1
186,20,1154.35,112.0,289.99,402.15,1,1,1,1
186,21,952.43,410.29,65.28,88.8,1,1,1,0
186,22,722.21,336.06,66.96,93.21,1,1,1,0
186,24,534.67,372.95,77.89,105.51,1,1,1,0
187,19,230.49,347.29,281.09,342.48,1,1,1,1
187,20,1156.17,112.64,288.54,400.0,1,1,1,1
187,21,961.9,407.55,66.3,90.05,1,1,1,0
187,22,728.1,334.73,68.14,95.19,1,1,1,0
187,24,541.9,375.31,78.87,106.88,1,1,1,0
188,19,229.47,346.51,281.72,343.18,1,1,1,1
188,20,1157.11,112.36,287.41,398.15,1,1,1,1
188,21,969.63,405.72,67.22,91.29,1,1,1,0
188,22,735.01,334.83,68.92,96.31,1,1,1,0
188,24,549.32,377.59,80.58,109.35,1,1,1,0
189,19,228.31,345.81,282.28,343.84,1,1,1,1
189,20,1157.72,111.23,288.42,399.31,1,1,1,1
189,21,977.95,405.21,67.92,92.13,1,1,1,0
189,22,742.05,336.67,69.3,97.1,1,1,1,0
189,24,557.92,381.97,80.3,109.1,1,1,1,0
190,19,227.95,346.93,281.51,342.69,1,1,1,1
190,20,1157.39,111.2,289.06,400.19,1,1,1,1
190,21,985.71,404.43,68.57,92.83,1,1,1,0
190,22,749.02,340.95,68.97,96.98,1,1,1,0
190,24,567.36,384.81,79.9,108.56,1,1,1,0
191,19,227.02,346.75,282.01,343.25,1,1,1,1
191,20,1156.06,110.67,291.63,404.66,1,1,1,1
191,21,994.08,404.92,69.12,93.46,1,1,1,0
191,22,755.42,343.01,70.24,98.87,1,1,1,0
191,24,577.88,387.44,79.49,107.94,1,1,1,0
192,19,226.76,347.47,281.61,342.66,1,1,1,1
192,20,1156.2,110.27,291.29,404.77,1,1,1,1
192,21,1002.32,406.11,69.61,94.07,1,1,1,0
192,22,761.74,346.73,70.31,99.17,1,1,1,0
192,24,588.72,386.4,80.21,108.87,1,1,1,0
193,19,226.19,348.53,281.21,342.04,1,1,1,1
193,20,1158.07,112.3,289.84,403.24,1,1,1,1
193,21,1010.28,407.75,70.52,95.07,1,1,1,0
193,22,768.81,348.36,70.7,99.64,1,1,1,0
193,24,598.45,382.4,82.97,112.76,1,1,1,0
194,19,227.36,351.31,279.49,339.81,1,1,1,1
194,20,1159.56,114.16,287.29,399.58,1,1,1,1
194,21,1017.42,410.54,71.47,96.6,1,1,1,0
194,22,775.27,348.96,71.46,100.98,1,1,1,0
194,24,609.14,380.28,84.43,114.99,1,1,1,0
195,19,225.8,351.75,280.45,340.77,1,1,1,1
195,20,1160.31,111.95,283.9,393.72,1,1,1,1
195,21,1025.37,414.94,70.96,95.99,1,1,1,0
195,22,782.25,348.38,71.64,101.46,1,1,1,0
195,24,618.36,378.84,85.23,116.22,1,1,1,0
196,19,224.17,350.5,282.12,342.93,1,1,1,1
196,20,1160.7,107.09,279.15,385.93,1,1,1,1
196,21,1032.97,417.21,72.81,98.48,1,1,1,0
196,22,790.48,344.98,72.66,103.19,1,1,1,0
196,24,627.63,376.9,86.07,117.44,1,1,1,0
197,19,224.1,351.2,281.78,342.56,1,1,1,1
197,20,1156.11,101.34,282.8,390.85,1,1,1,1
197,21,1041.08,419.02,73.49,99.41,1,1,1,0
197,22,800.76,341.71,73.98,104.99,1,1,1,0
197,24,635.9,375.56,86.58,118.26,1,1,1,0
198,19,224.59,353.84,280.43,340.82,1,1,1,1
198,20,1150.71,98.94,288.37,399.38,1,1,1,1
198,21,1050.21,419.88,74.46,100.52,1,1,1,0
198,22,810.1,338.88,74.13,105.26,1,1,1,0
198,24,643.92,375.24,86.69,118.54,1,1,1,0
199,19,223.71,353.82,280.98,341.56,1,1,1,1
199,20,1149.1,97.68,289.24,401.05,1,1,1,1
199,21,1058.74,419.58,75.13,101.3,1,1,1,0
199,22,819.69,334.45,75.8,107.69,1,1,1,0
199,24,651.47,376.11,87.41,119.79,1,1,1,0
200,19,223.26,355.18,280.14,340.45,1,1,1,1
200,20,1149.91,97.84,288.75,401.09,1,1,1,1
200,21,1067.09,418.45,76.39,102.75,1,1,1,0
200,22,829.1,332.2,76.16,108.2,1,1,1,0
200,24,658.12,376.65,89.0,122.2,1,1,1,0
201,19,221.58,355.27,280.58,340.83,1,1,1,1
201,20,1149.54,97.75,287.96,400.11,1,1,1,1
201,21,1077.17,416.61,75.83,101.71,1,1,1,0
201,22,839.09,331.36,77.09,109.53,1,1,1,0
201,24,666.84,379.99,89.26,122.69,1,1,1,0
202,19,221.03,356.48,279.42,338.99,1,1,1,1
202,20,1148.91,97.06,287.48,399.24,1,1,1,1
202,21,1087.55,413.49,76.94,102.85,1,1,1,0
202,22,848.83,332.65,76.83,109.22,1,1,1,0
202,24,674.74,383.65,89.87,123.63,1,1,1,0
203,19,219.54,356.31,279.99,339.3,1,1,1,1
203,20,1147.63,96.04,287.44,398.92,1,1,1,1
203,21,1098.15,411.51,77.59,103.25,1,1,1,0
203,22,859.78,334.17,78.21,111.03,1,1,1,0
203,24,682.18,387.2,90.89,125.13,1,1,1,0
204,19,216.99,356.02,280.93,340.02,1,1,1,1
204,20,1144.42,93.49,288.13,399.4,1,1,1,1
204,21,1108.64,409.57,78.51,104.17,1,1,1,0
204,22,871.55,337.72,78.65,111.69,1,1,1,0
204,24,690.22,388.33,92.91,128.02,1,1,1,0
205,19,215.51,355.9,281.68,340.7,1,1,1,1
205,20,1140.77,91.97,286.56,396.6,1,1,1,1
205,21,1119.3,407.65,79.84,105.68,1,1,1,0
205,22,884.24,340.88,79.15,112.69,1,1,1,0
205,24,698.81,388.74,93.86,129.48,1,1,1,0
206,19,214.45,356.43,281.42,340.36,1,1,1,1
206,20,1138.04,91.94,284.75,392.25,1,1,1,1
206,21,1131.37,406.93,81.78,107.8,1,1,1,0
206,22,898.36,344.25,80.6,114.61,1,1,1,0
206,24,707.79,388.07,94.84,130.79,1,1,1,0
207,19,213.33,356.81,281.15,340.04,1,1,1,1
207,20,1134.63,95.38,282.11,386.63,1,1,1,1
207,21,1141.39,412.75,79.69,104.66,1,1,1,0
207,22,913.44,347.3,81.54,115.7,1,1,1,0
207,24,717.16,386.41,95.33,131.63,1,1,1,0
208,19,212.15,356.54,281.53,340.72,1,1,1,1
208,20,1129.64,96.91,280.66,382.55,1,1,1,1
208,21,1153.68,422.04,78.24,101.79,1,1,1,0
208,22,929.72,348.46,82.2,116.48,1,1,1,0
208,24,727.42,382.99,96.52,133.48,1,1,1,0
209,19,209.89,357.02,282.19,341.57,1,1,1,1
209,20,1127.48,98.8,277.64,376.17,1,1,1,1
209,21,1166.97,429.32,76.77,98.28,1,1,1,0
209,22,946.09,349.06,81.9,115.95,1,1,1,0
209,24,738.81,379.9,97.94,135.72,1,1,1,0
210,19,207.74,355.4,283.6,343.69,1,1,1,1
210,20,1125.8,99.02,276.86,372.95,1,1,1,1
210,21,1178.02,442.71,70.41,88.47,1,1,1,0
210,22,960.98,347.29,82.62,116.89,1,1,1,0
210,24,750.28,377.34,98.58,136.53,1,1,1,0
211,19,206.24,355.96,283.61,344.08,1,1,1,1
211,20,1120.37,97.09,279.53,374.26,1,1,1,1
211,22,974.73,345.4,83.25,117.61,1,1,1,0
211,24,760.32,373.41,100.27,139.15,1,1,1,0
212,19,204.43,355.78,283.29,344.22,1,1,1,1
212,20,1117.63,94.87,282.54,376.93,1,1,1,1
212,22,987.26,340.32,84.61,119.43,1,1,1,0
212,24,770.6,369.97,101.5,141.28,1,1,1,0
213,19,202.3,354.5,283.76,345.45,1,1,1,1
213,20,1116.46,94.25,284.14,377.79,1,1,1,1
213,22,997.82,333.86,86.08,121.28,1,1,1,0
213,24,782.46,370.43,101.18,141.26,1,1,1,0
214,19,200.92,353.23,283.98,346.31,1,1,1,1
214,20,1115.4,93.04,286.18,379.57,1,1,1,1
214,22,1007.62,328.06,86.83,122.34,1,1,1,0
214,24,794.13,369.27,102.64,143.56,1,1,1,0
215,19,200.26,352.15,283.66,346.41,1,1,1,1
215,20,1115.03,90.7,288.64,382.96,1,1,1,1
215,22,1017.56,322.12,88.03,123.89,1,1,1,0
215,24,806.2,369.25,103.79,145.57,1,1,1,0
216,19,200.04,351.94,283.17,346.24,1,1,1,1
216,20,1113.4,88.56,291.1,386.35,1,1,1,1
216,22,1027.27,318.92,88.41,124.45,1,1,1,0
216,24,820.06,372.22,103.91,145.89,1,1,1,0
217,19,199.32,350.88,283.54,347.15,1,1,1,1
217,20,1114.97,87.67,292.94,389.93,1,1,1,1
217,22,1037.61,316.58,90.17,126.99,1,1,1,0
217,24,833.41,375.56,104.46,146.75,1,1,1,0
218,19,199.71,351.28,282.96,346.69,1,1,1,1
218,20,1115.1,87.17,294.26,392.86,1,1,1,1
218,22,1048.69,317.32,91.51,128.7,1,1,1,0
218,24,847.44,377.25,106.51,149.78,1,1,1,0
219,19,200.51,351.25,282.61,346.7,1,1,1,1
219,20,1116.74,87.91,293.65,393.07,1,1,1,1
219,22,1061.19,319.84,92.76,130.1,1,1,1,0
219,24,862.36,378.09,108.62,152.85,1,1,1,0
220,19,202.15,351.84,281.85,346.09,1,1,1,1
220,20,1118.75,87.23,293.89,394.51,1,1,1,1
220,22,1071.5,323.22,93.95,132.17,1,1,1,0
220,24,879.06,378.8,108.63,152.42,1,1,1,0
221,19,202.48,351.48,283.01,348.04,1,1,1,1
221,20,1119.19,87.1,294.27,396.12,1,1,1,1
221,22,1081.11,325.94,94.84,134.48,1,1,1,0
221,24,896.31,376.31,108.98,151.78,1,1,1,0
222,19,204.58,353.53,281.61,346.59,1,1,1,1
222,20,1119.64,86.28,295.45,398.68,1,1,1,1
222,22,1092.55,328.97,95.34,136.11,1,1,1,0
222,24,914.02,373.17,110.42,151.88,1,1,1,0
223,19,205.5,354.12,281.66,347.01,1,1,1,1
223,20,1118.56,85.5,297.23,402.1,1,1,1,1
223,22,1105.79,330.35,95.84,137.08,1,1,1,0
223,24,929.46,366.05,115.55,157.81,1,1,1,0
224,19,206.3,353.14,282.59,348.76,1,1,1,1
224,20,1120.48,86.71,297.6,403.45,1,1,1,1
224,22,1119.95,333.05,93.57,133.07,1,1,1,0
224,24,944.79,360.85,120.43,163.13,1,1,1,0
225,19,207.43,353.96,281.77,348.22,1,1,1,1
225,20,1119.39,85.21,298.23,404.91,1,1,1,1
225,22,1137.99,336.09,95.53,133.05,1,1,1,0
225,24,960.11,357.7,123.65,165.92,1,1,1,0
226,19,207.52,353.07,282.14,349.19,1,1,1,1
226,20,1120.84,86.25,296.32,402.45,1,1,1,1
226,24,975.45,354.96,126.18,167.71,1,1,1,0
227,19,207.78,352.74,282.3,349.95,1,1,1,1
227,20,1122.81,84.77,295.93,401.76,1,1,1,1
227,24,990.93,354.36,127.34,167.54,1,1,1,0
227,21,1418.03,423.92,111.76,129.33,1,1,1,0
228,19,207.96,352.61,281.79,349.82,1,1,1,1
228,20,1124.3,84.73,296.27,401.16,1,1,1,1
228,24,1004.98,353.8,129.39,168.58,1,1,1,0
228,21,1437.83,424.2,105.91,122.57,1,1,1,0
229,19,207.5,351.77,282.53,351.35,1,1,1,1
229,20,1123.8,82.05,297.71,402.21,1,1,1,1
229,24,1019.78,354.62,131.51,169.3,1,1,1,0
229,21,1457.8,420.2,106.09,122.72,1,1,1,0
230,19,207.48,351.85,282.01,351.12,1,1,1,1
230,20,1122.57,80.56,298.72,401.68,1,1,1,1
230,24,1035.5,356.37,133.98,170.7,1,1,1,0
230,21,1479.79,416.54,103.97,120.17,1,1,1,0
231,19,206.65,351.09,281.66,351.01,1,1,1,1
231,20,1122.17,78.23,300.92,403.65,1,1,1,1
231,24,1051.8,359.84,136.11,171.57,1,1,1,0
231,21,1496.7,411.01,108.77,126.12,1,1,1,0
232,19,205.89,349.02,281.42,351.16,1,1,1,1
232,20,1122.16,78.48,303.05,405.46,1,1,1,1
232,24,1069.23,362.39,139.42,173.81,1,1,1,0
232,21,1515.52,407.57,109.88,127.69,1,1,1,0
233,19,203.0,344.86,283.06,353.79,1,1,1,1
233,20,1122.61,77.41,304.51,406.52,1,1,1,1
233,24,1083.15,364.36,143.18,178.15,1,1,1,0
233,21,1534.39,405.24,111.1,129.51,1,1,1,0
234,19,201.44,341.72,283.42,354.77,1,1,1,1
234,20,1122.68,75.65,307.21,409.47,1,1,1,1
234,24,1098.21,365.12,144.5,179.76,1,1,1,0
234,21,1556.11,404.93,111.45,130.15,1,1,1,0
235,19,200.23,339.77,283.65,355.51,1,1,1,1
235,20,1123.34,75.81,306.54,408.18,1,1,1,1
235,24,1111.75,365.41,142.5,178.74,1,1,1,0
235,21,1574.98,404.74,114.4,134.02,1,1,1,0
236,19,199.03,338.68,282.87,354.98,1,1,1,1
236,20,1124.35,74.12,306.32,407.85,1,1,1,1
236,24,1128.97,379.75,131.84,166.01,1,1,1,0
236,21,1596.96,407.94,114.64,134.63,1,1,1,0
237,19,198.88,338.7,281.61,353.56,1,1,1,1
237,20,1126.59,74.61,306.05,406.8,1,1,1,1
237,21,1618.92,413.67,116.34,137.21,1,1,1,0
238,19,198.01,338.76,281.21,353.4,1,1,1,1
238,20,1128.76,74.53,306.04,405.68,1,1,1,1
238,21,1642.02,418.85,117.72,139.34,1,1,1,0
239,19,197.47,340.01,280.75,352.93,1,1,1,1
239,20,1128.82,76.02,306.29,404.34,1,1,1,1
239,21,1667.25,426.78,118.75,140.9,1,1,1,0
239,22,1390.47,328.76,120.59,156.94,1,1,1,0
240,19,196.56,340.91,280.83,353.54,1,1,1,1
240,20,1127.1,75.11,310.6,409.51,1,1,1,1
240,21,1695.45,435.74,118.45,141.05,1,1,1,0
240,22,1416.33,336.32,119.12,154.92,1,1,1,0
241,19,196.28,342.87,281.19,354.56,1,1,1,1
241,20,1127.35,85.29,307.6,403.71,1,1,1,1
241,21,1721.99,437.15,121.66,145.41,1,1,1,0
241,22,1443.11,331.9,124.2,161.26,1,1,1,0
