1,1996,186.83,29.68,399.58,582.64,1,1,1,1
1,1997,1241.52,95.52,397.77,543.31,1,1,1,1
1,1998,63.7,386.92,53.22,51.83,1,1,1,0
2,1996,200.86,40.27,392.96,572.83,1,1,1,1
2,1997,1247.26,96.05,396.74,541.75,1,1,1,1
2,1998,68.15,385.61,53.76,52.35,1,1,1,0
3,1996,210.32,41.13,392.01,571.16,1,1,1,1
3,1997,1253.11,93.43,396.23,540.89,1,1,1,1
3,1998,72.95,384.45,53.85,52.44,1,1,1,0
4,1996,216.01,37.17,393.86,574.17,1,1,1,1
4,1997,1259.25,92.14,396.48,540.65,1,1,1,1
4,1998,78.11,384.11,52.98,51.54,1,1,1,0
5,1996,228.17,34.26,393.18,572.79,1,1,1,1
5,1997,1267.68,89.01,397.52,541.61,1,1,1,1
5,1998,82.01,384.04,53.58,52.14,1,1,1,0
6,1996,240.39,35.35,391.92,570.72,1,1,1,1
6,1997,1276.77,85.0,398.68,542.38,1,1,1,1
6,1998,88.24,383.61,53.36,51.92,1,1,1,0
7,1996,251.57,30.69,392.22,570.88,1,1,1,1
7,1997,1286.02,80.0,399.88,543.39,1,1,1,1
7,1998,93.75,381.37,52.92,51.42,1,1,1,0
8,1996,259.89,28.55,390.03,567.75,1,1,1,1
8,1997,1294.3,73.65,403.04,547.17,1,1,1,1
8,1998,99.9,379.97,52.33,50.82,1,1,1,0
8,1999,0,356.42,18.74,47.73,1,1,1,0
9,1996,272.14,28.45,389.09,566.86,1,1,1,1
9,1997,1301.62,68.9,404.77,549.04,1,1,1,1
9,1998,106.94,379.5,51.72,50.2,1,1,1,0
9,1999,0,354.67,23.85,48.99,1,1,1,0
10,1996,284.46,25.51,390.71,569.55,1,1,1,1
10,1997,1311.08,66.18,407.48,552.02,1,1,1,1
10,1998,117.09,378.96,51.59,49.99,1,1,1,0
10,1999,0,354.03,33.96,48.08,1,1,1,0
11,1996,295.09,24.28,389.9,568.95,1,1,1,1
11,1997,1319.91,64.0,410.15,555.21,1,1,1,1
11,1998,127.57,377.77,51.99,50.33,1,1,1,0
11,1999,3.7,353.21,41.09,48.64,1,1,1,0
12,1996,312.17,26.31,387.58,565.12,1,1,1,1
12,1997,1332.3,60.32,413.18,558.95,1,1,1,1
12,1998,138.92,377.17,52.13,50.47,1,1,1,0
12,1999,14.52,352.32,42.05,49.25,1,1,1,0
13,1996,320.2,23.6,387.99,566.64,1,1,1,1
13,1997,1341.57,57.46,414.03,560.3,1,1,1,1
13,1998,147.63,376.57,51.52,49.72,1,1,1,0
13,1999,23.45,352.46,42.34,49.03,1,1,1,0
14,1996,325.15,21.42,387.43,566.44,1,1,1,1
14,1997,1344.24,54.72,415.27,561.73,1,1,1,1
14,1998,153.41,375.58,51.7,49.85,1,1,1,0
14,1999,29.14,351.93,42.75,48.94,1,1,1,0
15,1996,328.19,18.25,387.63,567.19,1,1,1,1
15,1997,1348.09,52.62,414.13,560.6,1,1,1,1
15,1998,159.19,375.04,51.76,49.91,1,1,1,0
15,1999,34.95,351.56,43.23,48.9,1,1,1,0
16,1996,331.42,19.52,384.6,563.09,1,1,1,1
16,1997,1352.89,50.95,412.71,557.91,1,1,1,1
16,1998,164.99,374.06,51.75,49.93,1,1,1,0
16,1999,40.07,351.25,43.67,48.88,1,1,1,0
17,1996,336.71,18.15,382.6,560.87,1,1,1,1
17,1997,1357.12,49.95,413.11,557.54,1,1,1,1
17,1998,169.61,372.53,52.13,50.35,1,1,1,0
17,1999,44.48,350.14,44.43,49.27,1,1,1,0
18,1996,341.17,21.69,378.66,555.06,1,1,1,1
18,1997,1358.55,49.28,413.02,558.17,1,1,1,1
18,1998,174.12,370.98,51.8,50.11,1,1,1,0
18,1999,48.43,348.75,44.57,49.01,1,1,1,0
19,1996,345.52,21.57,377.65,553.63,1,1,1,1
19,1997,1361.33,47.04,414.35,560.66,1,1,1,1
19,1998,178.25,369.24,51.29,49.62,1,1,1,0
19,1999,51.87,347.64,44.18,48.1,1,1,1,0
20,1996,346.0,17.54,381.42,557.57,1,1,1,1
20,1997,1364.41,44.8,415.09,562.07,1,1,1,1
20,1998,180.3,368.62,51.77,50.25,1,1,1,0
20,1999,53.51,347.06,44.28,47.76,1,1,1,0
21,1996,346.64,20.84,383.86,557.49,1,1,1,1
21,1997,1367.23,43.34,417.96,566.25,1,1,1,1
21,1998,183.5,368.82,51.49,50.08,1,1,1,0
21,1999,55.5,347.48,44.85,48.04,1,1,1,0
22,1996,346.83,22.53,386.59,556.7,1,1,1,1
22,1997,1372.8,42.88,419.12,567.79,1,1,1,1
22,1998,188.9,368.74,51.71,50.42,1,1,1,0
22,1999,60.36,347.66,45.22,48.14,1,1,1,0
23,1996,353.82,24.38,387.92,553.64,1,1,1,1
23,1997,1378.98,42.5,420.54,570.6,1,1,1,1
23,1998,196.55,368.94,51.72,50.55,1,1,1,0
23,1999,67.21,347.75,45.19,47.78,1,1,1,0
24,1996,362.09,23.99,392.72,556.22,1,1,1,1
24,1997,1393.94,42.43,419.22,570.03,1,1,1,1
24,1998,205.15,368.45,52.01,51.0,1,1,1,0
24,1999,75.61,348.0,45.35,47.65,1,1,1,0
25,1996,373.89,26.13,395.43,555.93,1,1,1,1
25,1997,1405.75,44.57,417.12,567.66,1,1,1,1
25,1998,215.27,368.48,52.06,51.17,1,1,1,0
25,1999,85.22,347.92,45.97,48.0,1,1,1,0
26,1996,382.06,26.84,399.31,557.14,1,1,1,1
26,1997,1419.29,45.74,418.37,569.61,1,1,1,1
26,1998,225.88,368.72,51.58,50.83,1,1,1,0
26,1999,95.16,348.09,46.37,48.14,1,1,1,0
27,1996,394.8,30.99,400.85,554.53,1,1,1,1
27,1997,1431.54,44.53,421.49,573.98,1,1,1,1
27,1998,236.73,368.83,51.38,50.7,1,1,1,0
27,1999,105.27,348.37,46.57,48.19,1,1,1,0
27,2003,151.38,393.61,42.4,45.56,1,1,1,0
28,1996,406.13,31.05,404.98,556.66,1,1,1,1
28,1997,1447.08,43.62,424.06,576.49,1,1,1,1
28,1998,248.93,369.89,50.49,49.86,1,1,1,0
28,1999,116.17,349.48,47.4,49.0,1,1,1,0
28,2003,163.73,394.26,43.43,46.67,1,1,1,0
29,1996,416.1,30.85,408.44,557.48,1,1,1,1
29,1997,1461.71,44.31,422.79,573.62,1,1,1,1
29,1998,258.94,371.71,50.16,49.54,1,1,1,0
29,1999,126.54,351.89,46.44,47.73,1,1,1,0
29,2003,174.04,395.17,45.46,48.89,1,1,1,0
30,1996,423.23,30.95,414.52,561.38,1,1,1,1
30,1997,1476.28,40.83,425.8,576.64,1,1,1,1
30,1998,267.18,373.8,50.04,49.42,1,1,1,0
30,1999,134.68,354.02,46.58,47.63,1,1,1,0
30,2003,185.4,397.42,45.28,48.72,1,1,1,0
31,1996,428.47,30.57,421.19,567.23,1,1,1,1
31,1997,1487.78,39.65,426.91,575.66,1,1,1,1
31,1998,274.31,375.58,49.61,48.98,1,1,1,0
31,1999,140.89,356.4,46.31,47.2,1,1,1,0
31,2003,196.33,400.12,44.71,48.15,1,1,1,0
32,1996,433.38,27.14,430.67,578.24,1,1,1,1
32,1997,1492.48,32.48,430.58,579.62,1,1,1,1
32,1998,280.52,377.44,49.44,48.82,1,1,1,0
32,1999,146.71,358.07,45.62,46.24,1,1,1,0
32,2003,205.29,401.43,46.01,49.6,1,1,1,0
32,2014,451.43,489.07,13.09,14.34,1,1,1,0
33,1996,444.18,31.75,430.0,575.68,1,1,1,1
33,1997,1503.84,30.82,429.5,577.7,1,1,1,1
33,1998,286.39,377.52,50.08,49.57,1,1,1,0
33,1999,152.56,358.27,45.89,46.28,1,1,1,0
33,2003,214.69,401.84,47.1,50.92,1,1,1,0
33,2014,456.49,488.61,13.16,14.44,1,1,1,0
34,1996,457.64,36.0,430.99,573.32,1,1,1,1
34,1997,1513.46,27.37,430.38,579.8,1,1,1,1
34,1998,294.36,377.13,49.91,49.45,1,1,1,0
34,1999,159.96,357.52,46.77,47.11,1,1,1,0
34,2003,226.05,401.54,47.76,51.78,1,1,1,0
34,2014,464.51,488.69,13.2,14.47,1,1,1,0
35,1996,467.4,36.9,430.87,568.7,1,1,1,1
35,1997,1523.11,25.35,429.03,578.18,1,1,1,1
35,1998,301.64,375.77,49.76,49.41,1,1,1,0
35,1999,167.24,356.62,47.93,48.22,1,1,1,0
35,2003,236.89,400.97,47.91,52.08,1,1,1,0
35,2014,472.08,487.83,13.2,14.47,1,1,1,0
36,1996,474.89,36.4,435.21,572.09,1,1,1,1
36,1997,1534.36,23.36,428.44,576.82,1,1,1,1
36,1998,309.71,376.24,49.26,49.0,1,1,1,0
36,1999,175.45,356.86,48.41,48.64,1,1,1,0
36,2003,248.92,401.31,47.1,51.36,1,1,1,0
36,2014,478.71,487.33,13.61,14.91,1,1,1,0
37,1996,479.34,35.29,440.84,577.02,1,1,1,1
37,1997,1539.77,22.09,428.31,576.48,1,1,1,1
37,1998,315.32,377.41,49.71,49.65,1,1,1,0
37,1999,181.53,357.92,47.88,48.0,1,1,1,0
37,2003,258.3,402.2,46.7,51.05,1,1,1,0
37,2014,484.11,488.22,13.36,14.64,1,1,1,0
38,1996,484.68,35.84,439.12,572.91,1,1,1,1
38,1997,1544.45,21.88,426.98,575.33,1,1,1,1
38,1998,318.59,378.43,49.84,49.89,1,1,1,0
38,1999,184.51,359.51,46.91,46.96,1,1,1,0
38,2003,264.51,403.71,45.74,50.11,1,1,1,0
38,2014,485.99,488.77,13.62,14.95,1,1,1,0
39,1996,487.06,33.44,436.79,566.91,1,1,1,1
39,1997,1545.49,21.48,427.19,575.68,1,1,1,1
39,1998,321.02,379.4,49.7,49.98,1,1,1,0
39,1999,186.65,360.89,46.69,46.56,1,1,1,0
39,2003,268.33,404.65,45.36,49.74,1,1,1,0
39,2014,487.51,489.59,13.69,15.06,1,1,1,0
40,1996,488.86,32.01,434.19,559.53,1,1,1,1
40,1997,1544.99,20.49,426.78,575.1,1,1,1,1
40,1998,323.11,379.75,49.59,50.02,1,1,1,0
40,1999,187.97,361.38,46.68,46.42,1,1,1,0
40,2003,271.79,405.17,44.81,49.19,1,1,1,0
40,2014,489.28,489.69,13.69,15.1,1,1,1,0
40,2022,456.35,498.11,13.86,15.07,1,1,1,0
41,1996,485.17,26.26,435.7,557.57,1,1,1,1
41,1997,1545.04,18.59,428.72,577.07,1,1,1,1
41,1998,324.88,379.07,49.47,50.03,1,1,1,0
41,1999,188.73,360.74,47.09,46.77,1,1,1,0
41,2003,274.27,404.52,44.64,48.97,1,1,1,0
41,2014,490.93,489.12,13.34,14.7,1,1,1,0
41,2022,461.85,497.18,14.28,15.53,1,1,1,0
42,1996,477.72,20.82,439.9,558.17,1,1,1,1
42,1997,1545.99,15.14,430.25,579.39,1,1,1,1
42,1998,326.39,378.0,49.7,50.43,1,1,1,0
42,1999,189.39,359.29,47.68,47.3,1,1,1,0
42,2003,276.25,403.45,44.55,48.89,1,1,1,0
42,2014,492.35,488.28,13.22,14.55,1,1,1,0
42,2022,468.03,495.95,13.15,14.3,1,1,1,0
43,1996,477.71,21.8,436.28,547.85,1,1,1,1
43,1997,1545.37,12.31,430.71,580.25,1,1,1,1
43,1998,327.22,377.39,49.68,50.58,1,1,1,0
43,1999,189.46,358.53,47.91,47.51,1,1,1,0
43,2003,276.94,402.62,44.45,48.86,1,1,1,0
43,2014,493.32,488.18,12.8,14.09,1,1,1,0
43,2022,473.34,494.89,13.6,14.82,1,1,1,0
44,1996,471.61,19.61,437.83,543.99,1,1,1,1
44,1997,1545.42,9.61,431.44,581.25,1,1,1,1
44,1998,327.75,377.35,49.26,50.24,1,1,1,0
44,1999,188.92,358.23,48.78,48.38,1,1,1,0
44,2003,277.01,402.3,44.36,48.84,1,1,1,0
44,2014,493.51,487.94,12.65,13.92,1,1,1,0
44,2022,477.9,494.81,14.57,15.85,1,1,1,0
45,1996,464.85,19.34,439.67,541.13,1,1,1,1
45,1997,1544.64,7.87,432.94,583.19,1,1,1,1
45,1998,327.45,377.33,49.72,50.9,1,1,1,0
45,1999,188.02,358.5,48.84,48.31,1,1,1,0
45,2003,275.97,402.36,44.29,48.83,1,1,1,0
45,2014,493.06,488.06,12.6,13.86,1,1,1,0
45,2022,481.6,494.6,14.53,15.79,1,1,1,0
46,1996,462.85,18.97,440.91,538.04,1,1,1,1
46,1997,1543.02,8.68,432.61,582.11,1,1,1,1
46,1998,327.46,377.52,49.79,51.15,1,1,1,0
46,1999,187.32,358.6,48.48,47.88,1,1,1,0
46,2003,274.95,402.18,44.52,49.23,1,1,1,0
46,2014,494.57,489.72,11.84,13.03,1,1,1,0
46,2022,485.15,494.56,13.35,14.52,1,1,1,0
47,1996,459.65,16.77,443.71,537.07,1,1,1,1
47,1997,1541.23,7.76,434.51,584.16,1,1,1,1
47,1998,327.77,377.78,49.72,51.24,1,1,1,0
47,1999,186.35,359.04,48.28,47.72,1,1,1,0
47,2003,274.57,402.9,44.28,48.98,1,1,1,0
47,2022,489.85,492.68,14.39,15.73,1,1,1,0
48,1996,457.3,15.68,445.37,534.69,1,1,1,1
48,1997,1539.57,7.97,435.36,584.81,1,1,1,1
48,1998,328.04,378.28,49.94,51.67,1,1,1,0
48,1999,185.78,359.59,49.03,48.45,1,1,1,0
48,2003,274.04,403.37,44.23,48.88,1,1,1,0
48,2022,492.25,489.66,14.32,15.73,1,1,1,0
49,1996,453.11,16.42,447.71,533.18,1,1,1,1
49,1997,1537.61,8.61,436.52,585.72,1,1,1,1
49,1998,328.06,378.46,49.97,51.82,1,1,1,0
49,1999,184.74,359.6,50.22,49.52,1,1,1,0
49,2003,273.46,404.13,43.93,48.45,1,1,1,0
50,1996,450.82,17.44,449.96,531.4,1,1,1,1
50,1997,1536.5,9.4,435.91,584.75,1,1,1,1
50,1998,327.8,378.73,49.91,51.88,1,1,1,0
50,1999,183.98,359.99,51.07,50.31,1,1,1,0
50,2003,272.52,404.61,43.91,48.28,1,1,1,0
51,1996,447.42,17.15,453.45,531.31,1,1,1,1
51,1997,1534.99,10.34,436.1,584.94,1,1,1,1
51,1998,327.81,379.22,49.5,51.5,1,1,1,0
51,1999,183.01,360.72,51.84,51.0,1,1,1,0
51,2003,271.67,405.58,44.01,48.22,1,1,1,0
52,1996,445.61,19.06,455.83,530.16,1,1,1,1
52,1997,1534.1,11.52,436.68,585.79,1,1,1,1
52,1998,327.94,380.99,48.93,50.95,1,1,1,0
52,1999,182.16,361.98,51.79,50.86,1,1,1,0
52,2003,269.97,406.93,44.14,48.2,1,1,1,0
53,1996,443.45,19.4,459.68,531.0,1,1,1,1
53,1997,1534.44,12.29,437.03,585.99,1,1,1,1
53,1998,327.32,382.65,48.69,50.74,1,1,1,0
53,1999,180.9,363.24,51.75,50.8,1,1,1,0
53,2003,268.15,408.21,44.52,48.59,1,1,1,0
53,2024,490.1,492.09,14.21,15.91,1,1,1,0
54,1996,442.08,18.54,463.05,531.97,1,1,1,1
54,1997,1534.48,13.0,437.25,586.05,1,1,1,1
54,1998,326.88,384.05,48.91,51.06,1,1,1,0
54,1999,180.52,364.3,51.25,50.37,1,1,1,0
54,2003,267.05,409.48,44.72,48.74,1,1,1,0
54,2024,489.68,492.8,13.64,15.25,1,1,1,0
55,1996,445.47,18.63,464.47,531.2,1,1,1,1
55,1997,1535.75,13.08,437.92,586.85,1,1,1,1
55,1998,327.46,384.76,49.0,51.18,1,1,1,0
55,1999,181.12,365.48,51.11,50.19,1,1,1,0
55,2003,266.45,410.33,44.95,48.8,1,1,1,0
55,2024,490.27,493.75,13.46,15.04,1,1,1,0
56,1996,450.04,15.68,469.39,534.34,1,1,1,1
56,1997,1535.93,12.82,438.69,588.62,1,1,1,1
56,1998,331.68,385.4,49.29,51.62,1,1,1,0
56,1999,185.05,366.9,50.95,50.12,1,1,1,0
56,2003,270.46,411.22,44.78,48.42,1,1,1,0
56,2024,494.83,494.23,13.44,15.0,1,1,1,0
57,1996,453.63,14.19,473.24,536.36,1,1,1,1
57,1997,1539.92,12.64,439.02,590.16,1,1,1,1
57,1998,336.41,385.82,49.0,51.39,1,1,1,0
57,1999,189.71,367.02,51.44,50.49,1,1,1,0
57,2003,273.68,411.33,45.13,48.68,1,1,1,0
57,2024,499.33,494.35,13.45,15.0,1,1,1,0
58,1996,454.54,12.65,477.87,539.73,1,1,1,1
58,1997,1543.77,9.59,437.54,590.72,1,1,1,1
58,1998,340.14,385.76,48.47,50.9,1,1,1,0
58,1999,193.27,366.84,51.11,50.23,1,1,1,0
58,2003,276.5,411.55,45.03,48.37,1,1,1,0
58,2024,502.47,494.15,13.48,15.0,1,1,1,0
59,1996,455.46,10.71,483.11,543.99,1,1,1,1
59,1997,1547.76,8.45,435.0,590.11,1,1,1,1
59,1998,344.09,385.71,48.23,50.71,1,1,1,0
59,1999,196.94,366.95,50.4,49.72,1,1,1,0
59,2003,280.07,411.8,45.08,48.26,1,1,1,0
59,2024,506.38,494.28,13.13,14.59,1,1,1,0
60,1996,461.48,10.99,484.7,544.21,1,1,1,1
60,1997,1551.36,7.84,432.92,589.85,1,1,1,1
60,1998,347.83,385.07,47.47,49.85,1,1,1,0
60,1999,200.5,366.77,49.85,49.13,1,1,1,0
60,2003,283.12,411.48,44.65,47.82,1,1,1,0
60,2024,509.48,494.09,12.67,14.03,1,1,1,0
61,1996,466.97,12.23,484.32,542.19,1,1,1,1
61,1997,1555.38,7.63,433.04,591.33,1,1,1,1
61,1998,351.28,385.01,47.32,49.52,1,1,1,0
61,1999,203.78,366.68,50.02,49.31,1,1,1,0
61,2003,285.67,411.13,44.95,48.05,1,1,1,0
61,2024,511.93,493.17,12.89,14.26,1,1,1,0
62,1996,471.46,15.91,483.12,539.22,1,1,1,1
62,1997,1556.98,8.27,431.21,591.17,1,1,1,1
62,1998,354.0,384.98,47.04,49.0,1,1,1,0
62,1999,206.23,367.03,49.68,48.98,1,1,1,0
62,2003,288.72,411.59,44.72,47.75,1,1,1,0
62,2024,514.12,493.26,13.03,14.35,1,1,1,0
63,1996,475.69,19.21,481.96,536.6,1,1,1,1
63,1997,1559.82,10.13,429.06,589.49,1,1,1,1
63,1998,356.66,385.76,46.66,48.41,1,1,1,0
63,1999,208.76,367.35,49.37,48.85,1,1,1,0
63,2003,290.98,411.94,45.05,48.03,1,1,1,0
63,2024,516.43,493.49,13.07,14.39,1,1,1,0
64,1996,478.22,21.15,482.82,536.51,1,1,1,1
64,1997,1563.36,9.35,427.96,589.54,1,1,1,1
64,1998,359.18,386.24,47.28,49.01,1,1,1,0
64,1999,211.5,367.86,50.28,49.61,1,1,1,0
64,2003,293.16,412.46,45.05,48.14,1,1,1,0
64,2024,519.17,493.98,13.15,14.41,1,1,1,0
64,2025,0,455.32,21.47,36.64,1,1,1,0
65,1996,481.66,23.56,482.73,535.6,1,1,1,1
65,1997,1565.8,9.76,426.76,589.64,1,1,1,1
65,1998,363.34,386.6,47.28,48.83,1,1,1,0
65,1999,215.24,368.63,49.61,49.1,1,1,1,0
65,2003,298.13,413.24,44.77,47.79,1,1,1,0
65,2024,522.89,494.36,13.21,14.42,1,1,1,0
65,2025,0,456.25,25.31,38.59,1,1,1,0
66,1996,483.91,27.54,482.94,534.77,1,1,1,1
66,1997,1570.45,12.01,425.08,588.78,1,1,1,1
66,1998,367.82,387.53,47.26,48.77,1,1,1,0
66,1999,220.01,369.51,50.26,49.7,1,1,1,0
66,2003,302.67,413.92,44.64,47.65,1,1,1,0
66,2024,526.97,494.5,13.27,14.42,1,1,1,0
66,2025,0,457.02,30.08,40.61,1,1,1,0
67,1996,487.55,32.01,481.99,532.49,1,1,1,1
67,1997,1579.51,15.46,422.44,586.85,1,1,1,1
67,1998,372.42,388.46,47.99,49.56,1,1,1,0
67,1999,225.04,370.61,49.6,49.13,1,1,1,0
67,2003,307.85,414.75,44.65,47.6,1,1,1,0
67,2024,531.18,495.15,13.32,14.43,1,1,1,0
67,2025,0.18,458.56,34.9,40.81,1,1,1,0
68,1996,484.69,34.34,490.66,541.33,1,1,1,1
68,1997,1588.75,15.96,420.78,586.12,1,1,1,1
68,1998,378.35,389.59,47.6,49.06,1,1,1,0
68,1999,231.63,371.82,49.37,48.91,1,1,1,0
68,2003,313.46,415.45,45.5,48.39,1,1,1,0
68,2024,537.26,496.19,13.32,14.43,1,1,1,0
68,2025,7.25,459.71,34.54,40.37,1,1,1,0
69,1996,487.09,37.65,494.7,545.34,1,1,1,1
69,1997,1596.78,15.33,421.99,589.04,1,1,1,1
69,1998,385.93,391.0,47.71,49.27,1,1,1,0
69,1999,239.36,372.84,49.9,49.23,1,1,1,0
69,2003,320.81,416.49,45.82,48.68,1,1,1,0
69,2024,544.19,496.97,13.37,14.44,1,1,1,0
69,2025,14.99,460.5,35.07,41.0,1,1,1,0
70,1996,488.55,39.14,500.48,552.5,1,1,1,1
70,1997,1605.78,12.79,426.15,596.21,1,1,1,1
70,1998,392.42,392.7,47.38,48.95,1,1,1,0
70,1999,245.78,374.6,49.19,48.56,1,1,1,0
70,2003,327.46,418.25,45.54,48.39,1,1,1,0
70,2024,549.84,498.45,13.41,14.44,1,1,1,0
70,2025,22.02,461.98,34.67,40.38,1,1,1,0
71,1996,496.35,43.01,498.24,551.03,1,1,1,1
71,1997,1611.02,17.17,423.74,595.14,1,1,1,1
71,1998,398.31,394.72,47.25,48.84,1,1,1,0
71,1999,251.59,376.84,49.04,48.3,1,1,1,0
71,2003,333.23,420.29,45.8,48.68,1,1,1,0
71,2024,556.02,500.39,13.4,14.44,1,1,1,0
71,2025,27.27,464.33,35.52,41.34,1,1,1,0
72,1996,511.07,43.32,490.33,542.57,1,1,1,1
72,1997,1620.24,21.32,419.11,590.81,1,1,1,1
72,1998,405.98,397.04,47.13,48.8,1,1,1,0
72,1999,259.19,378.85,50.21,49.41,1,1,1,0
72,2003,341.45,422.42,45.83,48.79,1,1,1,0
72,2024,563.77,502.49,13.01,14.05,1,1,1,0
72,2025,35.0,466.36,36.15,42.08,1,1,1,0
73,1996,521.93,48.96,482.86,534.51,1,1,1,1
73,1997,1630.31,20.68,418.19,590.75,1,1,1,1
73,1998,414.51,398.28,47.04,48.78,1,1,1,0
73,1999,268.67,380.36,50.45,49.43,1,1,1,0
73,2003,350.17,423.99,45.42,48.43,1,1,1,0
73,2024,571.92,503.87,12.91,13.9,1,1,1,0
73,2025,44.88,468.28,35.37,41.14,1,1,1,0
74,1996,563.57,62.52,460.5,518.16,1,1,1,1
74,1997,1639.31,21.8,414.99,587.53,1,1,1,1
74,1998,420.14,398.7,46.98,48.78,1,1,1,0
74,1999,274.46,381.29,49.69,48.64,1,1,1,0
74,2003,356.48,424.94,44.86,47.89,1,1,1,0
74,2024,577.63,504.14,13.17,14.25,1,1,1,0
74,2025,51.32,468.94,35.8,41.56,1,1,1,0
75,1996,574.52,65.89,451.49,516.12,1,1,1,1
75,1997,1647.12,22.89,412.51,585.01,1,1,1,1
75,1998,427.3,399.42,47.25,49.18,1,1,1,0
75,1999,282.39,381.99,49.59,48.34,1,1,1,0
75,2003,365.03,425.86,44.29,47.29,1,1,1,0
75,2024,584.91,504.61,13.33,14.38,1,1,1,0
75,2025,59.22,469.54,35.63,41.3,1,1,1,0
76,1996,570.43,67.31,444.63,511.94,1,1,1,1
76,1997,1657.01,26.56,408.42,580.98,1,1,1,1
76,1998,436.75,400.25,46.97,48.94,1,1,1,0
76,1999,292.55,382.61,49.54,48.23,1,1,1,0
76,2003,373.93,426.36,44.29,47.47,1,1,1,0
76,2024,594.02,505.16,13.42,14.43,1,1,1,0
76,2025,69.53,470.51,35.67,41.19,1,1,1,0
77,1996,582.76,75.54,432.28,504.45,1,1,1,1
77,1997,1664.55,25.01,408.37,583.39,1,1,1,1
77,1998,445.35,400.92,47.17,49.24,1,1,1,0
77,1999,301.14,383.61,50.42,48.99,1,1,1,0
77,2003,382.81,427.31,43.93,47.14,1,1,1,0
77,2024,602.64,505.34,13.85,14.85,1,1,1,0
77,2025,78.84,471.43,35.08,40.33,1,1,1,0
78,1996,584.67,75.65,426.32,502.57,1,1,1,1
78,1997,1669.44,24.0,406.98,584.31,1,1,1,1
78,1998,453.72,402.54,46.48,48.57,1,1,1,0
78,1999,309.57,384.94,50.64,49.28,1,1,1,0
78,2003,391.16,428.63,43.72,47.02,1,1,1,0
78,2024,610.91,506.17,13.64,14.61,1,1,1,0
78,2025,87.76,472.53,35.3,40.4,1,1,1,0
79,1996,582.82,69.83,430.23,513.95,1,1,1,1
79,1997,1676.52,21.69,408.27,587.57,1,1,1,1
79,1998,460.58,403.91,46.32,48.31,1,1,1,0
79,1999,317.05,386.99,50.79,49.38,1,1,1,0
79,2003,398.27,430.48,43.6,46.98,1,1,1,0
79,2024,617.75,506.86,13.85,14.92,1,1,1,0
79,2025,95.12,474.3,35.6,40.82,1,1,1,0
80,1996,581.95,55.07,439.12,533.93,1,1,1,1
80,1997,1679.94,21.99,406.81,586.42,1,1,1,1
80,1998,467.28,406.38,45.92,47.81,1,1,1,0
80,1999,323.85,388.73,50.76,49.42,1,1,1,0
80,2003,405.05,432.14,43.62,46.96,1,1,1,0
80,2025,102.21,476.31,35.77,40.98,1,1,1,0
81,1996,593.38,63.49,426.35,527.26,1,1,1,1
81,1997,1688.33,16.62,410.71,593.66,1,1,1,1
81,1998,472.79,408.27,46.47,48.43,1,1,1,0
81,1999,328.97,390.33,51.52,50.23,1,1,1,0
81,2003,410.49,433.92,43.34,46.56,1,1,1,0
81,2025,108.67,478.02,36.18,41.43,1,1,1,0
82,1996,601.01,66.25,419.39,526.1,1,1,1,1
82,1997,1703.99,16.87,410.54,592.7,1,1,1,1
82,1998,478.81,409.93,46.27,48.27,1,1,1,0
82,1999,336.39,392.48,49.86,48.56,1,1,1,0
82,2003,416.52,435.54,43.54,46.82,1,1,1,0
82,2025,115.2,479.81,36.24,41.59,1,1,1,0
83,1996,601.28,69.83,413.67,527.45,1,1,1,1
83,1997,1729.04,19.47,416.33,595.99,1,1,1,1
83,1998,484.83,412.1,45.79,47.81,1,1,1,0
83,1999,342.56,395.25,49.53,48.31,1,1,1,0
83,2003,421.76,438.1,43.97,47.32,1,1,1,0
83,2025,121.87,481.83,35.67,40.86,1,1,1,0
84,1996,605.11,73.91,403.77,521.99,1,1,1,1
84,1997,1739.03,24.33,415.29,592.55,1,1,1,1
84,1998,488.56,414.26,45.37,47.24,1,1,1,0
84,1999,345.99,397.23,48.68,47.42,1,1,1,0
84,2003,425.26,440.2,43.81,47.11,1,1,1,0
84,2025,125.23,483.33,35.71,40.97,1,1,1,0
85,1996,611.12,77.49,399.4,520.61,1,1,1,1
85,1997,1744.58,26.56,416.99,592.4,1,1,1,1
85,1998,489.1,416.02,45.62,47.43,1,1,1,0
85,1999,346.57,398.31,48.8,47.49,1,1,1,0
85,2003,425.37,441.54,44.46,47.83,1,1,1,0
85,2025,125.42,484.84,35.76,41.0,1,1,1,0
86,1996,612.25,77.06,402.16,528.19,1,1,1,1
86,1997,1747.68,23.7,421.27,596.81,1,1,1,1
86,1998,489.45,417.22,45.81,47.51,1,1,1,0
86,1999,347.37,399.26,49.29,47.92,1,1,1,0
86,2003,426.24,442.79,44.26,47.7,1,1,1,0
86,2025,125.64,485.95,35.75,41.02,1,1,1,0
86,2026,645.82,520.77,13.27,13.86,1,1,1,0
87,1996,614.01,78.72,399.53,527.77,1,1,1,1
87,1997,1748.26,28.26,418.67,591.21,1,1,1,1
87,1998,489.02,417.81,46.61,48.34,1,1,1,0
87,1999,347.06,399.76,49.1,47.69,1,1,1,0
87,2003,426.02,443.6,44.45,48.05,1,1,1,0
87,2025,125.39,487.11,35.43,40.62,1,1,1,0
87,2026,646.25,521.19,13.73,14.33,1,1,1,0
88,1996,617.58,83.16,392.47,520.33,1,1,1,1
88,1997,1745.77,27.58,417.56,589.25,1,1,1,1
88,1998,489.11,418.19,46.9,48.66,1,1,1,0
88,1999,348.1,400.09,48.7,47.21,1,1,1,0
88,2003,426.57,444.05,44.51,48.18,1,1,1,0
88,2025,125.51,487.29,35.29,40.47,1,1,1,0
88,2026,646.84,521.56,13.89,14.48,1,1,1,0
89,1996,617.42,82.56,391.0,520.5,1,1,1,1
89,1997,1744.85,25.5,416.55,586.92,1,1,1,1
89,1998,489.8,418.47,46.96,48.78,1,1,1,0
89,1999,348.68,400.36,49.01,47.43,1,1,1,0
89,2003,427.18,444.17,44.19,47.83,1,1,1,0
89,2025,126.32,487.5,34.86,40.01,1,1,1,0
89,2026,648.14,522.12,13.5,14.07,1,1,1,0
90,1996,618.15,84.16,387.9,518.09,1,1,1,1
90,1997,1747.63,26.09,415.82,586.05,1,1,1,1
90,1998,490.69,418.93,46.62,48.42,1,1,1,0
90,1999,349.71,400.62,49.24,47.52,1,1,1,0
90,2003,427.66,444.37,44.07,47.69,1,1,1,0
90,2025,127.34,487.53,34.37,39.44,1,1,1,0
90,2026,648.99,522.73,13.35,13.92,1,1,1,0
91,1996,617.61,85.99,385.81,517.7,1,1,1,1
91,1997,1749.96,30.49,410.95,579.75,1,1,1,1
91,1998,491.09,419.26,46.48,48.29,1,1,1,0
91,1999,349.71,400.67,49.81,47.95,1,1,1,0
91,2003,427.89,444.99,43.65,47.24,1,1,1,0
91,2025,127.55,487.7,34.18,39.22,1,1,1,0
91,2026,649.05,522.7,13.68,14.3,1,1,1,0
92,1996,618.93,87.01,383.44,516.39,1,1,1,1
92,1997,1752.7,31.83,408.15,576.9,1,1,1,1
92,1998,491.12,419.74,46.43,48.24,1,1,1,0
92,1999,350.14,400.85,49.74,47.72,1,1,1,0
92,2003,427.86,445.19,43.49,47.07,1,1,1,0
92,2025,127.39,487.72,34.09,39.15,1,1,1,0
92,2026,649.25,523.09,13.41,14.02,1,1,1,0
93,1996,619.33,88.13,381.84,515.92,1,1,1,1
93,1997,1753.93,32.1,406.35,574.87,1,1,1,1
93,1998,490.87,419.68,46.74,48.61,1,1,1,0
93,1999,349.93,400.89,49.8,47.63,1,1,1,0
93,2003,427.37,445.22,43.37,47.01,1,1,1,0
93,2025,126.82,487.49,34.35,39.53,1,1,1,0
93,2026,649.11,523.22,13.67,14.32,1,1,1,0
94,1996,619.99,88.19,380.92,516.46,1,1,1,1
94,1997,1758.88,39.57,397.98,564.77,1,1,1,1
94,1998,490.66,419.82,46.5,48.36,1,1,1,0
94,1999,349.54,400.67,50.26,48.0,1,1,1,0
94,2003,427.1,445.2,43.29,46.99,1,1,1,0
94,2025,126.21,487.58,34.4,39.67,1,1,1,0
94,2026,648.65,523.25,13.74,14.43,1,1,1,0
95,1996,620.13,88.45,380.72,517.99,1,1,1,1
95,1997,1766.04,46.16,391.93,557.2,1,1,1,1
95,1998,490.69,419.85,46.41,48.26,1,1,1,0
95,1999,349.69,400.56,50.07,47.74,1,1,1,0
95,2003,427.14,445.17,43.24,46.98,1,1,1,0
95,2025,125.99,487.39,34.39,39.73,1,1,1,0
95,2026,648.47,523.25,13.74,14.47,1,1,1,0
96,1996,622.14,88.09,379.04,516.59,1,1,1,1
96,1997,1771.81,40.9,394.47,562.54,1,1,1,1
96,1998,491.03,419.82,46.77,48.63,1,1,1,0
96,1999,349.94,400.3,49.44,47.25,1,1,1,0
96,2003,427.49,445.32,43.19,46.98,1,1,1,0
96,2025,126.36,487.49,34.06,39.35,1,1,1,0
96,2026,648.98,523.65,13.38,14.08,1,1,1,0
97,1996,623.27,90.0,375.2,512.79,1,1,1,1
97,1997,1776.33,38.69,395.18,565.6,1,1,1,1
97,1998,491.26,420.19,46.58,48.36,1,1,1,0
97,1999,349.98,400.37,49.16,47.06,1,1,1,0
97,2003,427.37,445.56,43.16,46.99,1,1,1,0
97,2025,126.46,487.51,33.93,39.21,1,1,1,0
97,2026,649.15,524.19,13.24,13.93,1,1,1,0
98,1996,628.47,89.98,369.72,504.88,1,1,1,1
98,1997,1777.55,34.72,397.71,573.3,1,1,1,1
98,1998,492.07,420.5,46.54,48.26,1,1,1,0
98,1999,351.34,400.59,48.23,46.2,1,1,1,0
98,2003,427.89,445.63,43.49,47.39,1,1,1,0
98,2025,127.05,487.29,34.26,39.56,1,1,1,0
98,2026,650.02,524.58,13.2,13.88,1,1,1,0
99,1996,627.55,85.1,369.34,505.96,1,1,1,1
99,1997,1784.64,31.81,396.23,575.45,1,1,1,1
99,1998,492.93,420.6,46.88,48.63,1,1,1,0
99,1999,352.15,400.45,48.77,46.68,1,1,1,0
99,2003,428.64,446.03,43.6,47.54,1,1,1,0
99,2025,127.94,487.4,34.09,39.3,1,1,1,0
99,2026,650.91,524.91,13.62,14.26,1,1,1,0
100,1996,629.56,79.66,371.64,511.6,1,1,1,1
100,1997,1795.66,29.9,394.59,577.87,1,1,1,1
100,1998,495.0,421.02,47.0,48.76,1,1,1,0
100,1999,354.6,400.78,48.57,46.46,1,1,1,0
100,2003,430.12,445.96,43.94,47.99,1,1,1,0
100,2025,128.93,487.42,34.41,39.6,1,1,1,0
100,2026,653.19,526.02,13.05,13.61,1,1,1,0
101,1996,631.45,67.97,376.53,521.02,1,1,1,1
101,1997,1811.38,30.77,378.5,557.73,1,1,1,1
101,1998,496.82,421.55,46.45,48.02,1,1,1,0
101,1999,356.46,401.29,48.52,46.39,1,1,1,0
101,2003,431.42,446.52,44.08,48.16,1,1,1,0
101,2025,130.05,487.62,34.53,39.71,1,1,1,0
102,1996,638.85,75.34,372.04,513.21,1,1,1,1
102,1997,1830.09,40.09,357.74,527.73,1,1,1,1
102,1998,498.05,421.53,47.04,48.53,1,1,1,0
102,1999,357.65,401.27,50.18,47.96,1,1,1,0
102,2003,433.06,446.71,44.13,48.23,1,1,1,0
102,2025,131.59,488.08,34.49,39.75,1,1,1,0
102,2026,655.5,526.28,14.03,14.75,1,1,1,0
103,1996,647.71,80.64,372.55,508.99,1,1,1,1
103,1998,499.83,421.31,47.32,48.73,1,1,1,0
103,1999,359.59,401.65,50.11,47.76,1,1,1,0
103,2003,435.4,447.17,43.4,47.45,1,1,1,0
103,2025,132.68,488.24,34.46,39.77,1,1,1,0
103,2026,657.49,527.28,13.53,14.21,1,1,1,0
104,1996,653.28,83.74,376.91,508.12,1,1,1,1
104,1998,501.42,421.81,47.08,48.4,1,1,1,0
104,1999,360.46,401.78,50.09,47.68,1,1,1,0
104,2003,436.28,447.32,43.42,47.55,1,1,1,0
104,2025,133.8,488.29,34.38,39.78,1,1,1,0
104,2026,658.21,527.45,13.33,14.0,1,1,1,0
105,1996,653.29,82.61,385.68,513.11,1,1,1,1
105,1998,502.73,421.98,47.02,48.28,1,1,1,0
105,1999,361.3,401.62,50.53,48.04,1,1,1,0
105,2003,437.58,447.56,43.39,47.59,1,1,1,0
105,2025,134.83,488.3,34.37,39.78,1,1,1,0
105,2026,659.07,527.9,12.82,13.52,1,1,1,0
106,1996,652.27,81.87,393.18,515.7,1,1,1,1
106,1998,504.58,422.03,46.98,48.23,1,1,1,0
106,1999,363.54,401.75,50.31,47.78,1,1,1,0
106,2003,439.41,447.84,42.98,47.21,1,1,1,0
106,2025,137.22,488.49,33.86,38.98,1,1,1,0
106,2026,659.96,528.05,13.04,13.74,1,1,1,0
107,1996,645.09,80.29,401.4,517.97,1,1,1,1
107,1998,506.42,422.04,47.36,48.61,1,1,1,0
107,1999,366.29,401.99,49.89,47.28,1,1,1,0
107,2003,441.68,448.13,43.15,47.46,1,1,1,0
107,2025,139.88,488.96,33.41,38.28,1,1,1,0
107,2026,661.45,528.3,13.13,13.82,1,1,1,0
108,1996,637.15,75.61,412.34,524.29,1,1,1,1
108,1998,508.21,423.02,47.17,48.36,1,1,1,0
108,1999,368.41,402.87,49.43,46.69,1,1,1,0
108,2003,443.61,449.22,42.94,47.16,1,1,1,0
108,2025,141.81,489.52,33.27,38.02,1,1,1,0
108,2026,662.38,528.58,13.16,13.85,1,1,1,0
109,1996,630.84,73.95,421.35,527.94,1,1,1,1
109,1998,509.58,423.98,46.8,47.86,1,1,1,0
109,1999,370.33,403.79,48.5,45.67,1,1,1,0
109,2003,445.68,450.22,42.47,46.65,1,1,1,0
109,2025,143.08,490.53,33.0,37.53,1,1,1,0
109,2026,663.65,529.87,12.86,13.47,1,1,1,0
110,1996,626.59,72.85,429.32,530.78,1,1,1,1
110,1998,510.99,424.53,46.33,47.28,1,1,1,0
110,1999,371.32,404.32,48.65,45.7,1,1,1,0
110,2003,446.81,450.57,42.66,46.86,1,1,1,0
110,2025,144.73,490.69,33.05,37.35,1,1,1,0
110,2026,664.07,530.74,12.78,13.32,1,1,1,0
111,1996,624.32,70.77,435.71,532.5,1,1,1,1
111,1998,512.27,425.52,46.15,47.06,1,1,1,0
111,1999,372.02,404.9,48.73,45.71,1,1,1,0
111,2003,447.76,451.09,42.36,46.54,1,1,1,0
111,2025,145.86,491.13,33.54,37.7,1,1,1,0
111,2026,664.82,531.45,13.11,13.67,1,1,1,0
112,1996,621.14,69.51,443.47,536.36,1,1,1,1
112,1998,513.41,426.47,45.82,46.58,1,1,1,0
112,1999,372.65,405.71,49.11,46.12,1,1,1,0
112,2003,448.18,451.46,42.82,47.22,1,1,1,0
112,2025,146.58,491.49,34.55,38.63,1,1,1,0
112,2026,665.07,532.29,13.23,13.8,1,1,1,0
113,1996,619.45,69.36,448.68,537.08,1,1,1,1
113,1998,514.58,426.61,46.12,46.81,1,1,1,0
113,1999,374.27,406.19,49.17,46.28,1,1,1,0
113,2003,449.14,451.79,43.27,47.88,1,1,1,0
113,2025,148.2,491.81,34.37,38.19,1,1,1,0
113,2026,665.69,533.19,12.95,13.45,1,1,1,0
114,1996,619.09,69.74,452.56,536.49,1,1,1,1
114,1998,516.14,427.04,46.67,47.3,1,1,1,0
114,1999,375.97,406.76,50.08,47.14,1,1,1,0
114,2003,451.75,452.48,42.8,47.33,1,1,1,0
114,2025,150.26,492.91,35.08,38.82,1,1,1,0
114,2026,666.51,533.71,13.2,13.72,1,1,1,0
115,1996,619.92,68.62,457.57,537.7,1,1,1,1
115,1998,518.31,427.58,47.59,48.28,1,1,1,0
115,1999,378.79,407.15,50.73,47.86,1,1,1,0
115,2003,455.48,452.93,42.64,47.12,1,1,1,0
115,2025,153.86,493.51,35.15,38.66,1,1,1,0
115,2026,668.78,534.68,13.28,13.82,1,1,1,0
116,1996,622.9,67.73,461.37,537.61,1,1,1,1
116,1998,521.04,427.77,47.18,47.86,1,1,1,0
116,1999,381.42,407.28,50.5,47.74,1,1,1,0
116,2003,458.18,453.08,42.65,47.04,1,1,1,0
116,2025,155.85,493.72,35.59,39.0,1,1,1,0
116,2026,670.96,535.42,12.99,13.46,1,1,1,0
117,1996,625.76,66.23,466.99,540.3,1,1,1,1
117,1998,523.83,428.01,46.97,47.7,1,1,1,0
117,1999,384.73,407.32,50.83,48.08,1,1,1,0
117,2003,461.34,453.32,42.64,47.01,1,1,1,0
117,2025,158.94,493.78,35.13,38.33,1,1,1,0
117,2026,672.54,535.67,12.9,13.32,1,1,1,0
118,1996,629.25,67.97,468.91,538.99,1,1,1,1
118,1998,524.47,428.09,47.2,48.04,1,1,1,0
118,1999,385.93,406.92,50.93,48.21,1,1,1,0
118,2003,462.62,453.39,42.7,47.0,1,1,1,0
118,2025,160.65,493.59,34.31,37.28,1,1,1,0
118,2026,673.08,536.14,12.89,13.27,1,1,1,0
119,1996,634.07,69.75,470.43,536.95,1,1,1,1
119,1998,524.44,428.7,46.9,47.77,1,1,1,0
119,1999,386.13,407.15,50.95,48.25,1,1,1,0
119,2003,463.35,454.0,42.09,46.2,1,1,1,0
119,2025,161.66,493.5,34.11,36.88,1,1,1,0
119,2026,672.42,536.5,12.91,13.25,1,1,1,0
120,1996,637.17,70.55,473.82,537.63,1,1,1,1
120,1998,523.8,429.51,46.71,47.66,1,1,1,0
120,1999,385.72,407.82,50.58,47.87,1,1,1,0
120,2003,462.73,454.82,42.28,46.3,1,1,1,0
120,2025,161.44,493.65,34.48,37.14,1,1,1,0
120,2026,670.93,537.21,12.94,13.24,1,1,1,0
121,1996,638.94,71.95,478.46,539.95,1,1,1,1
121,1998,523.37,430.0,46.92,48.02,1,1,1,0
121,1999,385.52,408.06,50.81,48.12,1,1,1,0
121,2003,461.85,455.11,42.73,46.74,1,1,1,0
121,2025,160.67,493.9,34.69,37.25,1,1,1,0
121,2026,669.99,537.65,12.85,13.24,1,1,1,0
122,1996,643.41,72.39,479.53,538.71,1,1,1,1
122,1998,522.8,430.37,46.93,48.16,1,1,1,0
122,1999,385.17,408.34,50.94,48.21,1,1,1,0
122,2003,461.07,455.4,42.92,46.91,1,1,1,0
122,2025,160.95,493.99,34.11,36.49,1,1,1,0
122,2026,669.17,538.2,12.89,13.24,1,1,1,0
123,1996,644.26,73.55,481.38,538.2,1,1,1,1
123,1998,522.98,431.08,46.87,48.21,1,1,1,0
123,1999,385.24,409.03,50.88,48.24,1,1,1,0
123,2003,461.17,456.09,42.9,46.97,1,1,1,0
123,2025,161.66,494.41,33.57,35.81,1,1,1,0
123,2026,668.84,538.98,12.92,13.25,1,1,1,0
124,1996,644.39,76.08,483.0,537.49,1,1,1,1
124,1998,522.84,431.93,47.17,48.62,1,1,1,0
124,1999,385.8,410.47,50.51,47.85,1,1,1,0
124,2003,461.36,457.53,42.91,47.0,1,1,1,0
124,2025,160.9,496.17,33.5,35.56,1,1,1,0
124,2026,667.73,540.05,13.29,13.65,1,1,1,0
125,1996,648.48,78.12,482.46,534.91,1,1,1,1
125,1998,523.36,433.43,46.9,48.38,1,1,1,0
125,1999,386.57,411.6,49.97,47.3,1,1,1,0
125,2003,462.59,459.05,42.91,47.01,1,1,1,0
125,2025,161.79,497.21,33.88,35.88,1,1,1,0
125,2026,667.32,541.22,13.41,13.8,1,1,1,0
126,1996,651.52,80.57,483.01,533.42,1,1,1,1
126,1998,523.73,434.77,46.39,47.89,1,1,1,0
126,1999,387.0,413.0,49.01,46.29,1,1,1,0
126,2003,462.62,460.0,43.32,47.41,1,1,1,0
126,2025,161.76,497.78,34.08,36.01,1,1,1,0
126,2026,667.17,542.64,13.45,13.85,1,1,1,0
127,1996,657.96,84.36,481.18,529.37,1,1,1,1
127,1998,523.09,435.65,46.9,48.5,1,1,1,0
127,1999,386.71,413.91,49.06,46.32,1,1,1,0
127,2003,461.44,460.73,43.03,47.16,1,1,1,0
127,2025,161.17,498.77,33.85,35.66,1,1,1,0
127,2026,666.72,544.14,13.45,13.87,1,1,1,0
128,1996,666.6,88.55,479.8,527.65,1,1,1,1
128,1998,522.49,436.55,47.37,49.12,1,1,1,0
128,1999,386.18,414.62,49.89,47.14,1,1,1,0
128,2003,461.13,461.58,42.56,46.67,1,1,1,0
128,2025,162.11,499.33,33.79,35.54,1,1,1,0
128,2026,666.32,545.67,13.11,13.48,1,1,1,0
129,1996,667.56,89.18,481.18,528.72,1,1,1,1
129,1998,522.28,437.06,47.48,49.36,1,1,1,0
129,1999,386.17,415.07,50.18,47.44,1,1,1,0
129,2003,460.78,461.87,42.8,46.88,1,1,1,0
129,2025,162.3,499.51,33.83,35.5,1,1,1,0
129,2026,666.16,546.62,13.0,13.33,1,1,1,0
130,1996,668.43,90.95,481.19,528.35,1,1,1,1
130,1998,522.82,437.23,47.45,49.44,1,1,1,0
130,1999,386.92,415.21,49.91,47.16,1,1,1,0
130,2003,461.21,462.15,42.55,46.56,1,1,1,0
130,2025,161.34,499.56,34.25,35.89,1,1,1,0
130,2026,666.49,547.13,12.97,13.28,1,1,1,0
131,1996,664.77,90.57,484.11,530.82,1,1,1,1
131,1998,523.43,437.27,47.38,49.47,1,1,1,0
131,1999,387.54,414.84,50.3,47.46,1,1,1,0
131,2003,461.8,462.03,43.16,47.24,1,1,1,0
131,2025,162.08,499.16,34.38,36.04,1,1,1,0
131,2026,667.01,547.29,12.98,13.26,1,1,1,0
132,1996,659.98,86.1,486.24,532.46,1,1,1,1
132,1998,521.07,437.26,47.35,49.48,1,1,1,0
132,1999,385.04,414.68,50.32,47.56,1,1,1,0
132,2003,459.4,461.97,42.65,46.7,1,1,1,0
132,2025,158.94,499.39,34.45,36.1,1,1,1,0
132,2026,665.6,547.52,13.0,13.25,1,1,1,0
133,1996,649.28,86.85,489.51,535.37,1,1,1,1
133,1998,516.8,437.43,47.32,49.47,1,1,1,0
133,1999,380.43,415.0,50.44,47.61,1,1,1,0
133,2003,454.91,462.12,43.18,47.3,1,1,1,0
133,2025,153.9,500.26,34.74,36.52,1,1,1,0
133,2026,661.87,548.18,13.02,13.25,1,1,1,0
134,1996,640.37,86.12,493.2,539.05,1,1,1,1
134,1998,513.16,438.07,46.59,48.67,1,1,1,0
134,1999,375.79,415.9,49.52,46.82,1,1,1,0
134,2003,450.44,462.75,42.22,46.33,1,1,1,0
134,2025,149.64,500.38,35.22,37.08,1,1,1,0
134,2026,657.91,548.39,13.38,13.65,1,1,1,0
135,1996,636.52,88.21,491.55,537.65,1,1,1,1
135,1998,508.46,438.69,46.97,49.17,1,1,1,0
135,1999,370.95,416.22,50.14,47.33,1,1,1,0
135,2003,445.96,463.58,42.24,46.36,1,1,1,0
135,2025,145.49,500.61,35.02,36.9,1,1,1,0
135,2026,654.25,549.64,13.17,13.4,1,1,1,0
136,1996,625.86,89.08,491.82,537.78,1,1,1,1
136,1998,502.69,439.7,46.48,48.56,1,1,1,0
136,1999,364.67,416.92,49.46,46.72,1,1,1,0
136,2003,439.51,464.27,42.3,46.37,1,1,1,0
136,2025,139.05,501.67,35.29,37.22,1,1,1,0
136,2026,649.11,550.29,13.43,13.71,1,1,1,0
137,1996,607.81,86.6,495.36,541.39,1,1,1,1
137,1998,491.8,440.46,46.99,49.12,1,1,1,0
137,1999,354.47,417.97,50.14,47.29,1,1,1,0
137,2003,429.19,465.51,42.66,46.78,1,1,1,0
137,2025,129.82,502.06,34.67,36.55,1,1,1,0
138,1996,591.46,84.05,493.71,539.96,1,1,1,1
138,1998,474.71,440.93,47.55,49.73,1,1,1,0
138,1999,337.58,418.34,50.5,47.5,1,1,1,0
138,2003,412.44,466.15,42.85,46.93,1,1,1,0
139,1996,566.32,82.58,496.79,543.46,1,1,1,1
139,1998,456.21,441.48,47.48,49.56,1,1,1,0
139,1999,318.7,418.66,50.76,47.59,1,1,1,0
139,2003,393.85,466.77,42.58,46.59,1,1,1,0
140,1996,545.91,79.74,495.99,543.47,1,1,1,1
140,1998,436.78,442.06,47.5,49.49,1,1,1,0
140,1999,298.57,418.96,51.31,48.01,1,1,1,0
140,2003,374.25,467.18,42.81,46.86,1,1,1,0
141,1996,523.02,79.57,492.94,541.35,1,1,1,1
141,1998,415.75,442.26,47.49,49.47,1,1,1,0
141,1999,276.73,418.86,51.51,48.17,1,1,1,0
141,2003,352.67,467.31,43.57,47.76,1,1,1,0
142,1996,492.73,80.71,494.87,543.31,1,1,1,1
142,1998,394.93,442.31,47.55,49.45,1,1,1,0
142,1999,255.56,418.8,51.51,48.23,1,1,1,0
142,2003,331.6,467.34,44.55,48.88,1,1,1,0
143,1996,470.42,79.97,495.33,544.82,1,1,1,1
143,1998,375.43,442.71,47.67,49.45,1,1,1,0
143,1999,235.73,418.57,51.98,48.65,1,1,1,0
143,2003,311.54,467.34,44.84,49.31,1,1,1,0
144,1996,448.91,82.87,492.38,542.59,1,1,1,1
144,1998,355.88,443.04,47.78,49.44,1,1,1,0
144,1999,215.85,418.47,52.54,49.2,1,1,1,0
144,2003,292.17,467.71,44.58,49.07,1,1,1,0
144,1997,1743.14,48.15,435.95,599.85,1,1,1,1
145,1996,423.73,90.36,491.32,541.71,1,1,1,1
145,1998,334.8,443.75,47.82,49.44,1,1,1,0
145,1999,194.45,419.01,52.0,48.61,1,1,1,0
145,2003,271.25,468.43,44.26,48.57,1,1,1,0
145,1997,1697.49,50.62,434.98,599.13,1,1,1,1
146,1996,391.63,93.77,490.23,540.37,1,1,1,1
146,1998,309.16,444.39,48.3,49.83,1,1,1,0
146,1999,168.53,419.61,51.66,48.38,1,1,1,0
146,2003,245.34,468.88,44.83,49.17,1,1,1,0
146,1997,1649.36,56.26,426.86,588.95,1,1,1,1
147,1996,356.54,91.43,492.18,542.65,1,1,1,1
147,1998,279.28,445.02,48.49,49.98,1,1,1,0
147,1999,138.37,420.02,51.71,48.29,1,1,1,0
147,2003,215.09,469.44,44.62,49.0,1,1,1,0
147,1997,1605.67,61.47,422.56,584.08,1,1,1,1
148,1996,316.4,91.51,496.76,547.28,1,1,1,1
148,1998,247.97,444.84,49.01,50.43,1,1,1,0
148,1999,105.23,419.76,54.2,50.64,1,1,1,0
148,2003,183.87,469.83,43.95,48.13,1,1,1,0
148,1997,1569.74,66.62,419.15,579.98,1,1,1,1
149,1996,277.36,89.03,500.17,551.09,1,1,1,1
149,1998,217.67,444.75,49.25,50.6,1,1,1,0
149,1999,73.99,419.66,54.36,50.73,1,1,1,0
149,2003,152.73,469.95,44.46,48.59,1,1,1,0
149,1997,1535.16,72.57,420.22,581.27,1,1,1,1
150,1996,234.67,90.74,504.12,553.8,1,1,1,1
150,1998,188.1,444.9,49.74,51.06,1,1,1,0
150,1999,43.05,419.81,54.98,51.15,1,1,1,0
150,2003,122.94,470.19,45.06,49.16,1,1,1,0
150,1997,1501.09,78.45,422.64,582.95,1,1,1,1
151,1996,206.85,94.35,502.03,551.41,1,1,1,1
151,1998,162.18,444.94,50.06,51.22,1,1,1,0
151,1999,15.06,419.86,54.84,50.9,1,1,1,0
151,2003,96.42,470.46,45.77,49.77,1,1,1,0
151,1997,1468.45,87.8,422.94,582.86,1,1,1,1
152,1996,172.3,94.31,505.16,554.63,1,1,1,1
152,1998,136.63,444.75,50.53,51.68,1,1,1,0
152,1999,0,420.26,44.06,48.82,1,1,1,0
152,2003,71.01,470.55,46.15,50.0,1,1,1,0
152,1997,1426.93,93.87,423.2,582.92,1,1,1,1
153,1996,145.85,103.2,498.1,546.09,1,1,1,1
153,1998,111.36,444.46,51.17,52.24,1,1,1,0
153,1999,0,421.62,20.22,49.62,1,1,1,0
153,2003,44.73,469.97,46.7,50.47,1,1,1,0
153,1997,1391.73,103.19,422.25,582.21,1,1,1,1
154,1996,115.04,104.85,500.02,547.68,1,1,1,1
154,1998,87.89,444.94,51.43,52.45,1,1,1,0
154,2003,21.5,470.33,46.65,50.25,1,1,1,0
154,1997,1354.35,114.4,418.59,578.07,1,1,1,1
155,1996,88.34,103.32,505.07,553.15,1,1,1,1
155,1998,66.34,444.72,51.26,52.12,1,1,1,0
155,2003,0,469.67,46.98,51.75,1,1,1,0
155,1997,1323.81,125.69,414.77,574.47,1,1,1,1
156,1996,64.12,107.25,504.15,551.83,1,1,1,1
156,1998,45.86,444.23,51.66,52.38,1,1,1,0
156,2003,0,470.0,28.7,51.52,1,1,1,0
156,1997,1293.92,135.46,413.09,573.81,1,1,1,1
157,1996,45.45,107.4,506.99,556.16,1,1,1,1
157,1998,26.44,443.04,52.57,53.27,1,1,1,0
157,2003,0,471.31,12.24,46.66,1,1,1,0
157,1997,1270.04,144.73,413.48,574.96,1,1,1,1
158,1996,18.55,99.57,519.96,573.14,1,1,1,1
158,1998,7.76,442.2,52.98,53.6,1,1,1,0
158,1997,1243.17,151.81,408.93,569.94,1,1,1,1
159,1996,7.55,100.22,521.26,578.23,1,1,1,1
159,1998,0,441.09,46.16,54.51,1,1,1,0
159,1997,1219.85,154.23,404.4,564.0,1,1,1,1
160,1996,0,104.59,512.74,573.97,1,1,1,1
160,1998,0,440.27,33.36,54.45,1,1,1,0
160,1997,1203.01,148.28,401.99,560.76,1,1,1,1
161,1996,0,105.75,497.47,575.88,1,1,1,1
161,1998,0,441.16,22.89,53.62,1,1,1,0
161,1997,1178.41,142.99,398.87,556.83,1,1,1,1
162,1996,0,116.36,491.18,568.3,1,1,1,1
162,1998,0,443.7,9.7,49.31,1,1,1,0
162,1997,1161.68,136.78,397.56,554.66,1,1,1,1
163,1996,0,119.17,484.06,557.75,1,1,1,1
163,1997,1152.42,133.51,392.6,546.74,1,1,1,1
164,1996,0,117.44,473.44,552.82,1,1,1,1
164,1997,1143.09,135.78,385.58,536.23,1,1,1,1
165,1996,0,115.42,465.76,548.7,1,1,1,1
165,1997,1135.81,139.15,381.53,530.24,1,1,1,1
166,1996,0,113.21,460.32,544.57,1,1,1,1
166,1997,1132.83,140.61,382.93,531.11,1,1,1,1
167,1996,0,114.44,455.68,540.97,1,1,1,1
167,1997,1131.31,142.06,383.91,531.38,1,1,1,1
168,1996,0,115.17,454.66,541.78,1,1,1,1
168,1997,1128.44,144.22,387.24,535.93,1,1,1,1
169,1996,0,117.41,451.44,536.55,1,1,1,1
169,1997,1129.59,145.15,388.91,538.34,1,1,1,1
170,1996,0,117.41,448.19,537.44,1,1,1,1
170,1997,1130.06,145.51,390.32,540.83,1,1,1,1
171,1996,0,115.38,451.01,547.03,1,1,1,1
171,1997,1131.47,146.47,389.43,540.54,1,1,1,1
172,1996,0,114.6,447.52,540.74,1,1,1,1
172,1997,1131.92,147.36,388.65,540.28,1,1,1,1
173,1996,0,115.67,442.73,530.95,1,1,1,1
173,1997,1132.25,149.12,388.84,540.72,1,1,1,1
174,1996,0,115.76,441.16,528.42,1,1,1,1
174,1997,1131.83,148.52,389.14,542.13,1,1,1,1
175,1996,0,116.27,441.65,529.05,1,1,1,1
175,1997,1132.51,147.54,386.22,538.21,1,1,1,1
176,1996,0,113.15,451.06,554.23,1,1,1,1
176,1997,1133.45,144.72,381.57,531.16,1,1,1,1
177,1996,0,108.66,449.61,555.95,1,1,1,1
177,1997,1131.14,141.0,379.32,529.56,1,1,1,1
178,1996,5.01,118.68,457.27,530.92,1,1,1,1
178,1997,1128.56,140.79,379.17,531.03,1,1,1,1
179,1996,23.01,121.15,445.47,527.46,1,1,1,1
179,1997,1126.51,142.01,380.52,533.13,1,1,1,1
180,1996,24.57,118.62,439.7,529.65,1,1,1,1
180,1997,1125.51,143.05,379.92,531.78,1,1,1,1
181,1996,32.18,118.85,428.95,525.73,1,1,1,1
181,1997,1121.23,144.13,378.32,529.81,1,1,1,1
182,1996,27.15,116.92,423.86,526.3,1,1,1,1
182,1997,1117.85,146.12,376.85,526.31,1,1,1,1
183,1996,22.6,118.58,419.09,525.77,1,1,1,1
183,1997,1115.64,146.85,374.93,521.04,1,1,1,1
184,1996,2.11,116.5,423.66,531.91,1,1,1,1
184,1997,1112.52,150.11,371.57,512.5,1,1,1,1
185,1996,0,112.23,417.85,539.31,1,1,1,1
185,1997,1110.22,152.1,371.75,509.39,1,1,1,1
186,1996,0,108.64,416.45,544.89,1,1,1,1
186,1997,1105.56,154.41,374.53,511.14,1,1,1,1
187,1996,0,106.89,416.88,546.59,1,1,1,1
187,1997,1107.74,157.83,374.06,506.88,1,1,1,1
188,1996,0,108.53,422.86,546.11,1,1,1,1
188,1997,1113.02,161.07,373.71,502.16,1,1,1,1
189,1996,0,108.89,429.37,543.4,1,1,1,1
189,1997,1120.07,162.02,376.57,500.69,1,1,1,1
190,1996,11.48,110.15,425.78,539.26,1,1,1,1
190,1997,1126.1,163.92,375.78,495.03,1,1,1,1
191,1996,23.61,112.33,418.83,535.58,1,1,1,1
191,1997,1129.57,163.26,378.39,494.33,1,1,1,1
192,1996,29.95,115.46,413.35,533.5,1,1,1,1
192,1997,1131.99,163.16,381.13,494.37,1,1,1,1
193,1996,36.46,119.93,407.45,531.03,1,1,1,1
193,1997,1136.7,163.07,384.13,494.48,1,1,1,1
194,1996,36.13,122.39,404.3,530.93,1,1,1,1
194,1997,1140.34,164.69,386.67,493.71,1,1,1,1
195,1996,32.55,121.59,404.02,533.81,1,1,1,1
195,1997,1143.42,165.96,390.48,495.2,1,1,1,1
196,1996,25.17,120.06,405.88,537.7,1,1,1,1
196,1997,1144.27,162.6,400.37,505.2,1,1,1,1
197,1996,36.15,121.25,401.76,536.99,1,1,1,1
197,1997,1149.14,163.19,401.18,502.35,1,1,1,1
198,1996,1.21,109.23,419.68,555.53,1,1,1,1
198,1997,1149.58,160.8,402.13,501.47,1,1,1,1
199,1996,32.77,118.48,405.58,542.41,1,1,1,1
199,1997,1153.93,156.09,405.06,502.95,1,1,1,1
200,1996,0.79,102.24,420.13,555.07,1,1,1,1
200,1997,1159.42,149.34,408.23,504.92,1,1,1,1
201,1996,21.23,106.39,411.26,545.24,1,1,1,1
201,1997,1163.12,144.62,412.29,508.26,1,1,1,1
202,1996,41.99,110.77,400.46,534.27,1,1,1,1
202,1997,1163.84,141.29,416.52,512.69,1,1,1,1
203,1996,32.81,106.42,403.38,535.75,1,1,1,1
203,1997,1167.13,137.4,424.52,521.79,1,1,1,1
204,1996,47.39,107.82,398.02,530.54,1,1,1,1
204,1997,1169.3,138.55,423.88,521.46,1,1,1,1
205,1996,35.13,104.48,404.54,534.89,1,1,1,1
205,1997,1169.91,141.44,420.98,518.88,1,1,1,1
206,1996,17.36,100.46,416.26,542.92,1,1,1,1
206,1997,1174.08,142.7,418.86,516.56,1,1,1,1
207,1996,8.65,97.3,429.14,553.57,1,1,1,1
207,1997,1176.59,140.82,418.35,516.44,1,1,1,1
208,1996,15.37,96.73,436.11,559.37,1,1,1,1
208,1997,1179.78,135.47,419.78,519.06,1,1,1,1
209,1996,14.55,89.95,443.47,563.8,1,1,1,1
209,1997,1186.29,127.44,421.4,521.31,1,1,1,1
210,1996,25.07,86.82,441.29,556.52,1,1,1,1
210,1997,1189.62,121.57,421.63,523.43,1,1,1,1
211,1996,39.37,85.11,438.89,550.24,1,1,1,1
211,1997,1196.86,115.26,422.58,526.37,1,1,1,1
212,1996,51.59,79.56,441.05,551.22,1,1,1,1
212,1997,1205.45,112.18,421.67,526.66,1,1,1,1
212,1998,0,425.91,28.08,52.31,1,1,1,0
213,1996,72.52,79.34,436.6,545.8,1,1,1,1
213,1997,1215.54,108.24,421.66,528.8,1,1,1,1
213,1998,0.32,424.89,39.58,53.33,1,1,1,0
214,1996,89.94,80.16,434.17,543.73,1,1,1,1
214,1997,1229.29,104.87,420.88,529.57,1,1,1,1
214,1998,15.1,424.32,40.54,54.14,1,1,1,0
215,1996,107.93,79.64,435.38,547.45,1,1,1,1
215,1997,1246.45,102.03,416.94,525.94,1,1,1,1
215,1998,31.99,423.94,41.13,54.37,1,1,1,0
216,1996,120.03,66.69,444.12,563.27,1,1,1,1
216,1997,1261.14,95.19,417.74,528.4,1,1,1,1
216,1998,48.97,423.41,41.67,54.42,1,1,1,0
216,2003,0,452.37,26.03,50.26,1,1,1,0
217,1996,137.08,52.82,447.72,572.74,1,1,1,1
217,1997,1277.74,87.18,419.2,531.28,1,1,1,1
217,1998,66.51,422.82,41.92,53.99,1,1,1,0
217,2003,0,450.97,36.8,51.44,1,1,1,0
218,1996,149.41,29.97,456.76,591.57,1,1,1,1
218,1997,1296.68,83.08,417.65,529.56,1,1,1,1
218,1998,83.15,421.59,42.08,53.4,1,1,1,0
218,2003,4.4,448.41,44.59,52.32,1,1,1,0
219,1996,166.56,17.78,457.57,599.15,1,1,1,1
219,1997,1314.19,78.8,419.59,533.15,1,1,1,1
219,1998,98.66,420.97,42.2,52.76,1,1,1,0
219,2003,16.14,447.38,45.3,53.02,1,1,1,0
220,1996,184.62,10.35,454.83,601.92,1,1,1,1
220,1997,1330.65,75.34,420.51,534.46,1,1,1,1
220,1998,113.11,420.36,43.28,53.35,1,1,1,0
220,2003,27.65,446.67,45.99,53.65,1,1,1,0
221,1996,211.55,15.02,444.27,594.53,1,1,1,1
221,1997,1348.85,73.69,421.53,536.41,1,1,1,1
221,1998,129.54,420.36,44.35,53.97,1,1,1,0
221,2003,40.89,446.27,46.99,54.68,1,1,1,0
222,1996,233.47,8.47,441.12,597.76,1,1,1,1
222,1997,1364.88,71.62,423.42,539.09,1,1,1,1
222,1998,143.13,420.79,44.82,53.79,1,1,1,0
222,2003,53.56,447.19,46.76,54.21,1,1,1,0
222,1999,0,396.32,33.15,48.33,1,1,1,0
223,1996,264.23,28.63,419.19,572.87,1,1,1,1
223,1997,1382.5,70.78,423.92,540.65,1,1,1,1
223,1998,157.87,420.37,44.75,52.92,1,1,1,0
223,2003,68.13,447.18,46.03,53.17,1,1,1,0
223,1999,2.25,395.8,41.85,46.82,1,1,1,0
224,1996,277.56,17.76,423.73,584.06,1,1,1,1
224,1997,1400.2,68.7,424.91,542.68,1,1,1,1
224,1998,172.5,419.63,44.57,51.77,1,1,1,0
224,2003,80.76,445.57,46.85,53.99,1,1,1,0
224,1999,17.72,394.43,42.94,47.79,1,1,1,0
225,1996,300.54,30.8,416.14,579.11,1,1,1,1
225,1997,1417.4,66.75,423.93,541.91,1,1,1,1
225,1998,185.88,418.36,44.54,50.95,1,1,1,0
225,2003,93.92,444.2,46.93,53.88,1,1,1,0
225,1999,32.0,393.59,43.95,48.55,1,1,1,0
226,1996,314.46,32.57,415.25,582.53,1,1,1,1
226,1997,1434.84,65.13,422.92,540.97,1,1,1,1
226,1998,197.73,417.5,44.88,50.65,1,1,1,0
226,2003,107.71,444.52,45.38,51.81,1,1,1,0
226,1999,45.0,392.48,44.48,48.81,1,1,1,0
227,1996,330.54,38.87,409.07,577.03,1,1,1,1
227,1997,1448.32,63.04,423.58,541.36,1,1,1,1
227,1998,207.92,416.8,45.38,50.55,1,1,1,0
227,2003,119.08,444.48,44.56,50.6,1,1,1,0
227,1999,56.09,392.13,45.29,49.31,1,1,1,0
228,1996,348.19,49.41,398.33,564.6,1,1,1,1
228,1997,1461.86,63.35,421.76,538.49,1,1,1,1
228,1998,216.37,416.57,45.58,50.12,1,1,1,0
228,2003,127.58,443.68,44.69,50.56,1,1,1,0
228,1999,64.59,392.46,45.45,49.06,1,1,1,0
229,1996,355.04,47.38,397.24,563.53,1,1,1,1
229,1997,1473.67,63.38,419.31,534.78,1,1,1,1
229,1998,223.7,416.71,46.65,50.77,1,1,1,0
229,2003,134.47,442.8,45.62,51.37,1,1,1,0
229,1999,72.09,392.62,46.53,49.78,1,1,1,0
230,1996,365.25,51.42,391.53,555.16,1,1,1,1
230,1997,1482.53,62.99,419.63,533.86,1,1,1,1
230,1998,229.37,416.97,47.25,51.02,1,1,1,0
230,2003,139.82,442.5,47.28,53.26,1,1,1,0
230,1999,78.08,392.7,47.48,50.44,1,1,1,0
231,1996,374.16,58.35,385.92,546.43,1,1,1,1
231,1997,1488.87,61.82,423.87,537.8,1,1,1,1
231,1998,233.33,416.89,47.46,50.73,1,1,1,0
231,2003,144.62,443.19,47.67,53.58,1,1,1,0
231,1999,82.13,393.14,48.06,50.67,1,1,1,0
232,1996,379.04,58.18,385.31,544.77,1,1,1,1
232,1997,1494.24,59.66,428.11,542.66,1,1,1,1
232,1998,237.22,417.48,47.16,49.82,1,1,1,0
232,2003,149.73,443.29,48.4,54.49,1,1,1,0
232,1999,86.42,393.33,47.32,49.54,1,1,1,0
233,1996,384.43,59.17,386.3,545.56,1,1,1,1
233,1997,1498.24,58.72,429.61,544.68,1,1,1,1
233,1998,240.88,417.31,47.34,49.48,1,1,1,0
233,2003,154.49,443.14,49.67,56.01,1,1,1,0
233,1999,90.08,393.82,46.87,48.7,1,1,1,0
234,1996,388.56,59.5,386.79,545.95,1,1,1,1
234,1997,1501.36,58.33,430.81,547.5,1,1,1,1
234,1998,243.95,417.66,47.68,49.36,1,1,1,0
234,2003,160.4,444.08,48.66,55.01,1,1,1,0
234,1999,93.44,394.41,48.06,49.59,1,1,1,0
235,1996,396.41,67.47,382.8,539.07,1,1,1,1
235,1997,1503.33,58.05,432.04,550.51,1,1,1,1
235,1998,246.74,418.0,48.03,49.33,1,1,1,0
235,2003,166.4,444.46,47.93,54.2,1,1,1,0
235,1999,96.42,395.03,47.94,49.12,1,1,1,0
236,1996,400.54,68.22,382.91,538.78,1,1,1,1
236,1997,1508.53,58.6,430.76,549.62,1,1,1,1
236,1998,248.92,417.73,48.43,49.32,1,1,1,0
236,2003,172.01,444.81,47.69,53.88,1,1,1,0
236,1999,98.47,395.26,48.76,49.74,1,1,1,0
237,1996,402.13,61.62,387.58,545.16,1,1,1,1
237,1997,1511.77,58.57,430.16,549.93,1,1,1,1
237,1998,250.81,418.24,48.83,49.33,1,1,1,0
237,2003,177.39,444.95,47.24,53.36,1,1,1,0
237,1999,100.56,395.95,49.27,49.97,1,1,1,0
238,1996,405.16,60.3,387.66,544.82,1,1,1,1
238,1997,1516.16,59.3,427.7,547.72,1,1,1,1
238,1998,253.17,419.43,48.13,48.14,1,1,1,0
238,2003,182.11,445.01,47.45,53.56,1,1,1,0
238,1999,102.67,396.6,49.2,49.65,1,1,1,0
239,1996,407.41,57.47,388.8,546.04,1,1,1,1
239,1997,1519.66,59.02,424.04,544.05,1,1,1,1
239,1998,254.48,420.09,48.4,48.1,1,1,1,0
239,2003,186.48,445.63,47.58,53.63,1,1,1,0
239,1999,104.11,397.04,48.5,48.73,1,1,1,0
240,1996,411.24,57.39,388.08,543.75,1,1,1,1
240,1997,1523.97,57.66,419.25,538.55,1,1,1,1
240,1998,255.58,419.92,49.66,49.3,1,1,1,0
240,2003,190.4,445.87,47.3,53.26,1,1,1,0
240,1999,105.18,397.4,48.31,48.37,1,1,1,0
241,1996,415.14,66.33,383.95,536.53,1,1,1,1
241,1997,1528.87,55.88,416.72,535.78,1,1,1,1
241,1998,257.27,420.45,49.63,48.96,1,1,1,0
241,2003,194.46,446.55,47.08,53.12,1,1,1,0
241,1999,105.56,397.93,49.09,49.05,1,1,1,0
242,1996,416.84,71.9,383.16,533.86,1,1,1,1
242,1997,1531.21,54.15,414.26,533.46,1,1,1,1
242,1998,259.8,420.45,49.07,48.03,1,1,1,0
242,2003,198.48,446.61,46.89,53.06,1,1,1,0
242,1999,106.83,398.51,48.71,48.5,1,1,1,0
243,1996,419.66,74.83,383.25,532.43,1,1,1,1
243,1997,1533.01,52.14,414.21,534.41,1,1,1,1
243,1998,262.57,420.85,48.63,47.28,1,1,1,0
243,2003,203.06,447.03,46.8,53.04,1,1,1,0
243,1999,109.04,398.92,49.48,49.1,1,1,1,0
244,1996,424.53,81.76,379.65,525.66,1,1,1,1
244,1997,1535.81,50.23,417.51,540.38,1,1,1,1
244,1998,265.01,420.78,49.8,48.22,1,1,1,0
244,2003,208.04,446.98,46.37,52.64,1,1,1,0
244,1999,111.56,399.27,49.37,48.92,1,1,1,0
245,1996,429.84,86.6,377.52,522.49,1,1,1,1
245,1997,1537.73,47.27,421.41,547.71,1,1,1,1
245,1998,267.21,420.76,50.69,48.97,1,1,1,0
245,2003,212.81,447.56,45.75,52.08,1,1,1,0
245,1999,112.83,399.38,50.2,49.65,1,1,1,0
246,1996,436.36,90.31,373.26,516.58,1,1,1,1
246,1997,1541.21,45.61,421.77,551.27,1,1,1,1
246,1998,268.73,421.34,51.03,49.26,1,1,1,0
246,2003,217.12,448.97,44.82,51.08,1,1,1,0
246,1999,113.76,400.01,50.51,49.92,1,1,1,0
247,1996,437.13,84.46,376.83,522.82,1,1,1,1
247,1997,1544.15,43.94,419.88,551.1,1,1,1,1
247,1998,269.26,421.55,51.55,49.76,1,1,1,0
247,2003,218.66,448.69,44.76,51.11,1,1,1,0
247,1999,114.29,400.63,50.31,49.63,1,1,1,0
248,1996,441.71,85.8,374.83,522.42,1,1,1,1
248,1997,1546.13,43.56,415.47,546.82,1,1,1,1
248,1998,269.75,422.02,51.39,49.56,1,1,1,0
248,2003,221.12,449.17,44.19,50.72,1,1,1,0
248,1999,114.56,401.06,49.9,49.11,1,1,1,0
249,1996,444.81,82.54,375.75,526.43,1,1,1,1
249,1997,1549.54,43.28,409.71,540.18,1,1,1,1
249,1998,270.13,422.39,51.36,49.48,1,1,1,0
249,2003,223.21,449.75,44.06,50.59,1,1,1,0
249,1999,114.69,401.0,50.17,49.32,1,1,1,0
250,1996,442.54,74.1,377.27,531.97,1,1,1,1
250,1997,1552.08,41.83,406.3,537.06,1,1,1,1
250,1998,269.89,422.33,51.39,49.45,1,1,1,0
250,2003,224.5,449.95,44.05,50.55,1,1,1,0
250,1999,114.19,400.97,50.27,49.39,1,1,1,0
251,1996,438.69,61.25,383.91,545.5,1,1,1,1
251,1997,1553.89,40.83,404.64,537.2,1,1,1,1
251,1998,270.14,422.49,51.42,49.44,1,1,1,0
251,2003,225.63,450.22,44.03,50.54,1,1,1,0
251,1999,114.08,401.34,49.96,49.02,1,1,1,0
252,1996,443.03,68.42,379.35,541.55,1,1,1,1
252,1997,1553.49,40.71,407.52,544.46,1,1,1,1
252,1998,271.14,423.15,51.81,49.83,1,1,1,0
252,2003,227.17,450.1,44.08,50.54,1,1,1,0
252,1999,115.08,401.47,49.53,48.48,1,1,1,0
253,1996,438.82,57.93,387.66,556.27,1,1,1,1
253,1997,1556.51,42.19,408.4,548.68,1,1,1,1
253,1998,271.74,423.58,53.05,51.16,1,1,1,0
253,2003,228.31,450.25,44.1,50.55,1,1,1,0
253,1999,115.43,401.71,49.71,48.68,1,1,1,0
254,1996,437.66,53.53,391.35,564.01,1,1,1,1
254,1997,1558.81,42.99,409.38,552.85,1,1,1,1
254,1998,273.24,423.74,53.0,51.27,1,1,1,0
254,2003,229.98,450.7,43.76,50.16,1,1,1,0
254,1999,116.4,401.78,49.79,48.76,1,1,1,0
255,1996,440.28,49.53,392.13,567.69,1,1,1,1
255,1997,1559.04,43.13,409.24,555.39,1,1,1,1
255,1998,275.21,424.18,52.21,50.52,1,1,1,0
255,2003,231.25,450.45,44.3,50.82,1,1,1,0
255,1999,117.68,401.8,50.62,49.58,1,1,1,0
256,1996,445.6,55.56,386.56,561.11,1,1,1,1
256,1997,1562.36,43.11,405.69,553.24,1,1,1,1
256,1998,277.41,424.34,52.33,50.62,1,1,1,0
256,2003,233.44,450.95,44.24,50.67,1,1,1,0
256,1999,119.43,401.8,51.27,50.29,1,1,1,0
257,1996,448.32,55.58,385.23,561.24,1,1,1,1
257,1997,1564.14,42.13,403.08,553.17,1,1,1,1
257,1998,279.91,424.79,51.98,50.25,1,1,1,0
257,2003,234.93,451.53,43.88,50.22,1,1,1,0
257,1999,121.09,402.19,51.5,50.56,1,1,1,0
258,1996,453.97,57.8,383.03,560.24,1,1,1,1
258,1997,1570.94,43.17,399.22,550.32,1,1,1,1
258,1998,282.84,425.15,52.2,50.51,1,1,1,0
258,2003,237.28,451.74,44.14,50.45,1,1,1,0
258,1999,123.64,402.73,51.5,50.65,1,1,1,0
259,1996,457.54,55.61,385.1,567.25,1,1,1,1
259,1997,1577.61,41.49,400.52,554.1,1,1,1,1
259,1998,285.85,425.87,52.31,50.61,1,1,1,0
259,2003,239.71,452.01,43.54,49.74,1,1,1,0
259,1999,126.37,402.52,52.28,51.48,1,1,1,0
260,1996,465.68,65.58,377.46,559.06,1,1,1,1
260,1997,1584.72,40.18,401.16,556.99,1,1,1,1
260,1998,291.01,425.73,52.48,51.04,1,1,1,0
260,2003,242.94,451.3,43.68,49.88,1,1,1,0
260,1999,130.61,402.24,51.72,50.99,1,1,1,0
261,1996,468.95,69.14,375.54,558.93,1,1,1,1
261,1997,1589.5,39.41,401.75,559.54,1,1,1,1
261,1998,295.26,425.47,52.15,50.8,1,1,1,0
261,2003,245.25,450.82,43.75,49.94,1,1,1,0
261,1999,134.54,402.13,50.7,50.0,1,1,1,0
262,1996,473.83,74.14,374.46,560.73,1,1,1,1
262,1997,1594.69,37.95,401.3,560.47,1,1,1,1
262,1998,299.75,425.16,51.64,50.31,1,1,1,0
262,2003,247.29,450.64,43.81,49.96,1,1,1,0
262,1999,138.07,401.68,51.47,50.82,1,1,1,0
263,1996,475.1,71.83,373.39,560.79,1,1,1,1
263,1997,1606.57,38.61,396.9,556.41,1,1,1,1
263,1998,303.24,424.44,52.43,51.32,1,1,1,0
263,2003,249.79,451.17,43.78,49.97,1,1,1,0
263,1999,141.19,401.9,51.77,51.13,1,1,1,0
264,1996,479.54,60.47,373.57,563.66,1,1,1,1
264,1997,1615.11,35.9,394.81,556.22,1,1,1,1
264,1998,307.36,424.36,50.87,49.72,1,1,1,0
264,2003,250.49,451.16,44.46,50.78,1,1,1,0
264,1999,144.11,401.59,52.34,51.63,1,1,1,0
265,1996,480.36,49.52,376.72,569.77,1,1,1,1
265,1997,1619.08,34.6,396.97,560.41,1,1,1,1
265,1998,312.28,424.93,50.53,49.5,1,1,1,0
265,2003,251.28,451.36,44.08,50.29,1,1,1,0
265,1999,147.86,401.47,52.69,51.82,1,1,1,0
266,1996,480.22,38.27,381.78,579.57,1,1,1,1
266,1997,1623.64,36.23,396.06,559.88,1,1,1,1
266,1998,316.83,425.34,49.54,48.62,1,1,1,0
266,2003,250.71,452.02,44.29,50.5,1,1,1,0
266,1999,151.22,401.62,52.53,51.49,1,1,1,0
267,1996,490.12,51.03,372.26,564.3,1,1,1,1
267,1997,1624.14,34.79,400.99,567.7,1,1,1,1
267,1998,320.78,425.29,49.64,48.69,1,1,1,0
267,2003,251.26,452.27,44.66,50.58,1,1,1,0
267,1999,155.02,401.48,52.18,50.96,1,1,1,0
268,1996,493.87,39.48,378.84,576.49,1,1,1,1
268,1997,1627.99,32.88,401.53,569.03,1,1,1,1
268,1998,324.34,425.46,50.46,49.53,1,1,1,0
268,2003,252.75,451.96,46.69,52.6,1,1,1,0
268,1999,158.85,402.02,51.82,50.36,1,1,1,0
269,1996,498.67,38.6,377.44,576.03,1,1,1,1
269,1997,1636.43,32.88,393.79,556.68,1,1,1,1
269,1998,329.29,425.72,49.25,48.25,1,1,1,0
269,2003,253.35,452.03,47.27,52.96,1,1,1,0
269,1999,161.77,402.02,52.91,51.33,1,1,1,0
270,1996,504.59,47.3,371.82,566.84,1,1,1,1
270,1997,1640.22,31.51,389.27,550.51,1,1,1,1
270,1998,333.2,425.62,49.24,48.17,1,1,1,0
270,2003,253.93,452.85,47.44,53.09,1,1,1,0
270,1999,165.4,402.62,52.2,50.5,1,1,1,0
271,1996,523.28,77.28,351.47,533.49,1,1,1,1
271,1997,1642.99,29.53,386.14,546.71,1,1,1,1
271,1998,337.11,426.17,48.47,47.34,1,1,1,0
271,2003,253.93,452.96,47.61,53.13,1,1,1,0
271,1999,168.53,402.84,52.79,50.98,1,1,1,0
272,1996,531.1,84.82,345.98,522.66,1,1,1,1
272,1997,1644.79,31.22,381.53,541.11,1,1,1,1
272,1998,340.46,425.77,48.93,47.85,1,1,1,0
272,2003,254.4,452.59,47.8,53.14,1,1,1,0
272,1999,171.55,402.52,53.06,51.16,1,1,1,0
273,1996,526.25,71.73,357.22,537.84,1,1,1,1
273,1997,1646.5,31.59,380.62,540.56,1,1,1,1
273,1998,343.54,425.22,48.38,47.24,1,1,1,0
273,2003,253.32,452.25,49.1,54.33,1,1,1,0
273,1999,173.64,402.0,53.64,51.62,1,1,1,0
274,1996,523.25,62.55,366.18,549.79,1,1,1,1
274,1997,1643.41,33.95,381.1,541.01,1,1,1,1
274,1998,344.73,425.21,48.22,47.02,1,1,1,0
274,2003,251.87,452.32,49.63,54.77,1,1,1,0
274,1999,174.01,401.8,54.27,52.19,1,1,1,0
275,1996,525.59,66.26,363.92,543.99,1,1,1,1
275,1997,1637.31,34.75,381.36,541.93,1,1,1,1
275,1998,345.47,426.0,48.5,47.34,1,1,1,0
275,2003,250.56,452.93,50.25,55.32,1,1,1,0
275,1999,174.15,402.51,54.49,52.4,1,1,1,0
276,1996,529.82,75.59,357.67,530.67,1,1,1,1
276,1997,1630.69,35.06,381.95,541.52,1,1,1,1
276,1998,345.27,426.7,49.33,48.27,1,1,1,0
276,2003,249.22,453.75,50.73,55.91,1,1,1,0
276,1999,173.91,403.18,54.16,52.08,1,1,1,0
277,1996,531.64,79.59,355.37,523.58,1,1,1,1
277,1997,1626.46,35.08,382.34,540.11,1,1,1,1
277,1998,347.06,427.15,48.49,47.43,1,1,1,0
277,2003,248.48,453.47,51.32,56.52,1,1,1,0
277,1999,174.21,403.04,54.06,51.95,1,1,1,0
278,1996,531.02,79.91,356.87,522.35,1,1,1,1
278,1997,1622.49,37.08,380.82,535.22,1,1,1,1
278,1998,347.93,426.32,48.35,47.11,1,1,1,0
278,2003,247.76,452.57,51.98,57.13,1,1,1,0
278,1999,175.19,402.38,52.91,50.71,1,1,1,0
279,1996,529.57,77.56,359.87,524.0,1,1,1,1
279,1997,1620.7,36.54,382.43,534.92,1,1,1,1
279,1998,348.91,425.0,48.4,47.0,1,1,1,0
279,2003,247.78,451.43,52.21,57.35,1,1,1,0
279,1999,175.71,401.52,52.2,49.83,1,1,1,0
280,1996,526.4,68.63,367.28,533.11,1,1,1,1
280,1997,1619.01,37.03,383.51,534.76,1,1,1,1
280,1998,349.76,424.3,47.7,46.16,1,1,1,0
280,2003,248.06,450.8,51.72,56.63,1,1,1,0
280,1999,176.32,401.0,51.17,48.7,1,1,1,0
281,1996,523.96,62.89,374.19,542.14,1,1,1,1
281,1997,1618.1,37.6,386.11,538.34,1,1,1,1
281,1998,350.14,424.04,47.52,45.85,1,1,1,0
281,2003,248.96,450.36,51.12,55.94,1,1,1,0
281,1999,176.22,400.61,51.3,48.69,1,1,1,0
282,1996,522.95,58.24,378.43,547.86,1,1,1,1
282,1997,1617.07,37.72,388.5,541.22,1,1,1,1
282,1998,351.2,424.56,47.48,45.74,1,1,1,0
282,2003,250.65,451.0,50.56,55.28,1,1,1,0
282,1999,176.38,401.07,51.46,48.7,1,1,1,0
283,1996,524.13,53.23,380.92,551.31,1,1,1,1
283,1997,1617.72,38.45,387.36,539.44,1,1,1,1
283,1998,351.9,426.15,47.93,46.11,1,1,1,0
283,2003,252.79,452.24,49.71,54.22,1,1,1,0
283,1999,176.21,402.25,52.7,49.91,1,1,1,0
284,1996,523.85,47.32,385.38,558.24,1,1,1,1
284,1997,1617.25,39.91,383.61,533.99,1,1,1,1
284,1998,352.12,427.55,48.84,47.06,1,1,1,0
284,2003,253.79,453.92,49.17,53.42,1,1,1,0
284,1999,176.03,403.88,53.11,50.37,1,1,1,0
285,1996,526.36,49.47,384.07,555.68,1,1,1,1
285,1997,1613.36,40.05,383.25,532.76,1,1,1,1
285,1998,352.62,428.46,49.45,47.81,1,1,1,0
285,2003,254.94,454.34,49.76,53.92,1,1,1,0
285,1999,176.16,404.9,53.59,50.94,1,1,1,0
286,1996,531.18,57.83,378.08,545.0,1,1,1,1
286,1997,1611.25,39.89,384.47,532.93,1,1,1,1
286,1998,353.37,428.61,49.24,47.7,1,1,1,0
286,2003,258.34,453.88,49.29,53.32,1,1,1,0
286,1999,176.03,404.09,53.65,51.15,1,1,1,0
287,1996,533.06,58.07,376.36,540.9,1,1,1,1
287,1997,1607.77,41.41,385.59,534.23,1,1,1,1
287,1998,353.82,427.85,49.11,47.66,1,1,1,0
287,2003,260.49,453.3,50.21,54.29,1,1,1,0
287,1999,177.29,403.17,52.19,49.65,1,1,1,0
288,1996,535.69,61.27,373.5,535.07,1,1,1,1
288,1997,1605.62,42.87,387.77,537.04,1,1,1,1
288,1998,353.97,427.55,49.01,47.64,1,1,1,0
288,2003,263.46,452.29,50.04,54.26,1,1,1,0
288,1999,177.83,402.21,51.63,49.07,1,1,1,0
289,1996,532.49,50.77,380.67,545.62,1,1,1,1
289,1997,1602.21,45.49,389.12,538.81,1,1,1,1
289,1998,353.99,427.63,49.34,48.03,1,1,1,0
289,2003,266.15,452.09,50.23,54.65,1,1,1,0
289,1999,178.08,402.45,51.48,48.86,1,1,1,0
290,1996,529.68,44.81,386.49,554.6,1,1,1,1
290,1997,1600.36,46.36,389.24,538.8,1,1,1,1
290,1998,354.55,427.86,49.07,47.78,1,1,1,0
290,2003,269.19,452.62,49.23,53.6,1,1,1,0
290,1999,178.44,403.14,51.44,48.78,1,1,1,0
291,1996,529.45,44.96,386.71,555.24,1,1,1,1
291,1997,1597.08,47.16,386.61,534.71,1,1,1,1
291,1998,355.53,427.94,48.55,47.28,1,1,1,0
291,2003,271.28,453.02,49.86,54.4,1,1,1,0
291,1999,178.48,403.8,51.75,49.16,1,1,1,0
292,1996,525.83,30.1,395.34,569.82,1,1,1,1
292,1997,1595.89,47.13,385.63,533.67,1,1,1,1
292,1998,355.95,427.76,48.18,47.09,1,1,1,0
292,2003,273.89,453.96,48.21,52.72,1,1,1,0
292,1999,178.16,403.85,51.92,49.3,1,1,1,0
293,1996,527.58,33.81,393.07,567.4,1,1,1,1
293,1997,1594.8,45.59,386.68,535.39,1,1,1,1
293,1998,355.89,427.29,48.01,47.02,1,1,1,0
293,2003,276.25,454.52,46.39,50.86,1,1,1,0
293,1999,177.88,403.46,51.66,48.96,1,1,1,0
294,1996,526.17,32.3,394.68,571.4,1,1,1,1
294,1997,1592.46,44.89,387.88,536.75,1,1,1,1
294,1998,355.9,427.11,47.42,46.6,1,1,1,0
294,2003,278.7,455.13,44.95,49.37,1,1,1,0
294,1999,177.64,403.31,51.58,48.84,1,1,1,0
295,1996,529.8,36.65,390.83,567.01,1,1,1,1
295,1997,1593.83,44.81,388.71,538.07,1,1,1,1
295,1998,355.9,426.64,47.94,47.24,1,1,1,0
295,2003,281.24,455.34,44.75,49.24,1,1,1,0
295,1999,178.0,403.45,52.23,49.59,1,1,1,0
296,1996,532.75,38.8,389.15,566.03,1,1,1,1
296,1997,1593.3,44.96,389.65,538.57,1,1,1,1
296,1998,355.89,426.66,48.12,47.48,1,1,1,0
296,2003,283.39,455.41,44.64,49.21,1,1,1,0
296,1999,178.15,403.3,52.81,50.27,1,1,1,0
297,1996,534.48,37.47,389.79,569.19,1,1,1,1
297,1997,1591.52,44.81,390.09,538.75,1,1,1,1
297,1998,356.51,426.67,48.1,47.58,1,1,1,0
297,2003,284.72,454.02,44.89,49.62,1,1,1,0
297,1999,179.19,402.85,52.62,50.14,1,1,1,0
298,1996,540.03,46.23,383.32,560.31,1,1,1,1
298,1997,1590.48,44.45,391.06,539.52,1,1,1,1
298,1998,356.9,427.08,47.34,46.81,1,1,1,0
298,2003,285.45,453.09,44.5,49.39,1,1,1,0
298,1999,179.58,402.47,52.14,49.68,1,1,1,0
299,1996,540.05,40.03,384.94,564.06,1,1,1,1
299,1997,1590.14,44.3,391.42,539.8,1,1,1,1
299,1998,356.84,427.03,47.4,46.92,1,1,1,0
299,2003,285.89,452.34,44.27,49.31,1,1,1,0
299,1999,179.61,402.13,51.96,49.51,1,1,1,0
300,1996,538.25,31.36,388.28,570.61,1,1,1,1
300,1997,1589.65,43.44,392.36,540.7,1,1,1,1
300,1998,356.85,427.01,47.74,47.37,1,1,1,0
300,2003,286.95,451.87,44.17,49.29,1,1,1,0
300,1999,179.88,402.21,51.56,49.04,1,1,1,0
301,1996,538.64,27.23,390.47,575.93,1,1,1,1
301,1997,1589.91,43.52,391.9,540.23,1,1,1,1
301,1998,357.86,427.2,47.42,47.14,1,1,1,0
301,2003,287.84,451.7,44.44,49.7,1,1,1,0
301,1999,180.18,402.24,52.17,49.67,1,1,1,0
302,1996,543.47,34.43,387.41,572.75,1,1,1,1
302,1997,1588.07,42.94,392.49,540.64,1,1,1,1
302,1998,358.9,427.48,47.13,47.05,1,1,1,0
302,2003,288.91,452.04,44.46,49.86,1,1,1,0
302,1999,180.87,402.45,52.41,49.91,1,1,1,0
303,1996,552.07,48.69,378.2,558.43,1,1,1,1
303,1997,1587.55,43.82,394.02,542.28,1,1,1,1
303,1998,359.93,427.58,46.52,46.62,1,1,1,0
303,2003,289.04,452.17,44.41,49.92,1,1,1,0
303,1999,180.86,402.53,52.82,50.39,1,1,1,0
304,1996,554.75,52.13,377.14,556.56,1,1,1,1
304,1997,1585.81,42.07,396.15,544.38,1,1,1,1
304,1998,360.66,427.61,46.76,47.25,1,1,1,0
304,2003,289.31,452.43,44.34,49.95,1,1,1,0
304,1999,181.07,402.96,52.92,50.57,1,1,1,0
305,1996,557.17,53.98,376.38,555.28,1,1,1,1
305,1997,1581.51,41.3,396.34,543.67,1,1,1,1
305,1998,362.26,427.43,46.14,47.1,1,1,1,0
305,2003,289.7,452.93,43.55,49.17,1,1,1,0
305,1999,181.38,403.12,53.27,51.04,1,1,1,0
306,1996,551.23,45.04,384.86,568.8,1,1,1,1
306,1997,1575.18,41.12,397.93,544.87,1,1,1,1
306,1998,364.03,427.35,45.14,46.64,1,1,1,0
306,2003,290.45,453.72,43.25,48.88,1,1,1,0
306,1999,182.09,403.58,52.97,50.81,1,1,1,0
307,1996,549.95,42.28,386.05,571.29,1,1,1,1
307,1997,1573.75,41.16,399.89,545.81,1,1,1,1
307,1998,365.61,427.12,44.49,46.47,1,1,1,0
307,2003,291.14,454.61,42.64,48.38,1,1,1,0
307,1999,183.0,404.15,52.75,50.72,1,1,1,0
308,1996,550.04,43.5,385.05,570.12,1,1,1,1
308,1997,1567.55,40.58,402.52,547.73,1,1,1,1
308,1998,367.1,426.44,43.98,46.4,1,1,1,0
308,2003,292.21,455.35,42.34,48.2,1,1,1,0
308,1999,184.05,404.56,53.02,51.08,1,1,1,0
309,1996,549.95,45.86,384.21,569.13,1,1,1,1
309,1997,1563.49,41.57,403.88,547.64,1,1,1,1
309,1998,367.78,425.98,43.89,46.78,1,1,1,0
309,2003,293.21,454.81,42.26,48.14,1,1,1,0
309,1999,184.86,404.51,53.44,51.61,1,1,1,0
310,1996,546.4,37.91,391.06,581.17,1,1,1,1
310,1997,1561.24,43.34,404.38,546.79,1,1,1,1
310,1998,368.88,425.81,42.91,46.13,1,1,1,0
310,2003,293.91,454.4,42.59,48.52,1,1,1,0
310,1999,185.5,404.68,53.5,51.81,1,1,1,0
311,1996,544.67,34.73,393.21,585.85,1,1,1,1
311,1997,1558.66,44.41,406.58,547.24,1,1,1,1
311,1998,368.6,425.96,43.06,46.68,1,1,1,0
311,2003,294.1,454.44,42.42,48.27,1,1,1,0
311,1999,186.02,405.34,53.11,51.48,1,1,1,0
312,1996,542.79,33.34,395.01,590.53,1,1,1,1
312,1997,1556.6,44.81,408.15,547.39,1,1,1,1
312,1998,368.01,426.81,42.85,46.89,1,1,1,0
312,2003,293.05,454.06,42.81,48.59,1,1,1,0
312,1999,186.57,405.98,52.62,50.95,1,1,1,0
313,1996,544.14,37.4,392.53,588.08,1,1,1,1
313,1997,1557.52,46.04,408.68,546.14,1,1,1,1
313,1998,367.34,427.13,42.82,47.37,1,1,1,0
313,2003,293.15,453.91,42.82,48.31,1,1,1,0
313,1999,186.87,406.21,52.8,51.15,1,1,1,0
314,1996,545.37,40.47,389.91,585.16,1,1,1,1
314,1997,1557.25,46.9,408.66,544.85,1,1,1,1
314,1998,367.15,427.85,42.25,47.15,1,1,1,0
314,2003,293.77,453.45,42.9,48.21,1,1,1,0
314,1999,187.58,406.09,52.83,51.22,1,1,1,0
315,1996,543.46,40.86,392.84,590.75,1,1,1,1
315,1997,1558.89,46.31,408.47,543.66,1,1,1,1
315,1998,366.04,428.12,42.08,47.47,1,1,1,0
315,2003,294.12,453.28,42.65,47.78,1,1,1,0
315,1999,187.95,405.84,52.79,51.24,1,1,1,0
316,1996,544.88,46.75,388.86,585.08,1,1,1,1
316,1997,1561.36,43.98,409.6,544.51,1,1,1,1
316,1998,364.92,428.42,41.42,47.19,1,1,1,0
316,2003,294.16,453.02,42.6,47.62,1,1,1,0
316,1999,188.39,405.54,52.33,50.85,1,1,1,0
317,1996,544.81,45.22,386.95,583.03,1,1,1,1
317,1997,1559.77,42.0,411.94,546.32,1,1,1,1
317,1998,364.12,428.73,40.71,46.68,1,1,1,0
317,2003,294.32,453.12,42.26,47.16,1,1,1,0
317,1999,188.82,405.02,52.59,51.1,1,1,1,0
318,1996,542.66,45.22,387.28,584.41,1,1,1,1
318,1997,1560.9,41.06,412.59,546.2,1,1,1,1
318,1998,362.89,428.43,40.3,46.49,1,1,1,0
318,2003,294.41,452.76,42.53,47.4,1,1,1,0
318,1999,189.65,404.62,52.71,51.2,1,1,1,0
318,2025,0,492.03,25.88,39.78,1,1,1,0
319,1996,543.32,47.79,386.07,582.72,1,1,1,1
319,1997,1563.67,41.3,412.99,546.15,1,1,1,1
319,1998,361.47,427.92,40.08,46.42,1,1,1,0
319,2003,294.4,451.83,42.98,47.89,1,1,1,0
319,1999,190.32,404.27,52.81,51.23,1,1,1,0
319,2025,0,491.84,26.24,40.24,1,1,1,0
320,1996,544.2,53.44,384.34,580.56,1,1,1,1
320,1997,1565.49,41.21,413.19,546.92,1,1,1,1
320,1998,360.97,427.32,39.98,46.39,1,1,1,0
320,2003,295.32,451.29,43.28,48.08,1,1,1,0
320,1999,191.86,403.74,52.81,51.24,1,1,1,0
320,2025,0,491.78,27.82,40.4,1,1,1,0
321,1996,547.42,54.74,382.73,578.92,1,1,1,1
321,1997,1566.85,40.49,415.1,549.29,1,1,1,1
321,1998,360.84,426.9,39.83,46.38,1,1,1,0
321,2003,297.29,450.89,43.29,48.16,1,1,1,0
321,1999,193.27,403.54,52.69,51.24,1,1,1,0
321,2025,0,491.31,29.25,39.08,1,1,1,0
