1,704,1568.17,0,207.32,215.91,1,1,1,0
1,705,367.03,16.57,121.74,146.15,1,1,1,0
1,706,826.27,117.22,42.19,46.71,1,1,1,0
1,707,873.28,106.22,104.87,138.31,1,1,1,1
1,708,1524.78,123.25,50.62,68.71,1,1,1,0
1,709,607.5,113.6,32.54,40.38,1,1,1,0
1,710,0,0,80.6,97.18,1,1,1,0
2,704,1570.78,0,200.02,210.29,1,1,1,0
2,705,376.2,17.46,123.8,148.67,1,1,1,0
2,706,832.07,115.33,41.04,45.47,1,1,1,0
2,707,879.19,100.93,105.59,139.3,1,1,1,1
2,708,1533.53,118.21,47.75,64.72,1,1,1,0
2,709,615.06,110.99,32.08,39.73,1,1,1,0
2,710,0,0,91.99,97.58,1,1,1,0
3,704,1571.35,0,198.51,209.34,1,1,1,0
3,705,377.96,17.67,123.78,148.69,1,1,1,0
3,706,832.95,114.94,41.08,45.55,1,1,1,0
3,707,881.01,100.31,105.05,138.59,1,1,1,1
3,708,1534.96,117.3,47.39,64.1,1,1,1,0
3,709,616.26,110.48,32.16,39.73,1,1,1,0
3,710,0,0,93.95,97.65,1,1,1,0
4,704,1572.54,0,199.78,204.49,1,1,1,0
4,705,381.56,17.72,123.72,148.65,1,1,1,0
4,706,832.31,112.9,40.87,45.37,1,1,1,0
4,707,880.78,97.17,105.33,138.98,1,1,1,1
4,708,1537.2,113.55,47.14,63.58,1,1,1,0
4,709,618.61,107.89,32.59,40.09,1,1,1,0
4,710,0,0,96.08,98.11,1,1,1,0
5,704,1572.18,0,199.87,199.81,1,1,1,0
5,705,383.22,19.66,123.79,148.78,1,1,1,0
5,706,828.67,111.43,41.3,45.93,1,1,1,0
5,707,880.07,95.22,104.75,138.11,1,1,1,1
5,708,1537.26,109.64,48.15,64.81,1,1,1,0
5,709,619.29,106.99,32.7,40.1,1,1,1,0
5,710,0,0,96.14,95.93,1,1,1,0
6,704,1567.96,0,204.61,196.53,1,1,1,0
6,705,384.17,21.35,125.36,150.78,1,1,1,0
6,706,825.1,110.83,41.85,46.61,1,1,1,0
6,707,877.76,94.99,105.99,139.87,1,1,1,1
6,708,1538.61,107.0,49.12,66.05,1,1,1,0
6,709,620.36,106.91,32.58,39.78,1,1,1,0
6,710,0,0,97.23,100.0,1,1,1,0
7,704,1563.56,0,203.73,192.71,1,1,1,0
7,705,385.26,22.88,126.68,152.59,1,1,1,0
7,706,821.13,110.36,41.66,46.53,1,1,1,0
7,707,873.52,93.4,108.24,142.9,1,1,1,1
7,708,1538.67,104.56,48.48,65.18,1,1,1,0
7,709,621.07,106.47,32.55,39.55,1,1,1,0
7,710,0,0,98.07,101.98,1,1,1,0
8,704,1561.9,0,203.56,191.48,1,1,1,0
8,705,385.55,23.29,127.16,153.42,1,1,1,0
8,706,819.8,110.24,41.51,46.49,1,1,1,0
8,707,872.09,93.1,108.87,143.77,1,1,1,1
8,708,1538.63,103.88,48.21,64.8,1,1,1,0
8,709,621.21,106.36,32.65,39.48,1,1,1,0
8,710,0,0,98.52,102.94,1,1,1,0
9,704,1559.32,0,204.27,188.61,1,1,1,0
9,705,387.23,23.53,126.06,152.14,1,1,1,0
9,706,817.34,109.31,41.46,46.57,1,1,1,0
9,707,870.63,95.24,107.78,142.17,1,1,1,1
9,708,1539.48,101.73,47.94,64.4,1,1,1,0
9,709,621.52,105.99,32.86,39.56,1,1,1,0
9,710,0,0,98.81,103.61,1,1,1,0
10,704,1556.81,0,202.87,186.16,1,1,1,0
10,705,389.11,23.77,125.79,151.82,1,1,1,0
10,706,814.26,109.05,41.07,46.34,1,1,1,0
10,707,868.74,98.86,106.86,140.72,1,1,1,1
10,708,1540.13,99.67,48.72,65.54,1,1,1,0
10,709,622.47,106.24,32.81,39.28,1,1,1,0
10,710,0,0,98.84,104.93,1,1,1,0
11,704,1556.08,0,203.7,182.53,1,1,1,0
11,705,390.5,23.17,127.42,154.06,1,1,1,0
11,706,811.65,108.08,40.78,46.1,1,1,1,0
11,707,866.58,100.68,107.91,141.95,1,1,1,1
11,708,1541.41,97.78,51.7,69.29,1,1,1,0
11,709,624.13,106.01,32.52,38.67,1,1,1,0
11,710,0,0,99.36,106.49,1,1,1,0
12,704,1556.37,0,204.62,179.19,1,1,1,0
12,705,393.4,21.58,125.91,152.13,1,1,1,0
12,706,808.08,106.43,41.19,46.72,1,1,1,0
12,707,864.0,101.0,109.53,143.85,1,1,1,1
12,708,1542.7,95.46,54.27,72.45,1,1,1,0
12,709,625.22,104.88,33.0,39.06,1,1,1,0
12,710,0,0,99.39,105.85,1,1,1,0
13,704,1556.44,0,205.15,178.25,1,1,1,0
13,705,394.4,20.94,125.37,151.36,1,1,1,0
13,706,806.88,105.85,41.25,46.94,1,1,1,0
13,707,863.04,101.12,110.22,144.55,1,1,1,1
13,708,1543.03,94.64,55.51,73.85,1,1,1,0
13,709,625.54,104.43,33.27,39.21,1,1,1,0
13,710,0,0,99.51,105.65,1,1,1,0
14,704,1556.5,0,206.99,176.23,1,1,1,0
14,705,396.61,18.96,126.18,152.39,1,1,1,0
14,706,805.36,104.27,41.19,47.02,1,1,1,0
14,707,863.83,107.74,107.47,140.6,1,1,1,1
14,708,1546.36,93.33,52.64,70.04,1,1,1,0
14,709,627.1,103.78,33.6,39.47,1,1,1,0
14,710,0,0,100.34,105.86,1,1,1,0
15,704,1556.03,0,210.32,172.97,1,1,1,0
15,705,399.23,16.22,126.35,152.57,1,1,1,0
15,706,804.0,102.65,41.32,47.35,1,1,1,0
15,707,862.37,109.35,108.46,141.49,1,1,1,1
15,708,1548.74,90.98,52.43,69.64,1,1,1,0
15,709,629.18,102.61,33.86,39.67,1,1,1,0
15,710,0,0,101.21,106.61,1,1,1,0
16,704,1556.35,0,210.65,168.86,1,1,1,0
16,705,401.79,13.3,126.33,152.43,1,1,1,0
16,706,801.62,100.44,41.28,47.47,1,1,1,0
16,707,860.93,111.46,108.3,141.07,1,1,1,1
16,708,1549.86,88.17,53.37,70.98,1,1,1,0
16,709,631.15,101.55,33.9,39.44,1,1,1,0
16,710,0,0,101.22,107.31,1,1,1,0
17,704,1555.75,0,209.06,166.91,1,1,1,0
17,705,401.13,10.39,129.41,156.38,1,1,1,0
17,706,798.34,98.85,41.41,47.81,1,1,1,0
17,707,855.28,115.51,109.74,143.21,1,1,1,1
17,708,1550.23,85.46,56.88,76.07,1,1,1,0
17,709,632.23,101.17,33.93,39.36,1,1,1,0
17,710,0,0,101.94,108.65,1,1,1,0
18,704,1555.4,0,208.75,166.39,1,1,1,0
18,705,400.89,9.32,130.45,157.85,1,1,1,0
18,706,797.22,98.29,41.36,47.93,1,1,1,0
18,707,853.6,116.79,110.29,144.2,1,1,1,1
18,708,1550.44,84.47,58.01,77.97,1,1,1,0
18,709,632.56,101.05,34.0,39.33,1,1,1,0
18,710,0,0,102.23,109.04,1,1,1,0
19,704,1554.39,0,212.02,165.7,1,1,1,0
19,705,400.98,7.67,131.5,159.48,1,1,1,0
19,706,794.9,97.67,41.32,48.07,1,1,1,0
19,707,850.76,122.04,111.05,145.41,1,1,1,1
19,708,1550.74,83.64,59.46,80.2,1,1,1,0
19,709,633.29,101.73,34.3,39.62,1,1,1,0
19,710,0,0,103.0,112.53,1,1,1,0
20,704,1554.41,0,214.06,165.82,1,1,1,0
20,705,401.46,6.03,131.68,160.02,1,1,1,0
20,706,792.24,97.18,40.27,46.83,1,1,1,0
20,707,844.51,120.99,114.67,150.42,1,1,1,1
20,708,1552.52,82.65,61.25,82.82,1,1,1,0
20,709,634.35,102.36,34.37,39.63,1,1,1,0
20,710,0,0,103.5,115.73,1,1,1,0
21,704,1556.75,0,213.36,165.85,1,1,1,0
21,705,401.59,4.07,132.53,161.28,1,1,1,0
21,706,789.52,96.95,39.46,45.94,1,1,1,0
21,707,840.32,122.81,112.73,147.59,1,1,1,1
21,708,1555.15,82.33,62.63,85.07,1,1,1,0
21,709,635.86,102.96,34.46,39.83,1,1,1,0
21,710,0,0,103.84,118.02,1,1,1,0
22,704,1557.3,0,215.39,166.25,1,1,1,0
22,705,401.63,3.31,133.17,162.37,1,1,1,0
22,706,786.68,97.35,38.98,45.41,1,1,1,0
22,707,837.73,121.79,106.91,138.91,1,1,1,1
22,708,1558.4,80.33,66.38,89.87,1,1,1,0
22,709,637.28,104.49,34.31,39.71,1,1,1,0
22,710,0,0,105.9,122.74,1,1,1,0
23,704,1557.52,0,216.13,166.55,1,1,1,0
23,705,401.67,3.07,133.25,162.76,1,1,1,0
23,706,785.71,97.54,38.79,45.22,1,1,1,0
23,707,836.57,120.96,104.49,134.71,1,1,1,1
23,708,1559.63,79.69,67.81,91.5,1,1,1,0
23,709,637.78,105.08,34.22,39.66,1,1,1,0
23,710,0,0,106.44,124.63,1,1,1,0
24,704,1557.27,0,215.49,169.5,1,1,1,0
24,705,401.61,3.86,133.35,163.02,1,1,1,0
24,706,782.9,99.14,39.79,46.46,1,1,1,0
24,707,834.45,125.74,100.72,128.68,1,1,1,1
24,708,1558.58,78.44,69.75,94.5,1,1,1,0
24,709,638.79,107.09,34.05,39.34,1,1,1,0
24,710,0,0,106.92,130.21,1,1,1,0
25,704,1558.42,0,214.33,169.97,1,1,1,0
25,705,400.07,4.39,134.35,164.18,1,1,1,0
25,706,780.79,99.95,38.46,44.65,1,1,1,0
25,707,819.48,129.8,116.48,149.16,1,1,1,1
25,708,1563.36,68.66,76.96,102.66,1,1,1,0
25,709,640.83,107.85,32.97,37.92,1,1,1,0
25,710,0,0,105.17,133.87,1,1,1,0
26,704,1557.13,0,210.96,174.37,1,1,1,0
26,705,396.91,7.3,134.27,164.1,1,1,1,0
26,706,774.18,104.28,38.47,44.65,1,1,1,0
26,707,811.15,135.19,117.46,149.64,1,1,1,1
26,709,638.51,112.83,32.98,37.99,1,1,1,0
26,710,0,0,99.27,138.9,1,1,1,0
27,704,1554.83,0,216.49,177.87,1,1,1,0
27,705,395.15,9.23,133.71,163.24,1,1,1,0
27,706,769.3,107.07,39.55,45.96,1,1,1,0
27,707,804.47,138.58,116.89,147.59,1,1,1,1
27,709,639.38,116.99,32.7,37.68,1,1,1,0
27,710,0,0,92.31,143.45,1,1,1,0
28,704,1554.07,0,218.36,179.07,1,1,1,0
28,705,394.24,10.07,133.55,162.89,1,1,1,0
28,706,767.57,108.09,39.94,46.45,1,1,1,0
28,707,801.82,139.8,117.15,146.74,1,1,1,1
28,709,639.67,118.51,32.59,37.56,1,1,1,0
28,710,0,0,89.3,145.04,1,1,1,0
29,704,1553.34,0,216.8,186.23,1,1,1,0
29,705,391.41,15.01,134.88,164.47,1,1,1,0
29,706,765.5,113.81,37.6,43.76,1,1,1,0
29,707,796.84,145.04,119.14,147.98,1,1,1,1
29,709,638.78,123.79,32.89,37.98,1,1,1,0
29,710,0,0,83.89,151.22,1,1,1,0
30,704,1541.5,0,228.19,196.92,1,1,1,0
30,705,379.76,23.36,134.36,163.52,1,1,1,0
30,707,780.9,157.51,120.61,149.21,1,1,1,1
30,710,0,0,66.19,156.42,1,1,1,0
31,704,1527.34,0,236.41,209.62,1,1,1,0
31,705,365.21,33.78,134.5,163.53,1,1,1,0
31,707,766.49,171.35,119.97,147.58,1,1,1,1
31,710,0,0,46.47,181.21,1,1,1,0
32,704,1519.76,0,240.67,224.99,1,1,1,0
32,705,353.5,45.26,136.81,166.55,1,1,1,0
32,707,759.08,181.97,108.03,131.89,1,1,1,1
32,710,0,0,28.73,175.0,1,1,1,0
33,704,1517.34,0,241.4,230.88,1,1,1,0
33,705,349.24,49.49,137.57,167.68,1,1,1,0
33,707,756.53,185.72,103.71,125.76,1,1,1,1
33,710,0,0,22.12,171.81,1,1,1,0
33,713,605.09,158.2,33.75,36.76,1,1,1,0
33,714,723.29,147.57,34.8,39.29,1,1,1,0
34,704,1517.88,0,240.43,240.25,1,1,1,0
34,705,345.43,59.14,137.77,168.03,1,1,1,0
34,707,755.07,206.46,94.73,113.98,1,1,1,1
34,710,0,0,18.23,169.98,1,1,1,0
34,713,603.52,167.61,34.8,37.92,1,1,1,0
34,714,715.03,156.47,39.23,44.32,1,1,1,0
35,704,1519.44,0,240.67,248.41,1,1,1,0
35,705,339.99,65.26,137.78,168.14,1,1,1,0
35,707,734.1,215.55,123.91,148.79,1,1,1,1
35,710,0,1.94,6.69,164.24,1,1,1,0
35,713,600.11,173.2,36.54,39.93,1,1,1,0
35,714,706.19,163.36,41.36,46.69,1,1,1,0
36,704,1518.35,0,242.69,250.86,1,1,1,0
36,705,332.42,66.08,137.19,167.31,1,1,1,0
36,707,719.34,218.11,142.54,171.18,1,1,1,1
36,713,595.95,172.72,36.01,39.47,1,1,1,0
36,714,697.02,164.39,39.79,44.8,1,1,1,0
36,715,1514.19,129.91,65.04,89.8,1,1,1,0
37,704,1515.15,0,242.86,250.93,1,1,1,0
37,705,321.76,64.74,137.34,167.47,1,1,1,0
37,707,711.9,222.49,146.66,175.3,1,1,1,1
37,713,588.04,170.59,36.79,40.52,1,1,1,0
37,714,687.5,161.83,38.47,43.26,1,1,1,0
37,715,1509.92,126.52,58.34,80.51,1,1,1,0
38,704,1515.08,0,242.27,250.78,1,1,1,0
38,705,317.99,64.14,137.22,167.27,1,1,1,0
38,707,709.41,224.31,150.1,178.5,1,1,1,1
38,713,585.5,169.53,37.26,41.28,1,1,1,0
38,714,684.1,160.74,38.06,42.67,1,1,1,0
38,715,1508.6,125.65,56.01,77.22,1,1,1,0
39,704,1516.52,0,240.81,251.73,1,1,1,0
39,705,310.24,65.72,138.68,169.21,1,1,1,0
39,707,698.31,230.27,153.72,182.4,1,1,1,1
39,713,579.78,170.58,37.31,41.52,1,1,1,0
39,714,675.93,162.04,37.4,41.81,1,1,1,0
39,715,1504.37,126.44,50.27,69.25,1,1,1,0
40,704,1518.26,0,241.15,252.94,1,1,1,0
40,705,302.99,68.2,139.5,170.52,1,1,1,0
40,707,693.13,232.13,151.77,179.48,1,1,1,1
40,713,575.37,172.03,36.89,41.17,1,1,1,0
40,714,666.83,163.88,38.48,42.94,1,1,1,0
40,715,1499.88,127.71,48.04,66.03,1,1,1,0
41,704,1524.3,0,240.11,251.68,1,1,1,0
41,705,297.87,70.17,139.39,170.36,1,1,1,0
41,707,694.65,234.73,140.47,165.62,1,1,1,1
41,713,573.63,172.81,36.03,40.2,1,1,1,0
41,714,659.63,164.99,39.87,44.56,1,1,1,0
41,715,1499.56,126.89,47.63,65.13,1,1,1,0
42,704,1535.01,0,237.21,249.09,1,1,1,0
42,705,295.44,72.21,139.53,170.47,1,1,1,0
42,707,694.65,234.73,140.47,165.62,1,1,1,1
42,713,574.69,173.13,35.93,40.22,1,1,1,0
42,714,656.2,165.84,39.97,44.55,1,1,1,0
42,715,1502.34,126.37,47.33,64.52,1,1,1,0
43,704,1539.68,0,234.96,246.98,1,1,1,0
43,705,294.73,72.98,139.47,170.3,1,1,1,0
43,707,694.65,234.73,140.47,165.62,1,1,1,1
43,713,575.1,173.31,35.7,40.01,1,1,1,0
43,714,655.22,166.08,40.04,44.52,1,1,1,0
43,715,1503.31,126.21,47.46,64.48,1,1,1,0
44,704,1542.04,0,236.02,246.9,1,1,1,0
44,705,293.23,74.11,138.8,169.27,1,1,1,0
44,707,694.65,234.73,140.47,165.62,1,1,1,1
44,713,575.57,173.02,35.22,39.52,1,1,1,0
44,714,651.97,166.01,40.74,45.3,1,1,1,0
44,715,1504.26,125.85,48.13,65.01,1,1,1,0
45,704,1551.29,0,238.67,242.24,1,1,1,0
45,705,290.83,74.15,138.97,169.36,1,1,1,0
45,707,694.65,234.73,140.47,165.62,1,1,1,1
45,713,576.44,172.47,34.68,38.92,1,1,1,0
45,714,647.85,165.65,40.84,45.38,1,1,1,0
45,715,1506.39,125.52,48.21,64.67,1,1,1,0
46,704,1562.83,0,239.35,238.34,1,1,1,0
46,705,288.5,73.73,139.81,170.43,1,1,1,0
46,707,694.65,234.73,140.47,165.62,1,1,1,1
46,713,577.15,171.31,35.11,39.5,1,1,1,0
46,714,644.76,164.56,41.19,45.79,1,1,1,0
46,715,1508.86,125.52,48.24,64.22,1,1,1,0
47,704,1581.13,0,235.45,228.67,1,1,1,0
47,705,290.28,70.28,140.66,171.37,1,1,1,0
47,707,694.65,234.73,140.47,165.62,1,1,1,1
47,713,582.96,167.28,34.65,38.92,1,1,1,0
47,715,1516.38,121.54,48.18,63.61,1,1,1,0
47,709,651.41,158.01,38.61,44.23,1,1,1,0
48,704,1587.59,0,234.67,224.87,1,1,1,0
48,705,291.08,68.91,141.01,171.72,1,1,1,0
48,707,694.65,234.73,140.47,165.62,1,1,1,1
48,713,585.23,165.82,34.5,38.69,1,1,1,0
48,715,1518.97,120.1,48.43,63.45,1,1,1,0
48,709,651.58,158.69,38.95,44.39,1,1,1,0
49,704,1595.39,0,237.64,222.28,1,1,1,0
49,705,289.98,67.65,141.01,171.53,1,1,1,0
49,707,694.65,234.73,140.47,165.62,1,1,1,1
49,713,585.44,164.78,35.95,40.41,1,1,1,0
49,715,1521.91,119.76,49.35,64.31,1,1,1,0
49,709,648.32,158.9,39.4,44.83,1,1,1,0
50,704,1603.0,0,241.76,217.27,1,1,1,0
50,705,288.46,66.04,141.43,171.95,1,1,1,0
50,707,694.65,234.73,140.47,165.62,1,1,1,1
50,713,586.99,163.81,36.11,40.65,1,1,1,0
50,715,1524.86,117.65,50.68,65.87,1,1,1,0
50,709,646.06,158.04,39.19,44.4,1,1,1,0
51,704,1615.61,0,240.89,210.57,1,1,1,0
51,705,287.0,64.12,141.07,171.2,1,1,1,0
51,707,694.65,234.73,140.47,165.62,1,1,1,1
51,713,588.36,163.05,36.05,40.74,1,1,1,0
51,715,1527.74,116.25,50.7,65.63,1,1,1,0
51,709,643.49,157.14,39.3,44.42,1,1,1,0
52,704,1628.8,0,242.49,202.68,1,1,1,0
52,705,285.88,61.73,141.55,171.55,1,1,1,0
52,707,694.65,234.73,140.47,165.62,1,1,1,1
52,713,590.46,162.88,35.82,40.56,1,1,1,0
52,715,1530.59,114.86,51.85,67.08,1,1,1,0
52,709,641.74,156.55,38.51,43.43,1,1,1,0
53,704,1632.9,0,244.26,199.81,1,1,1,0
53,705,285.43,60.83,141.96,171.87,1,1,1,0
53,707,694.65,234.73,140.47,165.62,1,1,1,1
53,713,591.28,162.83,35.69,40.49,1,1,1,0
53,715,1531.57,114.37,52.31,67.63,1,1,1,0
53,709,641.06,156.28,38.24,43.04,1,1,1,0
54,704,1641.49,0,247.81,195.56,1,1,1,0
54,705,284.09,59.25,142.63,172.43,1,1,1,0
54,707,694.65,234.73,140.47,165.62,1,1,1,1
54,713,592.33,163.03,35.72,40.46,1,1,1,0
54,715,1534.49,113.68,52.02,67.11,1,1,1,0
54,709,638.62,155.94,39.33,44.09,1,1,1,0
55,704,1651.67,0,247.45,190.37,1,1,1,0
55,705,282.18,56.82,143.53,173.28,1,1,1,0
55,707,694.65,234.73,140.47,165.62,1,1,1,1
55,713,593.02,163.12,35.9,40.64,1,1,1,0
55,715,1536.96,112.71,52.21,67.27,1,1,1,0
55,709,635.57,155.59,40.12,45.07,1,1,1,0
56,704,1659.8,0,252.53,185.24,1,1,1,0
56,705,279.8,54.98,144.85,174.73,1,1,1,0
56,707,694.65,234.73,140.47,165.62,1,1,1,1
56,713,593.39,163.86,36.31,41.1,1,1,1,0
56,715,1538.67,112.03,52.16,67.09,1,1,1,0
56,709,633.02,155.34,38.49,43.08,1,1,1,0
57,704,1672.6,0,245.51,177.39,1,1,1,0
57,705,279.96,51.13,145.74,175.66,1,1,1,0
57,707,694.65,234.73,140.47,165.62,1,1,1,1
57,713,595.53,163.26,35.99,40.88,1,1,1,0
57,715,1543.31,109.77,51.96,66.68,1,1,1,0
57,709,630.86,153.69,38.66,43.29,1,1,1,0
58,704,1675.92,0,245.16,175.45,1,1,1,0
58,705,280.04,49.65,146.16,176.05,1,1,1,0
58,707,694.65,234.73,140.47,165.62,1,1,1,1
58,713,596.36,163.03,35.8,40.79,1,1,1,0
58,715,1544.94,108.95,51.96,66.54,1,1,1,0
58,709,630.09,153.03,38.75,43.42,1,1,1,0
59,704,1684.71,0,238.99,171.46,1,1,1,0
59,705,278.45,48.68,146.4,176.22,1,1,1,0
59,707,694.65,234.73,140.47,165.62,1,1,1,1
59,713,595.6,163.35,35.64,40.75,1,1,1,0
59,715,1544.72,108.34,51.85,66.25,1,1,1,0
59,709,626.51,152.97,39.07,43.87,1,1,1,0
60,704,1689.2,0,236.8,165.99,1,1,1,0
60,705,277.3,45.57,147.69,177.66,1,1,1,0
60,713,595.09,163.28,35.36,40.73,1,1,1,0
60,715,1546.03,107.1,52.05,66.39,1,1,1,0
60,709,622.05,152.15,39.94,44.92,1,1,1,0
60,707,749.69,197.56,162.58,197.56,1,1,1,1
61,704,1694.28,0,236.67,161.4,1,1,1,0
61,705,276.11,42.51,149.49,179.92,1,1,1,0
61,713,594.3,163.96,34.62,40.32,1,1,1,0
61,715,1548.03,106.12,52.17,66.11,1,1,1,0
61,709,616.76,151.68,41.28,46.55,1,1,1,0
61,707,753.65,188.08,165.11,200.69,1,1,1,1
62,704,1699.66,0,237.14,157.42,1,1,1,0
62,705,275.14,39.66,150.9,181.7,1,1,1,0
62,713,593.74,163.82,34.84,40.96,1,1,1,0
62,715,1549.39,105.35,52.44,66.06,1,1,1,0
62,709,612.53,151.8,41.61,47.17,1,1,1,0
62,707,771.73,181.44,142.66,173.05,1,1,1,1
63,704,1701.1,0,237.94,156.1,1,1,1,0
63,705,274.85,38.63,151.37,182.35,1,1,1,0
63,713,593.61,163.67,34.75,41.2,1,1,1,0
63,715,1549.71,104.99,52.78,66.15,1,1,1,0
63,709,611.01,151.8,41.65,47.44,1,1,1,0
63,707,777.26,179.9,135.31,163.76,1,1,1,1
64,704,1711.35,0,227.92,154.95,1,1,1,0
64,705,275.78,35.73,151.13,181.97,1,1,1,0
64,713,593.31,164.51,33.02,39.7,1,1,1,0
64,715,1551.43,104.8,52.76,66.09,1,1,1,0
64,709,607.87,151.45,41.64,47.68,1,1,1,0
64,707,772.75,169.03,157.06,190.93,1,1,1,1
65,704,1716.73,0,230.25,151.42,1,1,1,0
65,705,277.31,29.73,152.31,183.58,1,1,1,0
65,713,593.27,161.91,34.61,41.95,1,1,1,0
65,715,1553.57,103.76,52.83,66.17,1,1,1,0
65,709,605.77,149.55,40.24,46.18,1,1,1,0
65,707,782.43,164.24,151.43,184.19,1,1,1,1
66,704,1722.32,0,233.11,151.48,1,1,1,0
66,705,278.72,25.79,152.45,183.71,1,1,1,0
66,715,1554.61,104.5,52.26,65.31,1,1,1,0
66,709,599.54,149.06,41.15,47.14,1,1,1,0
66,707,778.86,154.24,167.47,205.02,1,1,1,1
67,704,1732.92,0,226.29,150.32,1,1,1,0
67,705,277.39,21.9,153.88,185.62,1,1,1,0
67,715,1554.03,104.61,52.24,65.2,1,1,1,0
67,709,591.38,148.6,41.09,46.99,1,1,1,0
67,707,776.62,143.69,175.02,215.75,1,1,1,1
68,704,1736.93,0,223.13,150.09,1,1,1,0
68,705,276.94,20.45,154.35,186.36,1,1,1,0
68,715,1553.73,104.68,52.29,65.16,1,1,1,0
68,709,588.35,148.43,41.1,46.92,1,1,1,0
68,707,775.84,139.87,177.35,220.19,1,1,1,1
68,717,0,0,48.16,178.21,1,1,1,0
69,704,1740.99,0,217.94,149.25,1,1,1,0
69,705,275.87,18.12,155.54,188.1,1,1,1,0
69,715,1552.05,104.63,52.14,64.85,1,1,1,0
69,709,586.66,148.67,36.87,42.13,1,1,1,0
69,707,776.49,134.91,177.52,221.98,1,1,1,1
69,717,0,0,51.91,166.54,1,1,1,0
70,704,1753.61,0,214.33,148.73,1,1,1,0
70,705,278.02,16.23,155.94,188.63,1,1,1,0
70,715,1552.82,104.08,52.38,65.09,1,1,1,0
70,709,579.54,150.29,39.51,44.75,1,1,1,0
70,707,783.25,131.69,169.0,212.44,1,1,1,1
70,717,0,0,62.39,161.67,1,1,1,0
71,704,1765.79,0,212.05,149.64,1,1,1,0
71,705,282.58,15.06,156.96,190.23,1,1,1,0
71,715,1556.01,103.64,52.98,65.54,1,1,1,0
71,709,576.3,152.37,40.85,45.59,1,1,1,0
71,707,789.12,126.58,167.66,212.52,1,1,1,1
71,717,0,0,79.86,159.98,1,1,1,0
72,704,1778.55,0,211.96,151.01,1,1,1,0
72,705,288.22,14.4,157.82,191.6,1,1,1,0
72,715,1559.83,104.04,52.68,64.77,1,1,1,0
72,709,573.84,154.21,40.51,44.97,1,1,1,0
72,707,798.12,121.64,166.04,211.53,1,1,1,1
72,717,0,0,95.58,168.69,1,1,1,0
73,704,1782.81,0,210.8,151.62,1,1,1,0
73,705,290.41,14.18,158.02,192.13,1,1,1,0
73,715,1561.14,104.21,52.73,64.48,1,1,1,0
73,709,573.02,155.0,40.49,44.73,1,1,1,0
73,707,801.57,119.76,165.06,211.32,1,1,1,1
73,717,0,0,101.0,171.81,1,1,1,0
74,704,1797.16,0,200.28,156.99,1,1,1,0
74,705,294.09,12.0,159.05,193.48,1,1,1,0
74,715,1561.04,105.34,57.03,70.23,1,1,1,0
74,709,569.4,155.98,40.94,45.04,1,1,1,0
74,707,807.57,118.28,159.76,205.59,1,1,1,1
74,717,0,0,112.33,183.55,1,1,1,0
74,713,588.48,159.3,30.22,34.95,1,1,1,0
75,704,1808.92,0,194.32,159.1,1,1,1,0
75,705,293.32,9.01,159.72,194.21,1,1,1,0
75,715,1558.85,107.49,56.72,70.3,1,1,1,0
75,707,808.75,113.96,158.76,204.94,1,1,1,1
75,717,0,0,117.52,187.11,1,1,1,0
75,713,581.32,159.2,31.27,35.04,1,1,1,0
76,704,1818.61,0,192.16,161.71,1,1,1,0
76,705,291.28,6.06,160.69,195.14,1,1,1,0
76,715,1553.41,108.17,57.68,72.17,1,1,1,0
76,707,807.21,103.97,160.48,208.23,1,1,1,1
76,717,0,0,124.96,188.02,1,1,1,0
76,709,567.68,156.77,35.28,38.12,1,1,1,0
77,704,1815.03,0,205.09,165.39,1,1,1,0
77,705,283.54,4.03,161.05,195.26,1,1,1,0
77,715,1544.96,108.37,50.41,62.75,1,1,1,0
77,707,796.99,91.97,165.9,216.48,1,1,1,1
77,717,0,0,120.66,174.42,1,1,1,0
78,704,1814.2,0,208.71,166.61,1,1,1,0
78,705,280.46,3.29,161.29,195.32,1,1,1,0
78,715,1541.38,108.39,47.69,59.14,1,1,1,0
78,707,793.03,87.84,167.22,219.32,1,1,1,1
78,717,0,0,118.63,168.9,1,1,1,0
79,704,1805.32,0,209.34,173.35,1,1,1,0
79,705,264.22,1.89,161.65,194.91,1,1,1,0
79,707,780.68,92.25,160.06,209.57,1,1,1,1
79,717,0,0,108.67,165.96,1,1,1,0
80,704,1793.91,0,204.58,176.32,1,1,1,0
80,705,242.03,0,163.39,196.46,1,1,1,0
80,707,757.95,82.89,164.75,215.79,1,1,1,1
80,717,0,0,95.38,159.67,1,1,1,0
81,704,1782.82,0,206.14,178.1,1,1,1,0
81,705,223.99,0,164.96,197.26,1,1,1,0
81,707,746.58,84.75,156.18,203.2,1,1,1,1
81,717,0,0,87.47,171.27,1,1,1,0
82,704,1777.37,0,209.21,181.59,1,1,1,0
82,705,211.6,2.28,166.63,201.07,1,1,1,0
82,707,740.69,106.66,148.73,192.9,1,1,1,1
82,717,0,0,84.48,177.4,1,1,1,0
82,719,1452.74,107.65,48.12,64.44,1,1,1,0
83,704,1775.06,0,210.76,182.76,1,1,1,0
83,705,207.25,3.76,167.11,201.93,1,1,1,0
83,707,738.48,114.82,146.5,189.51,1,1,1,1
83,717,0,0,83.05,179.71,1,1,1,0
83,719,1450.91,107.95,47.64,63.65,1,1,1,0
83,713,463.16,155.64,35.56,38.57,1,1,1,0
84,704,1774.9,0,217.72,186.29,1,1,1,0
84,705,203.64,3.28,165.25,199.35,1,1,1,0
84,707,731.09,106.51,151.07,193.52,1,1,1,1
84,717,0,0,71.92,167.02,1,1,1,0
84,719,1441.53,107.45,49.86,66.61,1,1,1,0
84,713,454.19,153.96,36.31,39.44,1,1,1,0
85,704,1772.61,0,221.66,188.76,1,1,1,0
85,705,196.38,5.09,167.92,202.45,1,1,1,0
85,707,720.41,108.36,156.98,200.76,1,1,1,1
85,717,0,0,74.69,163.04,1,1,1,0
85,719,1427.21,108.79,53.98,72.36,1,1,1,0
85,713,438.0,154.03,37.42,40.72,1,1,1,0
86,704,1769.14,0,228.29,190.34,1,1,1,0
86,705,188.37,7.66,167.81,202.01,1,1,1,0
86,707,709.58,112.69,159.7,203.85,1,1,1,1
86,717,0,0,72.58,164.31,1,1,1,0
86,719,1411.77,109.25,55.11,73.97,1,1,1,0
86,713,421.11,154.87,38.09,41.55,1,1,1,0
87,704,1770.21,0,227.53,189.53,1,1,1,0
87,705,181.96,10.36,170.97,206.07,1,1,1,0
87,707,704.27,117.27,158.71,201.57,1,1,1,1
87,717,0,0,74.64,167.53,1,1,1,0
87,719,1400.95,108.74,53.11,70.98,1,1,1,0
87,713,408.44,155.83,38.43,42.01,1,1,1,0
88,704,1771.27,0,225.91,189.03,1,1,1,0
88,705,179.79,11.38,172.01,207.58,1,1,1,0
88,707,702.08,118.59,159.13,201.13,1,1,1,1
88,717,0,0,75.06,168.18,1,1,1,0
88,719,1397.5,108.52,52.26,69.49,1,1,1,0
88,713,404.52,156.17,38.47,42.14,1,1,1,0
89,704,1781.63,0,213.18,186.52,1,1,1,0
89,705,184.16,14.39,172.95,208.46,1,1,1,0
89,707,699.56,116.74,174.26,221.04,1,1,1,1
89,717,0,0,81.37,176.27,1,1,1,0
89,719,1398.17,108.38,52.24,69.36,1,1,1,0
89,713,403.8,157.63,38.56,42.36,1,1,1,0
90,704,1790.85,0,205.83,182.74,1,1,1,0
90,705,189.48,16.96,172.61,207.81,1,1,1,0
90,707,701.68,119.8,176.8,224.77,1,1,1,1
90,717,0,0,90.36,178.75,1,1,1,0
90,719,1397.66,107.66,51.09,67.3,1,1,1,0
90,713,400.61,158.97,38.77,42.82,1,1,1,0
91,704,1805.79,0,191.26,172.44,1,1,1,0
91,705,194.44,18.12,174.1,209.7,1,1,1,0
91,707,705.36,119.82,178.84,227.78,1,1,1,1
91,717,0,0,95.48,175.63,1,1,1,0
91,719,1397.21,106.05,50.28,65.88,1,1,1,0
91,713,397.91,159.04,38.11,42.16,1,1,1,0
92,704,1819.72,0,180.47,166.51,1,1,1,0
92,705,199.99,18.34,174.34,209.88,1,1,1,0
92,707,708.37,122.06,182.19,232.86,1,1,1,1
92,717,0,0,103.45,175.79,1,1,1,0
92,719,1395.25,103.94,50.8,66.06,1,1,1,0
92,713,394.74,158.44,38.46,42.7,1,1,1,0
93,704,1824.27,0,177.28,164.62,1,1,1,0
93,705,202.23,18.4,174.38,209.92,1,1,1,0
93,707,709.88,123.16,182.91,234.5,1,1,1,1
93,717,0,0,106.63,175.94,1,1,1,0
93,719,1394.56,103.13,51.32,66.28,1,1,1,0
93,713,393.85,158.2,38.49,42.89,1,1,1,0
94,704,1830.51,0,169.96,156.52,1,1,1,0
94,705,205.6,17.01,174.02,209.1,1,1,1,0
94,707,709.8,121.11,185.46,238.46,1,1,1,1
94,717,0,0,107.63,175.77,1,1,1,0
94,719,1390.64,100.58,52.78,67.92,1,1,1,0
94,713,390.34,157.19,37.77,42.14,1,1,1,0
95,704,1838.9,0,163.04,151.15,1,1,1,0
95,705,211.17,14.57,173.93,208.75,1,1,1,0
95,707,711.49,118.46,187.78,241.94,1,1,1,1
95,717,0,0,113.92,180.8,1,1,1,0
95,719,1388.7,98.66,52.95,67.83,1,1,1,0
95,713,387.44,155.89,37.15,41.44,1,1,1,0
96,704,1850.5,0,163.04,148.62,1,1,1,0
96,705,219.25,9.51,174.73,209.64,1,1,1,0
96,707,716.75,114.19,189.7,244.47,1,1,1,1
96,717,0,0,123.6,181.53,1,1,1,0
96,719,1389.95,96.66,52.6,67.29,1,1,1,0
96,713,386.8,152.78,37.7,42.18,1,1,1,0
97,704,1870.16,0,179.27,156.23,1,1,1,0
97,705,225.48,7.95,175.39,210.21,1,1,1,0
97,707,720.0,118.42,190.42,246.32,1,1,1,1
97,717,0,0,128.83,176.18,1,1,1,0
97,719,1389.22,95.3,51.99,66.32,1,1,1,0
97,713,384.17,153.03,38.19,43.04,1,1,1,0
98,704,1876.31,0,186.56,158.94,1,1,1,0
98,705,227.75,7.32,175.76,210.45,1,1,1,0
98,707,721.4,119.62,190.41,247.17,1,1,1,1
98,717,0,0,130.85,174.17,1,1,1,0
98,719,1389.02,94.78,51.86,66.0,1,1,1,0
98,713,383.44,153.14,38.17,43.36,1,1,1,0
99,705,231.42,2.49,175.72,210.17,1,1,1,0
99,707,732.74,116.54,179.01,230.48,1,1,1,1
99,717,0,0,134.28,161.88,1,1,1,0
99,719,1388.15,94.53,52.02,66.09,1,1,1,0
99,713,383.16,151.32,35.74,40.9,1,1,1,0
100,705,230.94,0,178.11,209.74,1,1,1,0
100,707,726.42,107.67,192.77,248.91,1,1,1,1
100,717,0,0,134.67,160.02,1,1,1,0
100,719,1383.15,93.97,53.65,68.02,1,1,1,0
100,713,380.56,148.29,33.35,38.5,1,1,1,0
101,705,233.82,0,177.54,204.7,1,1,1,0
101,707,726.72,98.69,194.9,252.14,1,1,1,1
101,717,0,0,135.26,151.79,1,1,1,0
101,719,1379.33,94.23,53.54,67.6,1,1,1,0
102,705,237.39,0,177.29,202.8,1,1,1,0
102,707,730.62,94.98,195.17,252.51,1,1,1,1
102,717,0,0,138.54,148.91,1,1,1,0
102,719,1376.27,94.28,53.74,67.63,1,1,1,0
103,705,238.65,0,177.24,202.14,1,1,1,0
103,707,732.17,97.56,194.32,251.77,1,1,1,1
103,717,0,0,139.66,147.68,1,1,1,0
103,719,1375.17,94.32,53.91,67.64,1,1,1,0
104,705,242.92,0,179.93,204.53,1,1,1,0
104,707,740.76,95.91,190.57,245.8,1,1,1,1
104,717,0,0,140.77,138.76,1,1,1,0
104,719,1374.74,94.02,54.22,67.88,1,1,1,0
105,705,252.22,0,177.39,199.93,1,1,1,0
105,707,747.58,90.86,200.33,258.71,1,1,1,1
105,717,0,0,147.22,143.2,1,1,1,0
105,719,1376.36,93.77,54.14,67.92,1,1,1,0
106,705,263.83,0,176.01,195.9,1,1,1,0
106,707,759.14,84.65,203.66,262.94,1,1,1,1
106,717,0,0,155.41,145.12,1,1,1,0
106,719,1379.7,92.86,55.2,69.27,1,1,1,0
107,705,276.57,0,173.7,190.94,1,1,1,0
107,707,774.47,83.81,202.73,261.02,1,1,1,1
107,717,0,0,162.08,148.65,1,1,1,0
107,719,1384.66,92.43,54.6,68.69,1,1,1,0
108,705,280.84,0,173.49,189.15,1,1,1,0
108,707,780.26,83.94,202.34,259.81,1,1,1,1
108,717,0,0,167.89,149.39,1,1,1,0
108,719,1386.64,92.34,54.34,68.51,1,1,1,0
109,705,287.88,0,175.82,189.57,1,1,1,0
109,707,793.26,84.77,200.01,256.0,1,1,1,1
109,717,0,0,172.09,152.08,1,1,1,0
109,719,1389.41,91.59,55.01,69.68,1,1,1,0
110,705,297.68,0,175.25,186.39,1,1,1,0
110,707,805.93,80.59,199.99,254.67,1,1,1,1
110,717,0,0,180.01,153.38,1,1,1,0
110,719,1392.87,90.97,55.19,69.86,1,1,1,0
111,705,308.36,0,174.99,184.66,1,1,1,0
111,707,822.18,80.72,198.08,250.9,1,1,1,1
111,717,0,0,190.1,159.29,1,1,1,0
111,719,1396.4,91.35,55.6,70.42,1,1,1,0
112,705,320.02,0,176.38,183.49,1,1,1,0
112,707,842.49,75.85,193.27,243.63,1,1,1,1
112,717,0,0,200.76,162.64,1,1,1,0
112,719,1401.44,89.39,56.24,71.36,1,1,1,0
113,705,323.84,0,177.47,183.12,1,1,1,0
113,707,849.51,74.15,192.02,241.02,1,1,1,1
113,717,0,0,205.21,163.91,1,1,1,0
113,719,1403.36,88.66,56.41,71.71,1,1,1,0
114,705,334.85,0,181.79,185.84,1,1,1,0
114,707,867.34,77.52,194.22,243.0,1,1,1,1
114,717,0,0,218.28,164.19,1,1,1,0
114,719,1412.08,88.4,56.21,71.54,1,1,1,0
115,705,360.27,0,185.91,192.05,1,1,1,0
115,707,904.01,85.52,182.26,226.68,1,1,1,1
115,717,0,0,235.56,162.7,1,1,1,0
116,705,389.12,0,189.81,196.3,1,1,1,0
116,707,933.14,69.42,197.3,245.26,1,1,1,1
116,717,29.45,0,232.76,158.49,1,1,1,0
117,705,421.48,0,194.51,198.84,1,1,1,0
117,707,971.94,81.7,193.64,239.49,1,1,1,1
117,717,58.2,0,240.31,164.46,1,1,1,0
118,705,433.75,0,196.34,199.8,1,1,1,0
118,707,985.55,86.18,193.15,237.92,1,1,1,1
118,717,68.11,0,244.29,167.08,1,1,1,0
118,723,1494.57,97.95,53.17,69.41,1,1,1,0
119,705,451.31,0,191.95,193.76,1,1,1,0
119,707,999.51,76.56,201.92,249.26,1,1,1,1
119,717,81.16,0,245.08,165.81,1,1,1,0
119,723,1502.27,98.11,54.5,71.13,1,1,1,0
120,705,466.08,0,192.27,192.91,1,1,1,0
120,707,1021.88,73.61,200.63,246.59,1,1,1,1
120,717,98.85,0,235.63,158.67,1,1,1,0
120,723,1511.17,100.54,55.27,72.23,1,1,1,0
121,705,481.83,0,194.63,198.94,1,1,1,0
121,707,1034.72,65.24,219.62,271.66,1,1,1,1
121,717,103.51,0,253.87,165.15,1,1,1,0
121,723,1524.79,111.98,53.2,69.36,1,1,1,0
122,705,501.74,0,198.64,208.82,1,1,1,0
122,707,1068.36,90.02,216.09,267.54,1,1,1,1
122,717,112.89,0,264.83,164.76,1,1,1,0
122,723,1539.14,115.81,55.12,71.59,1,1,1,0
123,705,508.81,0,199.46,213.44,1,1,1,0
123,707,1081.11,100.3,214.4,265.65,1,1,1,1
123,717,116.85,0,267.35,164.97,1,1,1,0
123,723,1542.7,116.91,55.96,72.38,1,1,1,0
124,705,520.22,0,209.75,239.77,1,1,1,0
124,707,1104.0,121.6,209.06,258.52,1,1,1,1
124,717,134.7,0,264.27,181.04,1,1,1,0
125,705,530.5,19.66,212.76,248.14,1,1,1,0
125,707,1126.39,152.43,203.22,250.91,1,1,1,1
125,717,146.16,0,262.04,208.92,1,1,1,0
126,705,531.85,46.12,214.09,251.85,1,1,1,0
126,707,1132.94,179.31,205.13,252.85,1,1,1,1
126,717,135.82,0,279.39,241.3,1,1,1,0
127,705,531.62,74.15,212.14,251.14,1,1,1,0
127,707,1135.87,209.1,208.9,257.13,1,1,1,1
127,717,123.22,0,291.69,264.42,1,1,1,0
128,705,531.36,84.91,210.65,250.83,1,1,1,0
128,707,1135.91,219.62,211.29,259.92,1,1,1,1
128,717,118.76,0,294.83,272.75,1,1,1,0
129,705,536.82,107.21,209.94,251.24,1,1,1,0
129,707,1128.32,216.89,255.46,320.3,1,1,1,1
129,717,117.88,0,298.68,292.57,1,1,1,0
130,705,540.9,138.15,211.01,253.23,1,1,1,0
130,717,113.27,0,306.81,318.05,1,1,1,0
131,705,546.53,173.58,212.23,255.14,1,1,1,0
131,717,113.28,0,313.39,350.01,1,1,1,0
132,705,560.86,201.08,208.14,251.06,1,1,1,0
132,717,124.32,13.75,303.83,350.36,1,1,1,0
133,705,565.92,211.24,205.85,249.0,1,1,1,0
133,717,128.85,22.72,298.94,346.51,1,1,1,0
134,705,572.65,217.87,205.58,248.95,1,1,1,0
134,717,126.96,24.67,313.88,367.37,1,1,1,0
135,705,574.79,215.28,206.64,250.48,1,1,1,0
135,717,130.42,28.57,305.39,359.67,1,1,1,0
136,717,123.23,20.33,303.75,359.69,1,1,1,0
137,717,110.17,12.14,313.08,373.83,1,1,1,0
138,717,105.79,8.83,315.36,379.56,1,1,1,0
139,717,106.45,10.78,306.22,369.38,1,1,1,0
140,717,110.21,7.1,274.44,330.66,1,1,1,0
150,725,1538.99,358.29,59.81,62.2,1,1,1,0
151,725,1531.28,359.69,59.2,61.64,1,1,1,0
151,707,1180.95,258.76,274.45,346.33,1,1,1,1
152,707,1154.58,266.2,262.98,331.75,1,1,1,1
153,707,1143.4,262.99,263.55,332.53,1,1,1,1
154,707,1098.04,258.48,281.18,355.78,1,1,1,1
155,707,1048.34,238.92,297.99,378.92,1,1,1,1
156,707,1011.2,224.29,298.21,380.83,1,1,1,1
157,707,983.61,214.51,293.77,376.12,1,1,1,1
157,705,400.39,92.65,227.93,271.07,1,1,1,0
158,707,975.02,211.0,291.45,374.16,1,1,1,1
158,705,396.94,89.6,228.89,272.27,1,1,1,0
158,729,1335.54,292.9,55.45,65.69,1,1,1,0
158,730,755.16,322.13,40.98,44.0,1,1,1,0
159,707,973.72,216.1,261.63,333.5,1,1,1,1
159,705,384.36,80.06,232.43,276.76,1,1,1,0
159,729,1320.81,286.63,55.16,65.23,1,1,1,0
160,707,949.95,195.69,281.57,359.91,1,1,1,1
160,705,373.24,69.69,235.48,280.66,1,1,1,0
160,729,1303.35,274.65,55.68,65.78,1,1,1,0
160,717,0,0,185.69,221.87,1,1,1,0
161,707,946.4,185.53,264.7,337.29,1,1,1,1
161,705,363.23,57.34,235.77,281.49,1,1,1,0
161,729,1287.31,253.76,58.09,68.66,1,1,1,0
161,717,0,0,172.19,222.27,1,1,1,0
162,707,934.22,157.88,268.4,342.18,1,1,1,1
162,705,353.24,38.77,238.1,285.02,1,1,1,0
162,717,0,0,151.74,215.49,1,1,1,0
163,707,930.74,148.47,269.77,344.14,1,1,1,1
163,705,350.24,32.48,238.41,286.19,1,1,1,0
163,717,0,0,145.61,213.15,1,1,1,0
164,707,924.29,125.8,270.91,345.78,1,1,1,1
164,705,346.95,13.19,241.54,291.05,1,1,1,0
164,717,0,0,139.74,214.5,1,1,1,0
165,707,936.49,130.02,258.69,327.87,1,1,1,1
165,705,353.96,0,236.45,282.86,1,1,1,0
165,717,0,0,135.37,196.52,1,1,1,0
165,735,666.54,215.55,34.04,43.33,1,1,1,0
165,736,1263.59,176.4,52.76,61.47,1,1,1,0
166,707,933.12,117.83,263.03,332.68,1,1,1,1
166,705,360.39,0,236.54,274.58,1,1,1,0
166,717,0,0,133.33,187.65,1,1,1,0
166,735,660.9,208.35,33.54,42.66,1,1,1,0
166,736,1261.38,164.59,51.06,59.32,1,1,1,0
166,737,269.96,172.16,31.36,35.98,1,1,1,0
167,707,926.43,102.77,275.32,348.36,1,1,1,1
167,705,366.4,0,236.86,273.91,1,1,1,0
167,717,0,0,135.31,187.3,1,1,1,0
167,735,653.03,205.24,33.24,42.21,1,1,1,0
167,736,1255.39,156.75,51.5,59.63,1,1,1,0
167,737,266.44,172.89,29.68,34.04,1,1,1,0
168,707,925.0,98.32,278.34,352.33,1,1,1,1
168,705,368.85,0,236.81,274.05,1,1,1,0
168,717,0,0,136.07,187.2,1,1,1,0
168,735,651.41,204.66,33.05,41.87,1,1,1,0
168,736,1253.62,154.77,51.85,59.77,1,1,1,0
168,737,265.25,173.14,29.12,33.39,1,1,1,0
169,707,916.69,88.17,285.66,360.76,1,1,1,1
169,705,369.01,0,237.24,275.34,1,1,1,0
169,717,0,0,135.57,188.61,1,1,1,0
169,735,641.08,202.42,33.61,42.45,1,1,1,0
169,736,1244.19,149.84,52.42,60.28,1,1,1,0
169,737,257.11,172.97,28.41,32.56,1,1,1,0
170,707,897.7,77.47,302.62,383.88,1,1,1,1
170,705,364.82,0,236.41,273.23,1,1,1,0
170,717,0,0,131.5,183.19,1,1,1,0
170,735,623.97,196.87,34.17,42.87,1,1,1,0
170,736,1227.61,141.32,56.21,64.67,1,1,1,0
171,707,882.83,77.38,303.1,386.32,1,1,1,1
171,705,358.59,0,234.3,266.99,1,1,1,0
171,717,0,0,122.26,181.95,1,1,1,0
171,736,1211.08,133.04,53.69,61.8,1,1,1,0
172,707,869.05,64.42,298.72,380.13,1,1,1,1
172,705,347.74,0,235.79,266.5,1,1,1,0
172,717,0,0,111.78,177.78,1,1,1,0
172,736,1191.88,128.04,50.15,57.75,1,1,1,0
173,707,863.68,59.81,297.12,377.55,1,1,1,1
173,705,343.56,0,236.77,266.62,1,1,1,0
173,717,0,0,107.95,176.24,1,1,1,0
173,736,1185.49,126.66,48.81,56.22,1,1,1,0
174,707,833.17,54.93,318.54,408.07,1,1,1,1
174,705,332.81,0,240.2,269.46,1,1,1,0
174,717,0,0,95.78,173.08,1,1,1,0
174,736,1168.48,127.34,47.94,55.29,1,1,1,0
175,707,807.89,50.7,328.48,423.36,1,1,1,1
175,705,320.63,0,238.94,265.62,1,1,1,0
175,717,0,0,78.89,174.06,1,1,1,0
175,736,1148.48,128.98,45.78,52.97,1,1,1,0
176,707,789.36,49.54,326.23,421.72,1,1,1,1
176,705,310.7,0,234.18,258.25,1,1,1,0
176,736,1125.97,129.45,45.89,53.15,1,1,1,0
177,707,764.34,31.25,336.7,437.81,1,1,1,1
177,705,294.38,0,239.85,260.87,1,1,1,0
177,736,1104.95,129.11,43.46,50.38,1,1,1,0
178,707,755.71,24.48,339.49,443.79,1,1,1,1
178,705,289.05,0,240.92,261.54,1,1,1,0
178,736,1098.0,129.16,42.58,49.4,1,1,1,0
179,707,738.55,15.24,335.64,439.55,1,1,1,1
179,705,273.09,0,242.36,258.45,1,1,1,0
179,736,1080.22,127.88,38.58,45.02,1,1,1,0
180,707,710.29,7.66,342.17,451.19,1,1,1,1
180,705,254.88,0,242.17,250.33,1,1,1,0
181,707,690.39,2.96,342.67,454.58,1,1,1,1
181,705,244.61,0,234.33,235.21,1,1,1,0
182,707,684.54,6.06,339.41,452.62,1,1,1,1
182,705,237.17,0,237.29,235.03,1,1,1,0
183,707,682.49,5.41,338.92,453.99,1,1,1,1
183,705,234.3,0,239.18,235.0,1,1,1,0
184,707,683.86,2.06,340.14,457.1,1,1,1,1
184,705,236.31,0,242.28,233.05,1,1,1,0
185,707,695.47,1.98,324.05,432.52,1,1,1,1
185,705,240.53,0,247.13,233.94,1,1,1,0
186,707,696.13,0,338.19,451.44,1,1,1,1
186,705,247.55,0,251.6,233.3,1,1,1,0
187,707,703.36,3.0,339.64,454.93,1,1,1,1
187,705,257.52,0,250.52,229.82,1,1,1,0
188,707,706.59,5.33,339.28,455.21,1,1,1,1
188,705,261.28,0,250.56,228.6,1,1,1,0
189,707,706.67,0,345.11,462.35,1,1,1,1
189,705,265.98,0,251.82,227.56,1,1,1,0
190,707,712.24,0,345.99,461.86,1,1,1,1
190,705,273.73,0,251.87,222.89,1,1,1,0
191,707,722.46,0,336.06,441.14,1,1,1,1
191,705,279.04,0,255.94,222.81,1,1,1,0
192,707,716.15,0,353.88,460.09,1,1,1,1
192,705,286.73,0,253.58,218.02,1,1,1,0
193,707,714.03,0,360.06,466.58,1,1,1,1
193,705,289.39,0,253.16,216.3,1,1,1,0
194,707,717.25,0,363.15,469.9,1,1,1,1
194,705,293.41,0,253.73,213.96,1,1,1,0
195,707,713.08,0,372.15,480.6,1,1,1,1
195,705,295.44,0,257.87,217.67,1,1,1,0
196,707,710.27,0,379.63,492.67,1,1,1,1
196,705,298.51,0,259.12,217.55,1,1,1,0
197,707,712.61,0,378.08,495.89,1,1,1,1
197,705,300.44,0,262.99,220.16,1,1,1,0
198,707,713.01,0,378.55,497.01,1,1,1,1
198,705,300.63,0,265.36,221.6,1,1,1,0
199,707,707.05,0,394.93,516.7,1,1,1,1
199,705,302.75,0,268.71,223.08,1,1,1,0
200,707,699.76,0,413.53,537.66,1,1,1,1
200,705,307.25,0,272.68,231.66,1,1,1,0
201,707,699.13,5.79,424.86,561.1,1,1,1,1
201,705,308.91,0,280.83,244.4,1,1,1,0
202,707,698.75,14.88,435.75,576.49,1,1,1,1
202,705,312.14,0,287.54,260.94,1,1,1,0
203,707,699.22,17.84,439.51,582.21,1,1,1,1
203,705,313.98,0,288.75,267.2,1,1,1,0
204,707,706.92,40.7,429.76,571.15,1,1,1,1
204,705,317.9,0,289.56,278.53,1,1,1,0
205,707,706.3,45.42,444.16,590.72,1,1,1,1
205,705,324.21,0,287.49,288.75,1,1,1,0
206,707,711.97,62.1,447.81,596.55,1,1,1,1
206,705,328.51,0,289.78,300.12,1,1,1,0
207,707,718.95,74.55,442.69,590.88,1,1,1,1
207,705,332.4,0,291.38,308.5,1,1,1,0
208,707,721.7,78.79,440.4,589.13,1,1,1,1
208,705,334.39,0,290.74,311.32,1,1,1,0
209,707,719.61,74.38,448.8,600.38,1,1,1,1
209,705,341.72,0,282.76,303.71,1,1,1,0
210,707,718.16,64.51,457.04,611.73,1,1,1,1
210,705,345.95,0,278.91,299.73,1,1,1,0
211,707,711.4,48.04,466.98,627.62,1,1,1,1
211,705,349.05,0,275.97,296.1,1,1,1,0
212,707,706.32,28.94,477.16,643.08,1,1,1,1
212,705,349.54,0,276.15,296.81,1,1,1,0
213,707,705.23,21.51,479.22,647.24,1,1,1,1
213,705,349.3,0,276.81,297.79,1,1,1,0
214,707,699.92,18.47,478.66,648.72,1,1,1,1
214,705,345.55,0,278.99,302.06,1,1,1,0
215,707,694.57,22.08,471.56,640.33,1,1,1,1
215,705,340.95,0,279.84,304.98,1,1,1,0
216,707,685.16,9.28,477.93,648.69,1,1,1,1
216,705,335.11,0,282.64,311.35,1,1,1,0
217,707,675.51,4.12,480.72,650.48,1,1,1,1
217,705,330.33,0,285.2,315.65,1,1,1,0
218,707,666.37,0.65,488.79,661.98,1,1,1,1
218,705,328.56,0,286.02,317.59,1,1,1,0
219,707,661.04,0,486.22,656.95,1,1,1,1
219,705,328.12,0,284.64,316.23,1,1,1,0
220,707,659.06,0,478.91,646.7,1,1,1,1
220,705,326.39,0,289.23,322.74,1,1,1,0
221,707,654.52,0,480.69,644.68,1,1,1,1
221,705,334.06,0,277.45,309.17,1,1,1,0
222,707,652.85,0,476.72,638.73,1,1,1,1
222,705,339.32,0,275.98,311.57,1,1,1,0
223,707,651.94,0,474.4,636.44,1,1,1,1
223,705,341.14,0,275.63,312.61,1,1,1,0
224,707,648.43,1.48,469.71,628.49,1,1,1,1
224,705,342.08,0,284.12,328.35,1,1,1,0
225,707,641.43,0,480.32,636.78,1,1,1,1
225,705,343.42,0.16,293.93,345.81,1,1,1,0
226,707,630.87,0,497.2,651.59,1,1,1,1
226,705,350.59,7.35,293.63,347.61,1,1,1,0
227,707,631.39,0,499.44,661.12,1,1,1,1
227,705,358.21,16.07,292.01,348.11,1,1,1,0
228,707,632.02,0,500.5,664.35,1,1,1,1
228,705,361.6,19.31,290.24,348.21,1,1,1,0
229,707,635.99,10.71,498.38,661.13,1,1,1,1
229,705,372.32,31.4,285.94,345.11,1,1,1,0
230,707,628.56,12.76,504.48,670.16,1,1,1,1
230,705,381.32,42.82,284.76,346.03,1,1,1,0
231,707,618.81,11.54,516.83,688.87,1,1,1,1
231,705,392.41,57.68,282.18,345.15,1,1,1,0
232,707,613.49,23.61,522.52,699.01,1,1,1,1
232,705,405.91,82.1,273.82,335.91,1,1,1,0
233,707,610.06,26.09,527.61,709.61,1,1,1,1
233,705,411.25,92.01,270.2,332.45,1,1,1,0
234,707,627.79,71.15,518.31,698.37,1,1,1,1
234,705,428.46,120.85,271.32,335.38,1,1,1,0
235,707,657.76,110.35,516.34,698.12,1,1,1,1
235,705,471.1,159.37,267.58,331.5,1,1,1,0
236,707,687.54,139.15,507.93,687.57,1,1,1,1
236,705,523.61,203.56,260.45,324.42,1,1,1,0
237,707,719.23,161.07,496.49,673.63,1,1,1,1
237,705,569.26,222.55,257.13,321.18,1,1,1,0
238,707,730.92,169.03,491.41,668.09,1,1,1,1
238,705,585.35,228.93,255.56,320.03,1,1,1,0
239,707,740.69,176.54,485.37,661.01,1,1,1,1
239,705,604.89,233.87,248.18,312.03,1,1,1,0
240,707,737.44,181.07,482.66,660.17,1,1,1,1
240,705,620.24,241.14,232.57,294.02,1,1,1,0
241,707,765.89,237.93,462.61,629.1,1,1,1,1
241,705,645.53,249.62,224.38,284.56,1,1,1,0
241,717,0,0,182.59,429.65,1,1,1,0
242,707,820.24,284.4,452.81,612.66,1,1,1,1
242,717,0,0,232.04,479.76,1,1,1,0
243,707,838.73,300.62,451.09,607.69,1,1,1,1
243,717,0,0,248.46,494.13,1,1,1,0
244,707,885.56,314.13,460.81,621.66,1,1,1,1
244,717,0,17.1,319.84,501.22,1,1,1,0
245,707,957.92,352.24,441.75,593.62,1,1,1,1
245,717,64.73,72.81,348.41,454.14,1,1,1,0
246,707,989.82,308.61,477.89,642.63,1,1,1,1
246,717,178.08,98.12,328.61,427.07,1,1,1,0
247,707,1026.99,277.68,485.58,654.78,1,1,1,1
247,717,257.13,78.34,320.81,415.4,1,1,1,0
248,707,1040.81,266.24,487.74,658.96,1,1,1,1
248,717,281.08,71.46,318.66,410.98,1,1,1,0
249,707,1078.78,268.03,476.34,646.07,1,1,1,1
249,717,339.94,62.29,310.74,398.44,1,1,1,0
250,707,1154.65,285.12,454.34,613.97,1,1,1,1
250,717,406.27,53.22,324.23,415.32,1,1,1,0
251,707,1232.34,281.83,450.34,608.02,1,1,1,1
251,717,496.68,55.41,324.41,414.27,1,1,1,0
252,707,1283.45,246.22,470.21,638.57,1,1,1,1
252,717,597.44,58.91,303.88,385.44,1,1,1,0
252,739,0,118.31,210.29,331.83,1,1,1,0
253,707,1302.31,233.34,475.78,649.57,1,1,1,1
253,717,630.49,60.01,297.39,374.8,1,1,1,0
253,739,0,118.75,222.29,331.9,1,1,1,0
254,707,1328.58,221.4,479.32,655.98,1,1,1,1
254,717,671.79,61.0,300.49,374.73,1,1,1,0
254,739,7.35,125.12,264.9,339.56,1,1,1,0
255,707,1348.07,198.68,485.8,669.43,1,1,1,1
255,717,707.99,59.43,305.99,378.81,1,1,1,0
255,739,60.36,127.32,243.6,311.77,1,1,1,0
256,707,1369.54,189.93,487.67,674.66,1,1,1,1
256,717,738.85,52.9,321.1,396.07,1,1,1,0
256,739,98.28,119.32,247.7,316.77,1,1,1,0
257,707,1378.91,202.69,483.47,669.24,1,1,1,1
257,717,755.65,54.22,342.27,423.33,1,1,1,0
257,739,118.09,114.77,261.11,333.95,1,1,1,0
258,707,1381.35,206.38,482.95,669.19,1,1,1,1
258,717,759.39,55.28,352.18,437.0,1,1,1,0
258,739,124.01,113.2,265.82,340.0,1,1,1,0
259,707,1359.93,233.05,499.88,699.42,1,1,1,1
259,717,739.18,84.83,392.92,495.9,1,1,1,0
259,739,127.95,156.14,260.54,332.74,1,1,1,0
260,707,1345.65,267.23,528.56,749.65,1,1,1,1
260,717,747.41,125.16,392.38,501.29,1,1,1,0
260,739,139.52,208.66,251.49,319.44,1,1,1,0
261,707,1339.5,313.37,533.74,764.25,1,1,1,1
261,717,766.93,165.68,368.95,472.62,1,1,1,0
261,739,154.59,253.27,247.45,312.87,1,1,1,0
262,707,1346.38,340.8,493.47,707.33,1,1,1,1
262,717,788.37,187.72,349.12,448.02,1,1,1,0
262,739,192.39,282.82,233.36,294.06,1,1,1,0
263,707,1348.18,350.79,476.6,683.81,1,1,1,1
263,717,795.11,195.53,341.25,438.63,1,1,1,0
263,739,204.88,292.67,228.72,287.28,1,1,1,0
264,707,1337.26,358.54,462.0,663.05,1,1,1,1
264,717,803.57,201.15,331.52,426.4,1,1,1,0
264,739,224.85,300.72,238.73,300.44,1,1,1,0
265,707,1323.28,372.51,441.5,632.1,1,1,1,1
265,717,814.47,213.28,316.27,406.67,1,1,1,0
265,739,267.79,314.37,220.65,276.66,1,1,1,0
266,707,1312.57,388.05,422.72,604.95,1,1,1,1
266,717,825.06,225.76,303.79,390.26,1,1,1,0
266,739,313.57,329.83,199.38,247.95,1,1,1,0
267,707,1296.16,400.62,400.99,573.12,1,1,1,1
267,717,842.35,249.22,280.89,359.51,1,1,1,0
267,739,372.17,352.05,171.43,209.88,1,1,1,0
268,707,1291.38,405.87,392.19,560.32,1,1,1,1
268,717,845.63,256.31,275.89,352.31,1,1,1,0
268,739,388.97,358.15,165.0,199.33,1,1,1,0
269,707,1272.2,408.56,381.38,545.48,1,1,1,1
269,717,854.61,270.16,263.95,336.85,1,1,1,0
269,739,422.48,373.07,159.16,190.34,1,1,1,0
270,707,1258.1,422.87,354.12,505.39,1,1,1,1
270,717,863.33,287.36,247.71,315.96,1,1,1,0
270,739,462.61,390.67,151.18,179.74,1,1,1,0
271,707,1234.12,439.92,330.34,469.39,1,1,1,1
271,717,875.67,313.99,224.31,284.47,1,1,1,0
271,739,511.94,413.94,135.87,160.83,1,1,1,0
272,707,1211.4,479.7,290.22,410.16,1,1,1,1
272,717,883.29,342.32,200.86,253.44,1,1,1,0
272,739,555.95,436.17,124.66,147.31,1,1,1,0
273,707,1204.85,492.66,278.12,391.0,1,1,1,1
273,717,884.55,350.85,194.24,243.95,1,1,1,0
273,739,568.01,442.12,121.79,143.68,1,1,1,0
274,707,1191.96,494.16,263.8,369.31,1,1,1,1
274,717,890.69,367.67,175.88,218.65,1,1,1,0
274,739,600.53,456.86,114.9,136.0,1,1,1,0
275,707,1189.27,493.92,253.48,353.74,1,1,1,1
275,717,900.84,381.99,163.93,201.42,1,1,1,0
275,739,632.02,463.99,113.73,135.34,1,1,1,0
275,740,30.53,22.42,348.0,465.93,1,1,1,0
276,707,1199.24,480.01,254.18,352.99,1,1,1,1
276,717,920.7,379.16,160.72,196.77,1,1,1,0
276,739,652.01,459.96,124.48,148.96,1,1,1,0
276,740,55.9,30.67,342.27,457.07,1,1,1,0
277,707,1215.33,459.95,249.53,345.01,1,1,1,1
277,717,927.72,363.85,163.9,200.53,1,1,1,0
277,739,664.24,449.8,123.46,148.34,1,1,1,0
277,740,64.91,20.71,341.98,454.93,1,1,1,0
278,707,1221.26,453.01,249.22,343.07,1,1,1,1
278,717,929.51,358.25,165.64,202.57,1,1,1,0
278,739,667.24,445.19,123.08,148.42,1,1,1,0
278,740,66.31,17.62,343.27,454.41,1,1,1,0
279,707,1227.09,428.75,248.31,340.3,1,1,1,1
279,717,928.08,337.37,167.29,204.15,1,1,1,0
279,739,667.75,425.54,126.19,152.68,1,1,1,0
279,740,59.78,2.76,347.14,456.93,1,1,1,0
280,707,1218.51,413.9,251.56,343.61,1,1,1,1
280,717,917.2,318.22,170.03,207.13,1,1,1,0
280,739,660.56,409.65,130.5,159.93,1,1,1,0
280,740,44.11,0,354.89,453.61,1,1,1,0
281,707,1203.3,410.13,252.4,343.37,1,1,1,1
281,717,898.08,312.69,169.36,206.03,1,1,1,0
281,739,646.37,402.67,128.1,158.76,1,1,1,0
281,740,15.13,0,357.1,446.76,1,1,1,0
282,707,1188.55,421.94,242.55,327.04,1,1,1,1
282,717,872.53,312.13,169.21,205.08,1,1,1,0
282,739,625.47,401.91,128.48,160.8,1,1,1,0
282,740,0,0,346.93,453.63,1,1,1,0
283,707,1182.53,426.14,240.64,321.93,1,1,1,1
283,717,862.63,311.8,170.25,205.76,1,1,1,0
283,739,617.44,401.22,127.92,161.61,1,1,1,0
283,740,0,0,338.49,456.34,1,1,1,0
284,707,1161.14,407.59,257.26,343.85,1,1,1,1
284,717,847.3,315.17,167.6,201.33,1,1,1,0
284,739,601.08,399.96,129.97,165.54,1,1,1,0
284,740,0,0,310.3,430.62,1,1,1,0
285,707,1143.84,404.63,261.39,348.48,1,1,1,1
285,717,826.92,321.37,170.29,204.36,1,1,1,0
285,739,584.41,401.46,131.46,168.22,1,1,1,0
285,740,0,0,290.83,413.61,1,1,1,0
286,707,1125.58,395.5,270.58,360.68,1,1,1,1
286,717,807.28,327.05,172.0,205.57,1,1,1,0
286,739,568.43,403.41,133.53,171.63,1,1,1,0
286,740,0,0,268.68,377.0,1,1,1,0
287,707,1112.03,391.19,272.18,361.62,1,1,1,1
287,717,787.73,328.57,173.54,207.36,1,1,1,0
287,739,553.09,403.17,134.72,173.73,1,1,1,0
287,740,0,0,252.37,352.43,1,1,1,0
288,707,1106.45,388.93,274.36,363.68,1,1,1,1
288,717,780.68,329.11,174.23,208.12,1,1,1,0
288,739,547.27,403.07,134.95,174.52,1,1,1,0
288,740,0,0,248.01,344.23,1,1,1,0
289,707,1089.82,390.6,276.34,365.72,1,1,1,1
289,717,763.59,330.69,171.32,204.11,1,1,1,0
289,739,531.77,403.61,133.95,174.03,1,1,1,0
289,740,0,0,232.32,332.73,1,1,1,0
290,707,1075.68,391.58,268.48,352.46,1,1,1,1
290,717,738.8,331.06,173.89,206.71,1,1,1,0
290,739,512.31,403.42,135.38,176.2,1,1,1,0
290,740,0,0,212.35,321.72,1,1,1,0
291,707,1063.52,383.65,261.45,338.99,1,1,1,1
291,717,714.36,330.37,179.01,213.31,1,1,1,0
291,739,496.38,404.32,135.89,177.01,1,1,1,0
291,740,0,0,193.73,318.29,1,1,1,0
292,707,1050.54,373.95,263.36,338.6,1,1,1,1
292,717,695.51,332.66,179.7,214.25,1,1,1,0
292,739,482.68,405.84,137.4,178.88,1,1,1,0
292,740,0,0,178.56,319.78,1,1,1,0
293,707,1045.47,370.34,265.46,338.77,1,1,1,1
293,717,688.82,333.32,179.95,214.64,1,1,1,0
293,739,477.64,406.41,137.99,179.57,1,1,1,0
293,740,0,0,173.74,320.7,1,1,1,0
294,707,1033.8,359.33,273.42,347.18,1,1,1,1
294,717,675.76,333.94,180.65,215.21,1,1,1,0
294,739,468.56,408.99,137.17,178.63,1,1,1,0
294,740,0,0,160.29,311.12,1,1,1,0
295,707,1018.32,356.76,276.66,350.18,1,1,1,1
295,717,654.79,336.13,182.13,217.42,1,1,1,0
295,739,456.0,411.74,136.06,177.05,1,1,1,0
295,740,0,0,142.34,293.06,1,1,1,0
296,707,995.94,355.98,286.64,363.31,1,1,1,1
296,717,631.06,336.93,181.93,216.69,1,1,1,0
296,739,439.09,414.75,136.15,177.23,1,1,1,0
296,740,0,0,114.54,256.71,1,1,1,0
297,707,978.97,358.56,283.77,359.22,1,1,1,1
297,717,608.69,337.8,180.2,213.63,1,1,1,0
297,739,420.9,416.24,136.89,178.09,1,1,1,0
297,740,0,0,86.92,265.17,1,1,1,0
298,707,973.61,359.77,281.67,356.02,1,1,1,1
298,717,600.62,337.89,179.98,212.48,1,1,1,0
298,739,414.3,416.77,137.22,178.4,1,1,1,0
298,740,0,0,78.24,266.84,1,1,1,0
298,741,1693.53,489.98,137.41,160.92,1,1,1,0
299,707,963.83,352.98,277.8,349.83,1,1,1,1
299,717,586.43,334.7,180.2,212.07,1,1,1,0
299,739,402.34,414.94,137.49,177.71,1,1,1,0
299,740,0,0,56.23,261.69,1,1,1,0
299,741,1672.21,491.6,137.31,160.68,1,1,1,0
300,707,952.94,346.75,276.06,345.71,1,1,1,1
300,717,570.76,331.08,182.31,214.33,1,1,1,0
300,739,390.07,415.0,138.64,178.23,1,1,1,0
300,741,1645.0,494.49,138.02,161.54,1,1,1,0
301,707,941.35,345.76,276.14,344.22,1,1,1,1
301,717,552.58,325.74,189.64,223.53,1,1,1,0
301,739,377.59,414.0,139.93,179.22,1,1,1,0
301,741,1617.78,496.03,137.22,160.69,1,1,1,0
302,707,930.71,348.73,272.03,337.3,1,1,1,1
302,717,533.38,315.92,196.32,232.86,1,1,1,0
302,739,364.56,412.21,140.27,178.79,1,1,1,0
302,741,1594.42,494.47,136.12,159.3,1,1,1,0
302,742,1798.47,414.88,149.79,196.59,1,1,1,0
303,707,926.83,350.0,271.27,334.77,1,1,1,1
303,717,526.78,312.15,198.21,236.43,1,1,1,0
303,739,359.96,411.91,140.49,178.21,1,1,1,0
303,741,1587.43,493.87,135.81,158.84,1,1,1,0
303,742,1796.87,413.78,150.79,197.88,1,1,1,0
304,707,921.66,343.32,271.28,333.9,1,1,1,1
304,717,518.75,307.61,197.74,236.97,1,1,1,0
304,739,355.21,409.0,139.4,175.99,1,1,1,0
304,741,1571.95,489.01,130.1,151.98,1,1,1,0
304,742,1790.86,401.78,156.47,205.3,1,1,1,0
305,707,919.91,341.73,269.32,330.04,1,1,1,1
305,717,511.85,296.49,198.17,238.68,1,1,1,0
305,739,349.68,401.09,139.22,174.75,1,1,1,0
305,741,1557.93,478.58,126.85,147.64,1,1,1,0
305,742,1789.99,389.15,154.47,202.34,1,1,1,0
306,707,916.15,325.56,271.63,332.71,1,1,1,1
306,717,507.72,279.82,197.52,238.78,1,1,1,0
306,739,345.85,388.34,138.94,173.09,1,1,1,0
306,741,1546.44,460.73,125.42,145.35,1,1,1,0
306,742,1792.9,368.15,151.04,196.76,1,1,1,0
307,707,910.13,320.67,267.17,325.97,1,1,1,1
307,717,500.51,258.07,197.04,239.25,1,1,1,0
307,739,340.53,372.59,136.89,168.47,1,1,1,0
307,741,1530.13,433.17,129.31,150.01,1,1,1,0
307,742,1789.33,338.17,150.6,195.19,1,1,1,0
308,707,907.89,319.02,266.19,323.49,1,1,1,1
308,717,498.45,249.95,196.35,239.37,1,1,1,0
308,739,338.46,366.78,136.97,166.75,1,1,1,0
308,741,1524.79,423.5,130.65,151.72,1,1,1,0
308,742,1787.72,328.28,151.29,195.09,1,1,1,0
309,707,896.76,306.0,269.36,325.97,1,1,1,1
309,717,489.39,230.07,198.23,242.53,1,1,1,0
309,739,326.72,352.3,142.23,172.2,1,1,1,0
309,741,1510.13,401.5,130.5,151.6,1,1,1,0
309,742,1778.68,302.72,160.32,205.72,1,1,1,0
310,707,881.77,271.94,278.42,337.15,1,1,1,1
310,717,479.33,210.74,198.31,243.28,1,1,1,0
310,739,315.3,335.41,144.45,173.82,1,1,1,0
310,741,1493.2,377.1,127.2,147.56,1,1,1,0
310,742,1769.88,271.55,166.74,212.85,1,1,1,0
311,707,876.52,257.33,280.77,340.47,1,1,1,1
311,717,473.57,195.14,197.21,242.33,1,1,1,0
311,739,305.12,323.21,149.22,178.81,1,1,1,0
311,741,1480.45,355.64,125.58,145.66,1,1,1,0
311,742,1767.68,244.79,162.28,204.8,1,1,1,0
312,707,871.8,255.42,281.41,341.36,1,1,1,1
312,717,471.35,188.75,197.44,243.1,1,1,1,0
312,739,303.11,321.76,150.17,179.12,1,1,1,0
312,741,1469.26,341.37,126.25,146.63,1,1,1,0
312,742,1764.31,224.32,167.49,210.44,1,1,1,0
313,707,870.68,255.44,281.72,341.69,1,1,1,1
313,717,471.11,186.88,197.0,242.95,1,1,1,0
313,739,302.27,321.32,150.94,179.22,1,1,1,0
313,741,1465.68,336.57,126.43,147.02,1,1,1,0
313,742,1763.06,217.51,169.55,212.07,1,1,1,0
314,707,868.88,265.39,279.59,338.93,1,1,1,1
314,717,469.36,189.89,198.07,244.84,1,1,1,0
314,739,300.8,326.75,150.9,178.44,1,1,1,0
314,741,1458.02,332.28,125.84,146.4,1,1,1,0
314,742,1761.74,211.13,172.23,214.22,1,1,1,0
315,707,864.29,266.16,283.15,343.95,1,1,1,1
315,717,467.34,193.1,197.19,243.93,1,1,1,0
315,739,297.41,331.43,151.07,178.13,1,1,1,0
315,741,1445.02,327.36,126.08,147.4,1,1,1,0
315,742,1758.41,203.82,175.9,217.75,1,1,1,0
316,707,850.04,254.45,294.89,359.58,1,1,1,1
316,717,462.23,191.84,197.99,245.13,1,1,1,0
316,739,292.16,331.37,149.66,176.01,1,1,1,0
316,741,1430.26,318.73,124.52,145.4,1,1,1,0
316,742,1753.75,195.19,177.92,218.75,1,1,1,0
317,707,839.87,247.81,296.72,362.32,1,1,1,1
317,717,457.7,186.02,198.2,245.55,1,1,1,0
317,739,282.82,326.11,151.02,177.2,1,1,1,0
317,741,1416.52,306.2,122.11,142.36,1,1,1,0
317,742,1747.86,182.11,180.7,220.74,1,1,1,0
318,707,836.56,246.35,296.65,362.62,1,1,1,1
318,717,456.29,184.03,198.19,245.68,1,1,1,0
318,739,279.42,324.06,151.72,177.64,1,1,1,0
318,741,1411.88,301.97,121.33,141.25,1,1,1,0
318,742,1745.41,177.66,182.34,221.43,1,1,1,0
319,707,831.92,243.84,297.55,364.62,1,1,1,1
319,717,453.2,178.92,198.58,246.48,1,1,1,0
319,739,273.86,319.25,153.83,180.18,1,1,1,0
319,741,1400.99,292.24,122.66,143.19,1,1,1,0
319,742,1743.2,170.29,182.53,219.95,1,1,1,0
320,707,829.2,244.15,297.88,366.59,1,1,1,1
320,717,451.3,179.76,198.86,246.96,1,1,1,0
320,739,271.17,321.9,149.76,175.6,1,1,1,0
320,741,1389.12,285.66,123.65,144.84,1,1,1,0
320,742,1738.87,164.74,185.0,221.4,1,1,1,0
321,707,824.63,253.53,296.01,365.3,1,1,1,1
321,717,448.88,189.3,198.79,246.81,1,1,1,0
321,739,269.3,331.72,147.22,173.41,1,1,1,0
321,741,1376.33,281.46,124.03,145.78,1,1,1,0
321,742,1734.07,158.72,187.66,223.09,1,1,1,0
321,743,0,345.46,75.04,178.63,1,1,1,0
322,707,809.35,252.43,302.21,372.75,1,1,1,1
322,717,443.93,197.66,199.67,248.12,1,1,1,0
322,739,258.79,340.49,147.95,174.61,1,1,1,0
322,741,1361.32,277.64,123.15,145.35,1,1,1,0
322,742,1725.93,151.87,188.82,223.34,1,1,1,0
322,743,0,355.09,74.49,184.01,1,1,1,0
323,707,803.98,252.4,304.12,374.82,1,1,1,1
323,717,442.29,200.92,199.89,248.59,1,1,1,0
323,739,255.13,343.78,148.07,175.06,1,1,1,0
323,741,1356.25,276.55,122.56,145.2,1,1,1,0
323,742,1722.64,149.75,189.84,223.53,1,1,1,0
323,743,0,358.36,74.25,185.83,1,1,1,0
324,707,799.8,254.96,296.94,364.18,1,1,1,1
324,717,437.19,199.54,200.95,250.23,1,1,1,0
324,739,245.66,344.04,146.03,172.05,1,1,1,0
324,741,1343.58,271.47,120.88,143.16,1,1,1,0
324,742,1716.52,142.91,192.25,224.85,1,1,1,0
324,743,0,358.23,71.01,188.49,1,1,1,0
325,707,797.23,250.07,286.3,349.56,1,1,1,1
325,717,429.6,193.52,203.49,253.99,1,1,1,0
325,739,239.03,339.92,141.79,166.9,1,1,1,0
325,741,1328.95,260.35,120.06,142.1,1,1,1,0
325,742,1707.72,130.67,193.68,224.81,1,1,1,0
325,743,0,353.25,66.67,186.26,1,1,1,0
326,707,776.06,219.7,298.23,363.57,1,1,1,1
326,717,423.07,182.4,204.14,255.19,1,1,1,0
326,739,227.67,331.09,140.9,165.4,1,1,1,0
326,741,1312.93,247.16,120.97,143.62,1,1,1,0
326,742,1698.33,117.26,193.86,223.56,1,1,1,0
326,743,0,344.98,60.28,186.61,1,1,1,0
327,707,772.79,216.99,294.0,359.85,1,1,1,1
327,717,421.25,176.24,202.23,252.64,1,1,1,0
327,739,217.09,320.02,145.2,170.93,1,1,1,0
327,741,1302.58,240.52,119.73,142.61,1,1,1,0
327,742,1692.26,110.22,194.46,222.6,1,1,1,0
327,743,0,334.55,59.5,191.26,1,1,1,0
328,707,772.22,216.21,291.72,358.36,1,1,1,1
328,717,420.74,174.01,201.53,251.62,1,1,1,0
328,739,213.48,315.99,146.57,172.97,1,1,1,0
328,741,1299.28,238.35,119.07,142.24,1,1,1,0
328,742,1689.82,107.86,195.33,222.11,1,1,1,0
328,743,0,330.82,59.15,192.89,1,1,1,0
328,744,1536.83,398.67,38.57,46.41,1,1,1,0
328,745,1615.18,356.79,50.62,60.87,1,1,1,0
329,707,771.23,210.83,292.95,362.07,1,1,1,1
329,717,422.93,171.1,202.62,253.0,1,1,1,0
329,739,208.57,312.57,148.0,174.56,1,1,1,0
329,741,1294.03,241.04,118.19,142.11,1,1,1,0
329,742,1689.64,113.11,196.1,221.9,1,1,1,0
329,743,0,325.09,64.17,199.49,1,1,1,0
329,744,1539.04,401.92,37.87,45.48,1,1,1,0
329,745,1616.32,359.57,50.2,60.41,1,1,1,0
330,707,768.28,205.99,294.25,365.24,1,1,1,1
330,717,424.99,172.78,203.21,253.8,1,1,1,0
330,739,205.75,314.15,147.28,173.97,1,1,1,0
330,741,1287.59,246.61,116.48,140.38,1,1,1,0
330,742,1689.78,119.71,196.28,220.71,1,1,1,0
330,743,0,326.62,69.81,200.3,1,1,1,0
330,744,1539.55,404.67,38.08,45.64,1,1,1,0
330,745,1616.72,362.62,50.02,60.25,1,1,1,0
331,707,761.4,198.79,294.78,366.82,1,1,1,1
331,717,426.27,173.64,203.1,253.58,1,1,1,0
331,739,200.37,315.46,147.3,174.54,1,1,1,0
331,741,1277.36,250.28,116.29,140.25,1,1,1,0
331,742,1686.85,124.39,197.82,221.35,1,1,1,0
331,743,0,328.56,72.86,200.11,1,1,1,0
331,744,1537.8,404.73,38.25,45.71,1,1,1,0
331,745,1616.11,362.58,49.56,59.76,1,1,1,0
332,707,754.27,186.61,298.1,372.83,1,1,1,1
332,717,422.22,172.27,204.18,254.86,1,1,1,0
332,739,187.46,314.64,148.83,175.94,1,1,1,0
332,741,1263.4,249.62,116.48,140.61,1,1,1,0
332,742,1679.21,123.07,197.39,219.89,1,1,1,0
332,743,0,330.4,71.24,198.34,1,1,1,0
332,744,1531.38,398.32,39.42,47.06,1,1,1,0
332,745,1610.33,356.53,48.25,58.3,1,1,1,0
333,707,752.75,182.87,298.18,374.58,1,1,1,1
333,717,421.48,172.02,203.58,253.94,1,1,1,0
333,739,183.39,314.4,149.23,176.07,1,1,1,0
333,741,1258.58,249.52,116.5,140.77,1,1,1,0
333,742,1676.27,122.66,197.59,219.22,1,1,1,0
333,743,0,330.78,70.71,198.8,1,1,1,0
333,744,1529.02,395.88,40.19,47.94,1,1,1,0
333,745,1608.41,354.42,47.74,57.82,1,1,1,0
334,707,750.65,177.22,294.56,370.94,1,1,1,1
334,717,418.08,163.06,207.02,258.74,1,1,1,0
334,739,176.53,309.21,149.81,176.5,1,1,1,0
334,741,1249.22,248.02,116.46,140.84,1,1,1,0
334,742,1672.2,120.88,197.48,218.17,1,1,1,0
334,743,0,328.19,70.87,198.91,1,1,1,0
334,744,1526.54,392.76,38.91,46.19,1,1,1,0
334,745,1604.63,350.97,47.19,57.26,1,1,1,0
335,707,748.1,175.59,293.92,371.18,1,1,1,1
335,717,416.25,156.06,206.97,258.69,1,1,1,0
335,739,167.95,304.53,151.94,178.64,1,1,1,0
335,741,1240.0,245.98,114.25,138.48,1,1,1,0
335,742,1666.81,117.81,197.45,217.53,1,1,1,0
335,743,0,324.88,71.82,202.89,1,1,1,0
335,744,1524.24,388.53,38.05,45.09,1,1,1,0
335,745,1601.02,345.82,48.37,58.75,1,1,1,0
336,707,743.95,174.58,298.04,378.19,1,1,1,1
336,717,416.57,153.78,206.1,257.15,1,1,1,0
336,739,165.39,305.21,151.62,177.85,1,1,1,0
336,741,1231.69,247.86,112.71,137.1,1,1,1,0
336,742,1664.51,117.1,198.28,217.99,1,1,1,0
336,743,0,328.02,73.5,197.63,1,1,1,0
336,744,1524.06,387.28,38.26,45.11,1,1,1,0
336,745,1601.17,344.85,47.69,58.08,1,1,1,0
337,707,745.45,178.01,296.12,377.34,1,1,1,1
337,717,419.57,152.94,205.97,256.63,1,1,1,0
337,739,167.72,310.33,149.8,175.55,1,1,1,0
337,741,1225.32,252.17,112.63,137.51,1,1,1,0
337,742,1666.26,118.96,198.43,217.37,1,1,1,0
337,743,0,331.94,79.27,192.3,1,1,1,0
337,744,1527.27,389.35,38.47,45.13,1,1,1,0
337,745,1604.65,346.64,47.36,57.84,1,1,1,0
338,707,746.27,179.23,295.28,377.84,1,1,1,1
338,717,420.7,152.73,206.05,256.41,1,1,1,0
338,739,168.82,312.35,149.18,174.66,1,1,1,0
338,741,1223.4,253.86,112.39,137.68,1,1,1,0
338,742,1666.69,119.73,199.21,217.59,1,1,1,0
338,743,0,333.45,81.9,190.68,1,1,1,0
338,744,1528.46,390.18,38.67,45.14,1,1,1,0
338,745,1606.18,347.57,46.88,57.36,1,1,1,0
338,746,1004.21,254.6,111.81,137.5,1,1,1,0
339,707,746.38,175.46,306.76,395.05,1,1,1,1
339,717,427.7,152.01,204.98,254.87,1,1,1,0
339,739,177.06,317.14,147.42,173.13,1,1,1,0
339,741,1222.18,257.54,111.23,136.57,1,1,1,0
339,742,1672.37,122.32,198.26,215.69,1,1,1,0
339,743,0,336.64,93.32,189.28,1,1,1,0
339,744,1532.92,391.74,38.86,45.15,1,1,1,0
339,745,1610.93,349.18,46.57,56.78,1,1,1,0
339,746,1004.28,253.93,118.16,145.34,1,1,1,0
340,707,753.02,180.46,302.69,391.6,1,1,1,1
340,717,432.15,147.3,203.66,253.03,1,1,1,0
340,739,179.06,317.58,146.94,172.95,1,1,1,0
340,741,1216.73,258.88,110.27,135.26,1,1,1,0
340,742,1675.08,123.09,196.98,213.28,1,1,1,0
340,743,0,341.25,102.64,180.33,1,1,1,0
340,744,1535.21,390.14,39.34,45.56,1,1,1,0
340,745,1613.33,348.0,46.84,56.99,1,1,1,0
340,746,1011.65,252.56,116.56,143.43,1,1,1,0
341,707,757.31,185.07,297.18,385.25,1,1,1,1
341,717,430.35,141.33,205.12,255.02,1,1,1,0
341,739,175.19,318.74,147.04,172.9,1,1,1,0
341,741,1206.49,257.0,109.69,134.8,1,1,1,0
341,742,1670.36,116.18,196.89,212.24,1,1,1,0
341,743,0,347.07,109.65,176.56,1,1,1,0
341,744,1533.77,384.37,39.29,45.31,1,1,1,0
341,745,1610.68,341.55,47.59,57.88,1,1,1,0
341,746,1016.45,247.51,114.75,141.46,1,1,1,0
342,707,761.01,185.14,293.49,380.54,1,1,1,1
342,717,428.41,134.21,205.03,254.78,1,1,1,0
342,739,172.12,318.19,146.53,172.08,1,1,1,0
342,741,1196.55,252.32,109.08,134.44,1,1,1,0
342,742,1663.68,104.1,197.17,212.82,1,1,1,0
342,743,0,349.15,116.74,181.34,1,1,1,0
342,744,1532.36,377.4,39.37,45.22,1,1,1,0
342,745,1609.03,334.39,47.6,57.82,1,1,1,0
342,746,1018.95,240.1,113.67,140.18,1,1,1,0
343,707,761.89,184.23,292.43,379.33,1,1,1,1
343,717,427.65,131.63,205.04,254.68,1,1,1,0
343,739,170.88,317.98,146.43,171.79,1,1,1,0
343,741,1193.21,250.59,108.69,134.33,1,1,1,0
343,742,1661.31,99.67,197.16,213.06,1,1,1,0
343,743,0,349.68,119.79,183.11,1,1,1,0
343,744,1531.79,374.85,39.48,45.19,1,1,1,0
343,745,1608.39,331.94,47.63,57.81,1,1,1,0
343,746,1019.66,237.68,113.25,139.73,1,1,1,0
344,707,757.29,177.77,298.0,386.62,1,1,1,1
344,717,424.12,129.94,203.99,253.29,1,1,1,0
344,739,168.83,320.3,142.88,167.69,1,1,1,0
344,741,1182.63,248.18,108.64,134.31,1,1,1,0
344,742,1653.96,93.54,197.47,214.56,1,1,1,0
344,743,0,355.6,121.44,180.62,1,1,1,0
344,744,1528.48,372.57,39.3,44.78,1,1,1,0
344,745,1604.83,328.71,46.33,56.21,1,1,1,0
344,746,1016.49,234.58,114.62,141.77,1,1,1,0
345,707,752.78,175.69,302.53,393.97,1,1,1,1
345,717,420.35,125.75,205.1,254.86,1,1,1,0
345,739,166.89,320.58,140.71,165.35,1,1,1,0
345,741,1173.29,245.43,108.37,134.22,1,1,1,0
345,742,1651.12,86.29,194.74,211.66,1,1,1,0
345,743,0,357.79,124.2,176.48,1,1,1,0
345,744,1527.05,369.19,39.64,45.03,1,1,1,0
345,745,1602.54,325.37,46.13,56.01,1,1,1,0
345,746,1014.04,229.49,116.74,144.55,1,1,1,0
346,707,754.17,178.72,301.28,393.18,1,1,1,1
346,717,417.69,118.71,206.86,257.43,1,1,1,0
346,739,165.34,316.85,140.37,165.32,1,1,1,0
346,741,1164.72,242.15,107.84,133.7,1,1,1,0
346,742,1649.3,81.49,195.43,213.37,1,1,1,0
346,743,0,354.29,128.36,176.18,1,1,1,0
346,744,1526.64,367.41,39.53,44.73,1,1,1,0
346,745,1602.68,323.41,45.76,55.55,1,1,1,0
346,746,1016.23,223.99,116.87,145.26,1,1,1,0
347,707,760.87,168.77,302.83,395.27,1,1,1,1
347,717,419.95,109.19,207.02,257.66,1,1,1,0
347,739,165.13,306.04,140.33,165.74,1,1,1,0
347,741,1159.41,240.07,107.66,133.63,1,1,1,0
347,742,1654.2,81.93,194.28,211.93,1,1,1,0
347,743,0,339.89,134.6,179.32,1,1,1,0
347,744,1527.92,369.23,39.88,45.01,1,1,1,0
347,745,1603.65,325.79,47.07,57.39,1,1,1,0
347,746,1020.17,219.56,117.82,146.8,1,1,1,0
348,707,762.77,164.27,305.54,399.17,1,1,1,1
348,717,420.9,105.81,206.98,257.63,1,1,1,0
348,739,165.24,302.02,140.13,165.92,1,1,1,0
348,741,1157.75,239.36,107.54,133.61,1,1,1,0
348,742,1656.2,82.27,193.78,211.2,1,1,1,0
348,743,0,334.72,137.39,180.52,1,1,1,0
348,744,1528.39,369.98,40.06,45.12,1,1,1,0
348,745,1604.09,326.73,47.43,58.08,1,1,1,0
348,746,1021.59,217.95,118.2,147.65,1,1,1,0
349,707,766.06,152.57,310.93,406.32,1,1,1,1
349,717,424.62,100.38,205.47,255.37,1,1,1,0
349,739,165.56,292.08,140.48,166.51,1,1,1,0
349,741,1153.59,238.36,107.98,134.22,1,1,1,0
349,742,1659.52,85.78,194.99,212.28,1,1,1,0
349,743,0,321.04,145.11,188.95,1,1,1,0
349,744,1529.47,372.92,39.96,45.17,1,1,1,0
349,745,1605.54,330.72,46.64,57.15,1,1,1,0
349,746,1021.51,215.9,123.4,154.73,1,1,1,0
350,707,772.85,158.05,314.45,410.16,1,1,1,1
350,717,429.07,94.0,206.44,256.59,1,1,1,0
350,739,162.03,281.54,143.29,169.45,1,1,1,0
350,741,1148.18,238.63,107.6,133.86,1,1,1,0
350,742,1664.04,91.09,196.96,214.2,1,1,1,0
350,743,0,307.06,152.34,190.83,1,1,1,0
350,744,1530.07,377.87,39.54,44.79,1,1,1,0
350,745,1607.2,336.72,47.37,58.0,1,1,1,0
350,746,1026.49,215.61,124.65,157.35,1,1,1,0
351,707,778.69,160.0,323.46,422.67,1,1,1,1
351,717,434.45,86.54,204.35,253.72,1,1,1,0
351,739,160.57,267.97,143.74,169.37,1,1,1,0
351,741,1141.65,235.81,107.41,133.73,1,1,1,0
351,742,1668.04,94.76,196.36,213.34,1,1,1,0
351,743,0,289.31,160.9,191.34,1,1,1,0
351,744,1530.32,379.78,39.34,44.64,1,1,1,0
351,745,1607.43,339.96,46.84,57.13,1,1,1,0
351,746,1034.74,215.84,121.83,153.98,1,1,1,0
352,707,786.87,161.39,324.25,424.61,1,1,1,1
352,717,438.03,79.71,205.64,255.22,1,1,1,0
352,739,158.42,255.38,145.68,171.33,1,1,1,0
352,741,1134.83,233.6,108.19,134.89,1,1,1,0
352,742,1670.92,98.36,195.02,212.07,1,1,1,0
352,743,2.77,273.86,166.99,192.99,1,1,1,0
352,744,1529.79,382.5,38.92,44.19,1,1,1,0
352,745,1607.21,343.61,45.66,55.59,1,1,1,0
352,746,1043.14,217.18,113.29,143.5,1,1,1,0
353,707,789.99,161.63,325.23,426.78,1,1,1,1
353,717,439.31,77.33,206.16,255.79,1,1,1,0
353,739,157.59,250.81,146.55,172.07,1,1,1,0
353,741,1132.55,232.82,108.4,135.34,1,1,1,0
353,742,1672.04,99.75,194.43,211.59,1,1,1,0
353,743,4.52,268.18,168.86,193.59,1,1,1,0
353,744,1529.6,383.52,38.76,44.02,1,1,1,0
353,745,1607.11,344.97,45.26,55.02,1,1,1,0
353,746,1046.27,217.85,109.86,139.44,1,1,1,0
354,707,796.71,162.28,322.21,422.27,1,1,1,1
354,717,440.22,74.23,206.61,256.4,1,1,1,0
354,739,157.06,244.32,146.87,172.35,1,1,1,0
354,741,1128.35,231.89,107.7,134.81,1,1,1,0
354,742,1674.96,101.74,192.37,209.18,1,1,1,0
354,743,4.52,258.44,173.28,197.05,1,1,1,0
354,744,1527.93,385.09,38.69,43.97,1,1,1,0
354,745,1605.85,346.85,45.95,55.62,1,1,1,0
354,746,1050.56,221.62,106.98,135.75,1,1,1,0
355,707,800.67,159.43,325.94,427.54,1,1,1,1
355,717,440.79,74.14,206.83,256.52,1,1,1,0
355,739,154.91,239.69,147.63,173.24,1,1,1,0
355,741,1122.46,231.3,107.77,135.31,1,1,1,0
355,742,1676.54,102.05,192.2,208.93,1,1,1,0
355,743,8.45,252.2,174.23,196.36,1,1,1,0
355,744,1526.66,386.47,38.36,43.55,1,1,1,0
355,745,1604.36,348.72,46.66,56.64,1,1,1,0
356,707,801.51,155.44,333.97,438.71,1,1,1,1
356,717,441.3,75.27,206.63,256.17,1,1,1,0
356,739,154.29,236.65,147.64,173.26,1,1,1,0
356,741,1117.06,230.53,105.05,131.72,1,1,1,0
356,742,1678.54,99.47,194.05,210.35,1,1,1,0
356,743,14.27,247.0,177.51,199.12,1,1,1,0
356,744,1526.49,386.36,37.65,42.6,1,1,1,0
356,745,1604.41,348.21,45.74,55.45,1,1,1,0
357,707,806.56,149.95,337.51,443.95,1,1,1,1
357,717,441.41,77.0,207.22,256.88,1,1,1,0
357,739,154.44,235.81,147.18,172.77,1,1,1,0
357,741,1113.47,228.39,101.22,126.84,1,1,1,0
357,742,1681.05,95.07,195.95,212.05,1,1,1,0
357,743,24.97,243.08,178.79,199.74,1,1,1,0
357,744,1526.25,384.48,37.77,42.65,1,1,1,0
357,745,1604.14,346.56,45.98,55.8,1,1,1,0
358,707,808.54,148.09,338.54,445.83,1,1,1,1
358,717,441.42,77.78,207.45,257.14,1,1,1,0
358,739,154.57,235.69,146.97,172.57,1,1,1,0
358,741,1112.4,227.66,99.84,125.04,1,1,1,0
358,742,1681.77,93.28,197.05,212.94,1,1,1,0
358,743,28.65,241.82,179.61,199.94,1,1,1,0
358,744,1526.16,383.78,37.86,42.67,1,1,1,0
358,745,1604.06,345.92,46.06,55.93,1,1,1,0
359,707,810.39,147.27,340.37,448.77,1,1,1,1
359,717,442.32,80.32,206.25,255.49,1,1,1,0
359,739,155.36,236.21,146.49,172.49,1,1,1,0
359,741,1105.11,226.32,105.45,133.2,1,1,1,0
359,742,1684.03,88.95,196.59,211.99,1,1,1,0
359,743,34.2,239.99,184.27,205.91,1,1,1,0
359,744,1526.27,382.3,37.63,42.29,1,1,1,0
359,745,1604.19,344.27,45.79,55.58,1,1,1,0
360,707,819.0,145.06,330.52,435.18,1,1,1,1
360,717,442.4,82.28,206.45,255.76,1,1,1,0
360,739,155.89,236.87,147.33,174.54,1,1,1,0
360,741,1106.09,226.84,98.03,123.83,1,1,1,0
360,742,1685.0,84.46,197.66,212.92,1,1,1,0
360,743,43.55,239.16,181.56,203.14,1,1,1,0
360,744,1525.49,380.34,37.61,42.16,1,1,1,0
360,745,1603.87,342.63,44.85,54.26,1,1,1,0
361,707,824.54,141.0,327.5,430.46,1,1,1,1
361,717,441.83,85.28,206.46,255.86,1,1,1,0
361,739,155.69,237.93,146.71,174.81,1,1,1,0
361,741,1103.01,227.96,93.86,118.83,1,1,1,0
361,742,1685.66,81.32,197.39,212.58,1,1,1,0
361,743,53.22,236.7,180.65,202.78,1,1,1,0
361,744,1524.38,378.41,37.66,42.11,1,1,1,0
361,745,1602.51,340.8,43.78,52.96,1,1,1,0
362,707,834.04,142.36,313.61,409.47,1,1,1,1
362,717,440.55,87.56,206.35,256.0,1,1,1,0
362,739,156.18,239.75,146.01,175.4,1,1,1,0
362,742,1686.3,79.45,196.41,211.3,1,1,1,0
362,743,62.71,234.85,181.13,204.09,1,1,1,0
362,744,1523.27,376.5,37.5,42.1,1,1,1,0
362,745,1600.95,338.91,43.91,52.89,1,1,1,0
363,707,836.72,142.69,308.97,400.74,1,1,1,1
363,717,439.85,88.26,206.49,256.45,1,1,1,0
363,739,156.71,240.54,145.09,175.61,1,1,1,0
363,742,1686.54,78.77,195.94,210.57,1,1,1,0
363,743,66.28,234.11,180.91,204.56,1,1,1,0
363,744,1522.91,375.8,37.37,42.11,1,1,1,0
363,745,1600.34,338.23,44.07,52.88,1,1,1,0
364,707,833.2,124.95,324.12,418.99,1,1,1,1
364,717,438.57,89.74,207.56,258.21,1,1,1,0
364,742,1686.3,77.93,194.74,209.15,1,1,1,0
364,743,83.79,233.79,184.26,205.49,1,1,1,0
364,744,1522.03,374.37,37.25,42.11,1,1,1,0
364,745,1598.19,336.38,44.8,53.69,1,1,1,0
365,707,837.63,118.47,325.19,419.0,1,1,1,1
365,717,437.49,93.1,206.35,256.88,1,1,1,0
365,742,1686.67,77.03,193.28,207.28,1,1,1,0
365,743,94.03,234.41,185.61,205.42,1,1,1,0
365,744,1520.68,373.25,37.68,42.52,1,1,1,0
365,745,1596.74,335.12,44.82,53.6,1,1,1,0
366,707,839.61,106.47,329.52,424.27,1,1,1,1
366,717,436.3,97.47,204.85,255.27,1,1,1,0
366,742,1687.01,77.66,192.27,206.09,1,1,1,0
366,743,99.69,236.36,187.37,206.94,1,1,1,0
366,744,1518.85,372.86,37.35,42.28,1,1,1,0
366,745,1594.6,334.46,44.89,53.57,1,1,1,0
367,707,839.01,91.98,332.02,426.84,1,1,1,1
367,717,434.68,99.76,204.03,254.42,1,1,1,0
367,742,1686.55,78.1,193.03,206.71,1,1,1,0
367,743,106.0,238.59,184.49,203.53,1,1,1,0
367,744,1516.62,372.15,37.17,42.19,1,1,1,0
367,745,1591.66,334.04,44.45,53.17,1,1,1,0
368,707,838.54,86.76,333.16,427.88,1,1,1,1
368,717,434.08,100.7,203.73,254.2,1,1,1,0
368,742,1685.5,78.4,193.42,206.97,1,1,1,0
368,743,108.03,239.56,183.46,202.19,1,1,1,0
368,744,1515.84,371.9,37.04,42.16,1,1,1,0
368,745,1590.62,333.91,44.24,53.02,1,1,1,0
369,707,844.51,85.69,325.83,417.03,1,1,1,1
369,717,434.57,98.68,203.22,253.67,1,1,1,0
369,742,1688.3,79.46,191.94,205.48,1,1,1,0
369,743,116.86,237.69,181.37,200.77,1,1,1,0
369,744,1516.4,371.24,36.95,42.15,1,1,1,0
369,745,1591.09,333.49,44.12,52.98,1,1,1,0
370,707,842.95,79.04,327.19,416.55,1,1,1,1
370,717,431.37,100.04,201.45,251.34,1,1,1,0
370,742,1684.23,81.89,191.98,205.74,1,1,1,0
370,743,122.67,241.16,178.62,198.74,1,1,1,0
370,744,1511.89,371.22,36.87,42.15,1,1,1,0
370,745,1585.6,333.95,44.32,53.36,1,1,1,0
371,707,844.5,76.55,326.46,414.19,1,1,1,1
371,717,428.52,99.08,201.71,251.72,1,1,1,0
371,742,1682.5,87.91,189.2,202.46,1,1,1,0
371,743,129.63,242.42,176.74,196.67,1,1,1,0
371,744,1508.79,372.23,36.51,41.76,1,1,1,0
371,745,1582.02,335.54,44.34,53.51,1,1,1,0
372,707,844.01,74.63,322.55,406.32,1,1,1,1
372,717,425.95,96.71,201.88,251.88,1,1,1,0
372,742,1680.96,93.61,188.31,201.24,1,1,1,0
372,743,140.23,242.84,174.36,194.4,1,1,1,0
372,744,1505.28,372.84,36.36,41.61,1,1,1,0
372,745,1578.5,336.36,44.0,53.18,1,1,1,0
373,707,843.17,74.53,321.36,402.37,1,1,1,1
373,717,425.0,95.8,201.98,251.95,1,1,1,0
373,742,1680.32,95.71,188.13,200.81,1,1,1,0
373,743,143.96,243.03,173.32,193.57,1,1,1,0
373,744,1504.02,373.08,36.3,41.56,1,1,1,0
373,745,1577.26,336.67,43.85,53.05,1,1,1,0
374,707,845.55,78.38,316.23,395.24,1,1,1,1
374,717,422.6,92.42,202.81,253.24,1,1,1,0
374,742,1678.44,99.01,188.2,201.23,1,1,1,0
374,743,153.83,245.73,170.07,190.07,1,1,1,0
374,744,1502.82,373.18,36.27,41.54,1,1,1,0
374,745,1575.56,336.8,43.21,52.21,1,1,1,0
375,707,845.81,88.47,304.15,381.35,1,1,1,1
375,717,420.19,87.02,203.24,254.08,1,1,1,0
375,742,1677.82,102.85,188.09,200.87,1,1,1,0
375,743,162.24,246.97,169.26,189.2,1,1,1,0
375,744,1500.83,373.63,36.25,41.54,1,1,1,0
375,745,1573.24,337.45,43.28,52.3,1,1,1,0
376,707,852.37,118.13,278.48,349.32,1,1,1,1
376,717,418.68,81.62,202.3,252.81,1,1,1,0
376,742,1679.24,107.79,188.0,200.51,1,1,1,0
376,743,170.79,245.63,170.86,191.72,1,1,1,0
376,744,1499.5,375.0,35.94,41.14,1,1,1,0
376,745,1571.78,338.69,43.03,51.94,1,1,1,0
377,707,853.04,130.37,268.25,336.13,1,1,1,1
377,717,418.03,74.63,202.61,253.32,1,1,1,0
377,742,1682.0,113.77,188.35,200.39,1,1,1,0
377,743,181.08,242.95,169.53,190.69,1,1,1,0
377,744,1498.9,376.52,36.15,41.4,1,1,1,0
377,745,1571.41,341.36,42.74,51.81,1,1,1,0
378,707,847.36,110.37,280.72,352.23,1,1,1,1
378,717,417.75,72.11,202.91,253.87,1,1,1,0
378,742,1683.05,116.04,188.49,200.07,1,1,1,0
378,743,184.73,241.74,169.11,190.72,1,1,1,0
378,744,1498.74,377.09,36.22,41.5,1,1,1,0
378,745,1571.28,342.35,42.76,51.77,1,1,1,0
379,707,832.84,85.67,300.56,378.43,1,1,1,1
379,717,415.2,68.3,203.42,254.62,1,1,1,0
379,742,1679.47,123.39,188.51,200.17,1,1,1,0
379,743,189.32,241.1,166.75,188.36,1,1,1,0
379,744,1495.7,380.88,35.95,41.14,1,1,1,0
379,745,1567.27,346.7,41.22,50.16,1,1,1,0
380,707,821.71,72.73,307.67,387.34,1,1,1,1
380,717,415.61,62.87,203.35,254.61,1,1,1,0
380,742,1682.66,123.95,189.03,200.32,1,1,1,0
380,743,199.1,237.38,165.24,186.99,1,1,1,0
380,744,1495.89,380.5,36.46,41.81,1,1,1,0
380,745,1567.37,346.9,42.42,51.58,1,1,1,0
381,707,817.5,80.39,301.59,379.05,1,1,1,1
381,717,415.35,59.31,203.66,255.0,1,1,1,0
381,742,1683.96,129.44,189.05,200.2,1,1,1,0
381,743,207.2,235.61,163.47,184.91,1,1,1,0
381,744,1493.73,382.72,38.03,43.64,1,1,1,0
381,745,1565.73,349.93,41.53,50.51,1,1,1,0
381,739,104.83,211.95,135.78,161.22,1,1,1,0
382,707,813.99,96.88,299.19,374.91,1,1,1,1
382,717,417.24,56.53,203.07,254.3,1,1,1,0
382,742,1686.42,139.13,188.28,198.82,1,1,1,0
382,743,217.17,233.48,160.42,181.45,1,1,1,0
382,744,1492.15,388.04,38.67,44.72,1,1,1,0
382,745,1565.04,355.07,41.46,50.51,1,1,1,0
382,739,98.15,206.89,148.6,177.18,1,1,1,0
383,707,811.96,101.03,300.72,375.88,1,1,1,1
383,717,417.94,55.58,202.75,254.03,1,1,1,0
383,742,1687.2,142.65,188.28,198.31,1,1,1,0
383,743,220.58,232.73,159.33,180.2,1,1,1,0
383,744,1491.52,389.88,39.04,45.53,1,1,1,0
383,745,1564.86,356.94,41.42,50.52,1,1,1,0
383,739,96.24,205.32,152.0,181.81,1,1,1,0
384,707,810.78,107.97,303.12,377.67,1,1,1,1
384,717,420.95,54.23,202.16,253.03,1,1,1,0
384,742,1687.74,152.42,187.75,197.14,1,1,1,0
384,743,224.9,229.08,161.55,183.41,1,1,1,0
384,744,1488.78,395.84,39.58,46.61,1,1,1,0
384,745,1562.06,363.17,42.16,51.33,1,1,1,0
384,739,93.24,199.47,155.24,186.94,1,1,1,0
385,707,797.86,117.05,319.61,398.76,1,1,1,1
385,717,423.57,58.36,202.01,252.9,1,1,1,0
385,742,1686.23,175.14,182.94,191.52,1,1,1,0
385,743,231.52,235.93,157.3,178.65,1,1,1,0
385,744,1489.37,407.27,33.46,39.2,1,1,1,0
385,745,1557.45,378.14,43.33,52.83,1,1,1,0
385,739,89.17,202.3,156.62,188.18,1,1,1,0
386,707,790.49,156.27,317.72,394.52,1,1,1,1
386,717,425.97,77.93,200.14,250.27,1,1,1,0
386,742,1681.82,201.88,183.92,192.45,1,1,1,0
386,743,234.65,250.12,158.24,180.11,1,1,1,0
386,739,88.76,214.16,151.51,179.5,1,1,1,0
387,707,780.54,171.79,328.15,407.52,1,1,1,1
387,717,427.32,98.39,200.93,251.28,1,1,1,0
387,742,1679.93,227.86,186.44,194.83,1,1,1,0
387,743,241.27,270.62,157.66,178.97,1,1,1,0
387,739,85.44,232.1,152.23,178.15,1,1,1,0
388,707,772.82,198.5,333.92,414.79,1,1,1,1
388,717,428.96,120.13,201.33,251.67,1,1,1,0
388,742,1676.44,248.71,191.39,200.42,1,1,1,0
388,743,246.84,289.4,158.01,179.09,1,1,1,0
388,739,80.84,248.97,153.61,178.14,1,1,1,0
388,748,1473.99,480.88,35.03,44.36,1,1,1,0
