1,2094,1583.84,181.26,147.05,167.09,1,1,1,0
1,2095,808.79,116.02,519.51,691.57,1,1,1,1
1,2096,1826.12,190.15,135.0,169.96,1,1,1,0
1,2097,308.87,250.71,130.18,134.4,1,1,1,0
1,2098,653.91,205.06,37.37,41.28,1,1,1,0
1,2099,0,250.56,44.03,191.2,1,1,1,0
2,2094,1565.92,183.09,147.33,167.35,1,1,1,0
2,2095,808.78,118.11,517.96,689.48,1,1,1,1
2,2096,1808.62,189.36,136.52,171.79,1,1,1,0
2,2097,293.64,249.8,128.87,132.96,1,1,1,0
2,2098,651.65,206.5,36.65,40.5,1,1,1,0
2,2099,0,285.73,4.69,153.41,1,1,1,0
3,2094,1545.03,185.86,147.33,167.28,1,1,1,0
3,2095,809.76,121.99,514.34,684.65,1,1,1,1
3,2096,1792.56,190.16,136.7,171.63,1,1,1,0
3,2097,278.35,247.52,127.0,130.83,1,1,1,0
3,2098,649.05,206.51,37.17,41.08,1,1,1,0
4,2094,1523.42,188.43,146.8,166.45,1,1,1,0
4,2095,811.49,125.02,511.76,681.34,1,1,1,1
4,2096,1772.63,191.81,135.81,169.94,1,1,1,0
4,2097,260.27,246.02,122.48,126.13,1,1,1,0
4,2098,647.01,206.6,37.15,41.04,1,1,1,0
5,2094,1502.77,192.17,145.13,164.29,1,1,1,0
5,2095,811.13,127.65,509.68,678.64,1,1,1,1
5,2096,1749.06,194.56,137.07,170.95,1,1,1,0
5,2097,243.6,244.03,126.96,130.88,1,1,1,0
5,2098,645.45,206.95,37.33,41.24,1,1,1,0
6,2094,1480.95,196.36,144.76,163.59,1,1,1,0
6,2095,810.04,129.06,509.65,678.96,1,1,1,1
6,2096,1726.23,197.8,137.73,171.3,1,1,1,0
6,2097,223.89,240.76,128.2,131.9,1,1,1,0
6,2098,643.71,207.39,37.38,41.3,1,1,1,0
7,2094,1460.14,200.76,144.05,162.22,1,1,1,0
7,2095,809.81,130.91,508.99,678.13,1,1,1,1
7,2096,1702.02,201.19,138.24,171.64,1,1,1,0
7,2097,206.13,238.52,126.34,129.44,1,1,1,0
7,2098,642.25,207.21,37.57,41.53,1,1,1,0
8,2094,1438.85,204.8,143.25,160.62,1,1,1,0
8,2095,812.97,133.76,505.23,673.55,1,1,1,1
8,2096,1677.56,204.6,138.44,171.34,1,1,1,0
8,2097,187.74,236.77,128.99,132.11,1,1,1,0
8,2098,640.07,207.45,37.8,41.81,1,1,1,0
9,2094,1416.28,206.72,143.06,159.47,1,1,1,0
9,2095,813.55,134.9,504.23,672.6,1,1,1,1
9,2096,1652.94,207.39,138.78,171.23,1,1,1,0
9,2097,170.47,238.05,127.8,131.24,1,1,1,0
9,2098,638.49,208.04,37.93,42.12,1,1,1,0
10,2094,1392.56,206.87,146.18,162.38,1,1,1,0
10,2095,814.76,137.06,502.31,670.51,1,1,1,1
10,2096,1629.45,208.92,138.54,170.78,1,1,1,0
10,2097,152.4,239.74,131.0,135.09,1,1,1,0
10,2098,637.41,208.04,37.5,41.61,1,1,1,0
11,2094,1370.21,204.8,145.4,160.64,1,1,1,0
11,2095,813.39,136.55,503.21,672.67,1,1,1,1
11,2096,1604.91,210.2,137.83,169.39,1,1,1,0
11,2097,131.48,242.1,132.33,137.2,1,1,1,0
11,2098,636.03,207.83,37.82,42.03,1,1,1,0
12,2094,1349.9,202.67,144.94,159.2,1,1,1,0
12,2095,813.06,136.48,502.41,672.54,1,1,1,1
12,2096,1580.71,209.87,137.15,167.97,1,1,1,0
12,2097,108.65,245.43,133.84,139.57,1,1,1,0
12,2098,634.42,207.64,38.64,42.98,1,1,1,0
13,2094,1329.36,201.0,145.0,158.09,1,1,1,0
13,2095,812.49,138.2,500.59,671.54,1,1,1,1
13,2096,1556.28,207.33,138.85,169.78,1,1,1,0
13,2097,86.18,249.79,135.62,141.93,1,1,1,0
13,2098,633.3,206.87,38.5,42.93,1,1,1,0
14,2094,1309.67,199.31,146.62,158.92,1,1,1,0
14,2095,809.42,137.57,502.04,674.04,1,1,1,1
14,2096,1533.24,204.94,138.56,169.26,1,1,1,0
14,2097,62.9,254.81,135.27,142.01,1,1,1,0
14,2098,632.85,206.77,37.82,42.31,1,1,1,0
15,2094,1291.26,198.25,146.83,158.65,1,1,1,0
15,2095,808.42,139.89,502.72,675.61,1,1,1,1
15,2096,1511.26,202.78,138.03,168.66,1,1,1,0
15,2097,38.67,259.39,136.58,143.68,1,1,1,0
15,2098,632.77,207.24,36.71,41.06,1,1,1,0
16,2094,1276.71,198.43,144.62,156.16,1,1,1,0
16,2095,807.87,141.51,501.79,675.44,1,1,1,1
16,2096,1488.47,200.93,138.24,169.05,1,1,1,0
16,2097,13.03,263.76,137.51,144.97,1,1,1,0
16,2098,632.4,207.41,36.29,40.58,1,1,1,0
17,2094,1261.3,198.17,142.87,154.55,1,1,1,0
17,2095,804.3,141.46,503.83,679.19,1,1,1,1
17,2096,1467.13,200.33,138.41,169.7,1,1,1,0
17,2097,0,266.66,125.65,147.89,1,1,1,0
17,2098,631.5,207.78,36.14,40.41,1,1,1,0
18,2094,1246.76,198.56,143.69,156.5,1,1,1,0
18,2095,802.03,141.0,504.51,681.01,1,1,1,1
18,2096,1446.38,200.6,138.49,170.25,1,1,1,0
18,2097,0,267.31,102.76,151.72,1,1,1,0
18,2098,630.81,207.31,36.09,40.35,1,1,1,0
19,2094,1232.86,198.3,143.09,157.05,1,1,1,0
19,2095,800.74,140.77,503.73,680.9,1,1,1,1
19,2096,1424.31,201.29,140.01,172.25,1,1,1,0
19,2097,0,267.99,74.96,139.35,1,1,1,0
19,2098,630.19,206.83,36.08,40.33,1,1,1,0
20,2094,1222.88,198.98,134.64,148.69,1,1,1,0
20,2095,803.4,140.45,502.0,680.25,1,1,1,1
20,2096,1403.8,202.54,139.53,172.21,1,1,1,0
20,2097,0,271.09,50.41,131.14,1,1,1,0
20,2098,629.87,206.64,36.35,40.53,1,1,1,0
21,2094,1210.34,200.76,128.55,143.58,1,1,1,0
21,2095,803.55,137.5,499.95,679.2,1,1,1,1
21,2096,1383.68,204.5,138.7,171.29,1,1,1,0
21,2097,0,280.15,23.27,115.86,1,1,1,0
21,2098,629.28,206.18,36.65,40.81,1,1,1,0
22,2094,1202.25,204.35,118.11,132.9,1,1,1,0
22,2095,810.33,138.76,494.56,672.42,1,1,1,1
22,2096,1364.76,207.13,138.82,171.63,1,1,1,0
22,2097,0,289.07,0,100.13,1,1,1,0
22,2098,629.01,206.3,36.95,41.11,1,1,1,0
23,2095,815.97,139.02,489.61,664.87,1,1,1,1
23,2096,1344.53,209.98,139.6,173.25,1,1,1,0
23,2098,629.48,206.45,36.78,40.83,1,1,1,0
24,2095,818.29,142.5,484.98,655.86,1,1,1,1
24,2096,1324.45,214.21,139.32,173.46,1,1,1,0
24,2098,629.67,206.71,36.75,40.73,1,1,1,0
24,2100,1587.38,138.98,49.33,61.35,1,1,1,0
25,2095,824.33,140.97,485.73,656.17,1,1,1,1
25,2096,1306.04,218.36,138.61,173.33,1,1,1,0
25,2098,629.75,206.91,36.77,40.69,1,1,1,0
25,2100,1584.8,140.1,49.98,62.15,1,1,1,0
26,2095,832.8,143.58,486.35,656.37,1,1,1,1
26,2096,1285.39,221.17,138.67,173.57,1,1,1,0
26,2098,630.42,207.19,36.35,40.07,1,1,1,0
26,2100,1581.59,140.0,53.06,65.92,1,1,1,0
27,2095,835.64,143.54,485.98,655.52,1,1,1,1
27,2096,1269.81,221.87,136.73,171.56,1,1,1,0
27,2098,631.03,206.69,36.31,40.04,1,1,1,0
27,2100,1579.68,140.17,55.91,69.51,1,1,1,0
28,2095,837.91,145.69,482.91,650.28,1,1,1,1
28,2096,1258.98,224.36,130.0,163.3,1,1,1,0
28,2098,632.23,206.7,35.98,39.64,1,1,1,0
28,2100,1579.23,140.32,54.92,68.17,1,1,1,0
29,2095,833.43,147.08,484.26,652.98,1,1,1,1
29,2096,1239.99,224.4,131.77,166.88,1,1,1,0
29,2098,633.09,206.91,35.87,39.49,1,1,1,0
29,2100,1578.62,140.25,55.58,68.98,1,1,1,0
30,2095,832.58,145.57,486.58,656.06,1,1,1,1
30,2098,633.8,206.89,35.85,39.44,1,1,1,0
30,2100,1576.88,141.24,58.94,73.33,1,1,1,0
31,2095,825.5,143.97,491.35,661.85,1,1,1,1
31,2098,633.82,206.38,36.33,40.02,1,1,1,0
31,2100,1576.33,142.69,58.46,72.9,1,1,1,0
32,2095,813.4,138.78,498.03,671.42,1,1,1,1
32,2098,634.32,205.99,36.33,40.05,1,1,1,0
32,2100,1577.54,142.34,58.71,73.02,1,1,1,0
33,2095,809.98,139.58,497.46,670.68,1,1,1,1
33,2098,635.19,206.04,35.75,39.46,1,1,1,0
33,2100,1578.79,142.99,57.29,70.8,1,1,1,0
34,2095,807.39,141.09,496.27,669.18,1,1,1,1
34,2098,635.61,206.67,35.34,39.04,1,1,1,0
34,2100,1579.29,143.42,56.75,69.69,1,1,1,0
35,2095,806.33,142.06,496.07,669.78,1,1,1,1
35,2098,636.7,207.0,34.91,38.68,1,1,1,0
35,2100,1580.13,143.46,56.88,69.44,1,1,1,0
36,2095,805.96,143.42,493.24,667.01,1,1,1,1
36,2098,638.28,207.63,34.81,38.56,1,1,1,0
36,2100,1579.45,143.97,57.33,69.93,1,1,1,0
37,2095,806.46,144.92,490.19,662.96,1,1,1,1
37,2098,639.84,208.36,35.21,38.92,1,1,1,0
37,2100,1579.0,144.19,57.9,70.64,1,1,1,0
38,2095,804.29,142.88,489.05,660.03,1,1,1,1
38,2098,641.74,207.84,35.86,39.65,1,1,1,0
38,2100,1578.9,144.31,57.99,70.74,1,1,1,0
39,2095,802.35,143.3,479.0,643.77,1,1,1,1
39,2098,646.06,208.13,35.99,39.93,1,1,1,0
39,2100,1580.08,144.29,57.19,69.91,1,1,1,0
40,2095,797.74,143.85,475.44,636.86,1,1,1,1
40,2098,650.17,208.43,35.83,39.84,1,1,1,0
40,2100,1580.0,144.72,56.34,69.22,1,1,1,0
41,2095,793.23,146.26,471.04,629.78,1,1,1,1
41,2098,652.68,207.75,36.95,41.4,1,1,1,0
41,2100,1581.07,145.07,55.44,68.35,1,1,1,0
42,2095,788.51,146.14,470.06,625.45,1,1,1,1
42,2098,655.85,207.68,36.76,41.39,1,1,1,0
42,2100,1581.67,145.59,54.71,67.62,1,1,1,0
42,2096,746.38,230.28,124.1,179.48,1,1,1,0
43,2095,774.66,140.65,478.45,631.4,1,1,1,1
43,2098,659.47,209.44,35.72,40.39,1,1,1,0
43,2100,1581.18,145.42,54.25,67.19,1,1,1,0
43,2096,728.67,234.43,121.86,175.84,1,1,1,0
44,2095,763.5,138.41,483.05,632.73,1,1,1,1
44,2098,662.77,209.41,36.11,41.0,1,1,1,0
44,2100,1580.56,145.1,54.97,68.38,1,1,1,0
44,2096,706.22,235.8,119.21,171.32,1,1,1,0
45,2095,757.16,135.78,492.17,638.71,1,1,1,1
45,2098,664.8,206.62,38.5,43.99,1,1,1,0
45,2100,1580.33,145.07,55.24,69.02,1,1,1,0
45,2096,684.35,234.82,119.4,170.42,1,1,1,0
46,2095,751.89,132.42,500.9,643.41,1,1,1,1
46,2098,668.1,206.35,39.65,45.49,1,1,1,0
46,2100,1580.16,145.0,55.51,69.71,1,1,1,0
46,2096,662.37,233.01,120.21,170.37,1,1,1,0
47,2095,751.2,135.36,497.92,633.5,1,1,1,1
47,2100,1579.47,145.11,55.29,69.72,1,1,1,0
47,2096,642.15,229.79,118.62,166.59,1,1,1,0
48,2095,748.37,134.52,499.89,630.55,1,1,1,1
48,2100,1578.5,145.25,55.04,69.31,1,1,1,0
48,2096,618.98,227.06,122.73,171.21,1,1,1,0
49,2095,746.17,133.42,503.57,629.5,1,1,1,1
49,2100,1578.25,145.75,54.71,69.1,1,1,1,0
49,2096,596.6,225.93,125.57,173.89,1,1,1,0
50,2095,743.63,129.84,508.64,632.37,1,1,1,1
50,2100,1576.61,145.38,56.12,71.06,1,1,1,0
50,2096,576.25,224.23,125.04,171.56,1,1,1,0
50,2094,712.45,235.8,144.52,172.23,1,1,1,0
51,2095,738.45,126.54,512.44,634.29,1,1,1,1
51,2100,1575.98,144.94,56.69,71.99,1,1,1,0
51,2096,554.36,222.43,128.46,175.19,1,1,1,0
51,2094,693.12,232.37,147.77,180.11,1,1,1,0
52,2095,739.12,124.53,517.6,637.84,1,1,1,1
52,2100,1577.3,146.15,55.39,70.56,1,1,1,0
52,2096,533.57,221.3,130.84,177.23,1,1,1,0
52,2094,672.91,230.94,149.18,184.0,1,1,1,0
52,2102,1837.94,113.51,257.44,332.83,1,1,1,0
53,2095,739.62,124.22,521.64,641.59,1,1,1,1
53,2100,1577.15,145.41,56.23,71.78,1,1,1,0
53,2096,512.48,220.82,132.64,178.9,1,1,1,0
53,2094,651.42,228.88,150.91,188.46,1,1,1,0
53,2102,1821.88,112.42,251.26,324.81,1,1,1,0
54,2095,739.68,125.74,521.59,642.22,1,1,1,1
54,2100,1577.59,145.83,55.58,71.25,1,1,1,0
54,2096,490.57,221.69,134.45,179.91,1,1,1,0
54,2094,631.22,229.89,147.7,184.8,1,1,1,0
54,2102,1793.32,108.62,253.85,327.97,1,1,1,0
55,2095,747.68,131.33,518.88,641.06,1,1,1,1
55,2100,1578.23,145.63,54.4,69.49,1,1,1,0
55,2096,472.24,222.75,134.48,178.98,1,1,1,0
55,2094,608.69,231.36,147.29,184.13,1,1,1,0
55,2102,1777.7,105.57,255.12,328.77,1,1,1,0
56,2095,758.85,132.88,519.58,645.19,1,1,1,1
56,2100,1578.11,145.81,54.69,69.77,1,1,1,0
56,2096,452.75,224.69,134.46,177.91,1,1,1,0
56,2094,583.75,233.57,152.95,192.38,1,1,1,0
56,2102,1757.93,106.75,256.84,330.06,1,1,1,0
57,2095,765.63,132.68,517.88,645.95,1,1,1,1
57,2100,1577.59,144.87,55.77,71.26,1,1,1,0
57,2096,430.21,227.44,136.87,180.69,1,1,1,0
57,2094,561.25,236.33,150.83,188.86,1,1,1,0
57,2102,1741.75,109.27,253.96,325.11,1,1,1,0
57,2098,684.1,206.45,42.6,48.15,1,1,1,0
58,2095,775.49,132.8,518.51,649.2,1,1,1,1
58,2100,1578.28,146.44,54.4,69.6,1,1,1,0
58,2096,406.72,229.47,139.4,183.31,1,1,1,0
58,2094,538.06,239.17,151.44,189.31,1,1,1,0
58,2102,1730.17,111.18,252.91,321.56,1,1,1,0
58,2098,684.21,206.55,43.16,48.24,1,1,1,0
59,2095,781.12,131.46,519.98,654.17,1,1,1,1
59,2100,1579.2,146.45,54.17,69.45,1,1,1,0
59,2096,383.24,233.8,141.25,185.87,1,1,1,0
59,2094,513.72,243.56,152.3,190.22,1,1,1,0
59,2102,1711.25,114.9,250.39,316.09,1,1,1,0
59,2098,684.55,207.67,43.56,48.27,1,1,1,0
60,2095,788.53,132.14,517.72,655.23,1,1,1,1
60,2100,1579.5,145.65,54.19,69.3,1,1,1,0
60,2096,359.11,237.22,139.03,181.68,1,1,1,0
60,2094,489.74,246.58,154.46,192.87,1,1,1,0
60,2102,1684.34,116.24,254.76,318.32,1,1,1,0
60,2098,684.0,207.6,44.14,48.87,1,1,1,0
61,2095,791.09,133.2,517.19,657.17,1,1,1,1
61,2100,1578.22,144.39,53.77,68.49,1,1,1,0
61,2096,333.71,239.6,142.39,185.73,1,1,1,0
61,2094,465.79,250.03,155.18,193.44,1,1,1,0
61,2102,1663.89,118.54,253.0,313.09,1,1,1,0
61,2098,683.45,207.76,44.95,49.88,1,1,1,0
62,2095,797.61,135.59,513.97,655.48,1,1,1,1
62,2096,306.55,239.96,147.05,191.85,1,1,1,0
62,2094,441.81,253.47,156.03,193.99,1,1,1,0
62,2102,1641.84,122.94,261.79,321.33,1,1,1,0
62,2098,683.62,208.12,45.21,50.26,1,1,1,0
63,2095,802.31,135.5,512.84,655.78,1,1,1,1
63,2096,279.29,239.29,147.15,191.41,1,1,1,0
63,2094,416.09,254.71,158.63,196.9,1,1,1,0
63,2102,1621.65,126.11,264.72,319.96,1,1,1,0
63,2098,684.1,208.34,44.37,49.21,1,1,1,0
64,2095,806.67,134.26,510.99,654.66,1,1,1,1
64,2096,251.07,237.1,148.39,192.46,1,1,1,0
64,2094,389.12,254.04,160.36,198.65,1,1,1,0
64,2102,1605.37,129.21,260.66,309.86,1,1,1,0
64,2098,685.13,208.52,44.66,49.2,1,1,1,0
65,2095,806.24,132.39,516.17,663.56,1,1,1,1
65,2096,226.71,234.36,145.12,186.8,1,1,1,0
65,2094,363.09,252.43,162.08,200.54,1,1,1,0
65,2102,1588.95,131.97,260.45,305.23,1,1,1,0
65,2098,685.18,208.19,45.36,49.78,1,1,1,0
66,2095,809.63,133.07,515.95,665.49,1,1,1,1
66,2096,201.62,232.68,141.89,180.56,1,1,1,0
66,2094,336.14,250.58,164.83,203.57,1,1,1,0
66,2102,1572.08,133.92,260.79,303.01,1,1,1,0
66,2098,684.99,207.76,45.98,50.2,1,1,1,0
67,2095,813.57,134.92,511.1,660.61,1,1,1,1
67,2096,172.94,230.93,147.0,186.38,1,1,1,0
67,2094,309.31,249.63,165.97,204.67,1,1,1,0
67,2102,1552.6,136.79,259.77,299.24,1,1,1,0
67,2098,684.74,208.09,46.49,50.55,1,1,1,0
68,2095,815.06,136.23,509.01,658.89,1,1,1,1
68,2096,148.44,228.52,149.51,188.7,1,1,1,0
68,2094,281.89,248.24,167.98,207.0,1,1,1,0
68,2102,1537.09,140.1,258.06,295.01,1,1,1,0
68,2098,684.82,208.31,47.08,51.07,1,1,1,0
69,2095,819.92,134.52,504.99,654.82,1,1,1,1
69,2096,124.15,226.52,149.33,187.69,1,1,1,0
69,2094,255.32,246.7,167.91,206.25,1,1,1,0
69,2102,1522.23,144.43,256.13,291.16,1,1,1,0
69,2098,684.63,208.88,46.89,50.67,1,1,1,0
70,2095,824.26,137.65,500.24,649.87,1,1,1,1
70,2096,99.93,224.78,148.85,186.48,1,1,1,0
70,2094,226.95,244.61,170.09,208.76,1,1,1,0
70,2102,1504.42,147.4,255.61,288.38,1,1,1,0
70,2098,684.35,209.1,47.18,50.7,1,1,1,0
71,2095,825.89,137.23,499.84,651.2,1,1,1,1
71,2096,71.84,222.95,156.64,196.77,1,1,1,0
71,2094,199.9,243.11,172.37,211.14,1,1,1,0
71,2102,1490.94,151.63,254.49,285.04,1,1,1,0
71,2098,683.39,207.78,48.95,52.49,1,1,1,0
72,2095,827.75,135.86,499.39,652.91,1,1,1,1
72,2096,46.21,222.48,159.41,200.57,1,1,1,0
72,2094,172.28,243.23,173.48,212.09,1,1,1,0
72,2102,1478.12,156.33,253.39,281.9,1,1,1,0
72,2098,682.52,206.21,49.81,53.36,1,1,1,0
73,2095,829.9,135.93,496.94,650.98,1,1,1,1
73,2096,20.4,223.7,161.51,203.96,1,1,1,0
73,2094,145.46,242.98,175.75,214.26,1,1,1,0
73,2102,1463.71,160.99,252.68,279.44,1,1,1,0
73,2098,681.91,205.31,49.89,53.48,1,1,1,0
74,2095,832.71,136.15,494.21,648.45,1,1,1,1
74,2096,0,224.79,156.01,204.42,1,1,1,0
74,2094,116.53,242.89,178.77,217.4,1,1,1,0
74,2102,1453.65,165.01,251.92,276.82,1,1,1,0
74,2098,681.45,204.87,50.32,53.91,1,1,1,0
75,2095,834.13,135.63,491.89,645.71,1,1,1,1
75,2096,0,228.68,128.75,201.28,1,1,1,0
75,2094,85.27,243.64,181.19,219.72,1,1,1,0
75,2102,1444.33,169.61,249.63,272.74,1,1,1,0
75,2098,681.19,205.5,49.86,53.27,1,1,1,0
76,2095,835.66,136.43,489.65,643.31,1,1,1,1
76,2096,0,234.56,101.22,198.02,1,1,1,0
76,2094,54.23,245.9,184.4,222.9,1,1,1,0
76,2102,1436.38,173.8,247.75,269.52,1,1,1,0
76,2098,679.8,205.65,50.65,54.0,1,1,1,0
77,2095,837.74,136.73,488.45,642.43,1,1,1,1
77,2094,22.71,248.24,188.33,226.9,1,1,1,0
77,2102,1430.85,177.84,245.37,266.03,1,1,1,0
77,2098,679.23,205.81,49.46,52.49,1,1,1,0
78,2095,837.12,136.24,488.67,643.14,1,1,1,1
78,2094,0,251.77,181.24,229.05,1,1,1,0
78,2102,1427.65,182.02,243.12,262.43,1,1,1,0
78,2098,677.66,205.98,49.3,52.29,1,1,1,0
79,2095,837.78,136.25,488.03,642.44,1,1,1,1
79,2094,0,255.86,154.73,228.23,1,1,1,0
79,2102,1425.32,185.44,240.82,258.8,1,1,1,0
79,2098,676.19,206.74,49.41,52.42,1,1,1,0
79,2100,1566.16,143.34,50.07,61.02,1,1,1,0
80,2095,838.17,137.04,486.6,640.61,1,1,1,1
80,2094,0,258.79,127.26,227.43,1,1,1,0
80,2102,1422.52,185.54,243.23,260.83,1,1,1,0
80,2098,674.04,206.14,48.7,51.66,1,1,1,0
80,2100,1563.68,143.07,50.95,60.15,1,1,1,0
81,2095,838.36,137.54,485.46,638.95,1,1,1,1
81,2094,0,260.36,91.81,210.72,1,1,1,0
81,2102,1420.28,182.25,245.65,263.68,1,1,1,0
81,2098,671.16,206.01,49.39,52.58,1,1,1,0
81,2100,1561.39,143.39,52.66,61.11,1,1,1,0
82,2095,840.18,138.32,483.44,636.56,1,1,1,1
82,2094,0,264.25,61.32,192.81,1,1,1,0
82,2102,1417.75,178.51,247.47,266.03,1,1,1,0
82,2098,668.04,206.16,49.83,53.11,1,1,1,0
82,2100,1557.71,145.33,54.19,62.28,1,1,1,0
83,2095,840.01,138.8,482.74,635.9,1,1,1,1
83,2094,0,274.54,25.98,169.66,1,1,1,0
83,2102,1417.93,176.62,241.77,260.0,1,1,1,0
83,2098,663.67,204.83,51.66,55.29,1,1,1,0
83,2100,1555.13,146.2,55.65,63.68,1,1,1,0
84,2095,840.5,139.57,481.68,634.7,1,1,1,1
84,2102,1417.22,175.62,240.36,258.99,1,1,1,0
84,2098,660.94,206.09,50.68,54.15,1,1,1,0
84,2100,1552.53,147.57,56.34,64.26,1,1,1,0
85,2095,840.49,140.05,481.61,634.48,1,1,1,1
85,2102,1416.1,176.81,237.25,255.68,1,1,1,0
85,2098,655.74,206.4,50.71,54.48,1,1,1,0
85,2100,1551.85,147.68,56.12,63.68,1,1,1,0
86,2095,840.18,140.02,480.95,633.45,1,1,1,1
86,2102,1415.66,177.42,231.86,250.29,1,1,1,0
86,2098,651.3,206.61,51.05,55.19,1,1,1,0
86,2100,1549.26,149.45,57.6,65.8,1,1,1,0
87,2095,841.78,140.99,480.01,632.5,1,1,1,1
87,2102,1410.19,177.29,224.85,242.81,1,1,1,0
87,2098,643.02,207.38,51.9,56.44,1,1,1,0
87,2100,1548.49,150.54,57.84,66.44,1,1,1,0
88,2095,844.98,142.14,478.41,630.58,1,1,1,1
88,2102,1404.65,177.1,220.07,237.61,1,1,1,0
88,2098,637.63,207.58,50.54,55.14,1,1,1,0
88,2100,1548.03,151.29,58.38,67.51,1,1,1,0
89,2095,848.23,142.56,478.05,629.9,1,1,1,1
89,2102,1398.77,178.01,215.15,231.97,1,1,1,0
89,2098,632.39,208.54,49.41,53.82,1,1,1,0
89,2100,1545.98,151.74,60.86,70.96,1,1,1,0
90,2095,849.66,144.3,477.05,628.08,1,1,1,1
90,2102,1393.8,180.56,211.39,227.81,1,1,1,0
90,2098,626.8,210.11,48.47,52.91,1,1,1,0
90,2100,1546.66,151.76,58.92,69.0,1,1,1,0
91,2095,851.31,147.33,474.77,624.25,1,1,1,1
91,2102,1388.73,184.1,207.32,223.38,1,1,1,0
91,2098,619.24,208.87,51.3,56.39,1,1,1,0
91,2100,1549.37,152.52,56.59,66.59,1,1,1,0
92,2095,852.29,148.04,473.51,622.45,1,1,1,1
92,2102,1379.23,187.39,205.37,221.71,1,1,1,0
92,2098,612.58,208.91,50.87,55.9,1,1,1,0
92,2100,1552.03,152.79,55.76,66.25,1,1,1,0
93,2095,855.74,148.08,472.79,621.23,1,1,1,1
93,2102,1373.25,191.99,200.5,216.97,1,1,1,0
93,2098,607.21,208.02,51.04,55.69,1,1,1,0
93,2100,1553.54,154.06,54.44,65.13,1,1,1,0
94,2095,857.42,146.66,472.9,621.43,1,1,1,1
94,2102,1360.49,195.04,200.89,217.42,1,1,1,0
94,2098,603.0,207.97,49.42,53.81,1,1,1,0
94,2100,1555.5,154.82,52.8,63.7,1,1,1,0
95,2095,857.32,145.9,473.89,622.56,1,1,1,1
95,2102,1348.54,199.11,200.04,216.9,1,1,1,0
95,2098,597.81,206.64,49.17,53.49,1,1,1,0
95,2100,1554.97,154.12,54.75,66.74,1,1,1,0
96,2095,857.03,145.4,476.29,625.62,1,1,1,1
96,2102,1336.67,202.15,197.49,214.4,1,1,1,0
96,2098,594.97,206.46,47.83,51.57,1,1,1,0
96,2100,1554.71,154.69,55.58,68.49,1,1,1,0
97,2095,858.23,146.59,476.09,625.01,1,1,1,1
97,2102,1322.19,206.41,194.78,211.98,1,1,1,0
97,2098,591.46,206.09,46.56,49.83,1,1,1,0
97,2100,1554.83,155.88,55.48,69.35,1,1,1,0
98,2095,858.15,146.63,477.78,626.4,1,1,1,1
98,2102,1308.05,209.2,192.69,210.28,1,1,1,0
98,2098,586.26,205.04,46.36,49.62,1,1,1,0
98,2100,1555.09,156.81,55.01,69.67,1,1,1,0
99,2095,854.87,146.63,482.05,631.72,1,1,1,1
99,2102,1294.68,211.44,188.03,206.23,1,1,1,0
99,2098,581.0,204.36,46.46,49.55,1,1,1,0
99,2100,1555.07,158.23,53.5,68.39,1,1,1,0
100,2095,852.0,147.41,484.88,635.32,1,1,1,1
100,2102,1279.13,211.14,185.68,204.84,1,1,1,0
100,2098,576.48,204.02,45.95,48.94,1,1,1,0
100,2100,1555.26,159.54,52.53,67.68,1,1,1,0
101,2095,852.5,145.91,482.32,631.31,1,1,1,1
101,2102,1265.38,209.93,182.39,202.82,1,1,1,0
101,2098,571.63,204.51,47.85,51.15,1,1,1,0
101,2100,1555.91,162.8,49.42,63.62,1,1,1,0
102,2095,849.18,145.52,479.95,627.17,1,1,1,1
102,2102,1253.32,209.19,176.67,197.53,1,1,1,0
102,2098,566.27,204.01,48.58,51.96,1,1,1,0
102,2100,1553.97,161.75,50.99,66.14,1,1,1,0
103,2095,845.69,144.17,478.71,624.81,1,1,1,1
103,2102,1241.96,209.54,169.93,191.1,1,1,1,0
103,2098,562.7,203.72,49.11,52.87,1,1,1,0
103,2100,1553.47,162.86,51.18,66.84,1,1,1,0
104,2095,833.98,138.88,488.29,637.11,1,1,1,1
104,2102,1227.76,211.04,167.8,189.9,1,1,1,0
104,2098,557.29,203.72,50.62,54.79,1,1,1,0
104,2100,1552.74,161.86,52.35,68.7,1,1,1,0
105,2095,827.09,141.65,487.84,636.57,1,1,1,1
105,2102,1216.12,211.63,163.91,188.06,1,1,1,0
105,2098,553.49,204.61,49.86,53.96,1,1,1,0
105,2100,1553.14,159.0,53.03,69.98,1,1,1,0
106,2095,824.94,138.96,485.62,633.34,1,1,1,1
106,2102,1204.99,211.29,165.08,191.05,1,1,1,0
106,2098,548.39,205.17,48.5,52.42,1,1,1,0
106,2100,1554.41,161.12,51.1,67.32,1,1,1,0
107,2095,822.44,139.15,483.11,629.31,1,1,1,1
107,2102,1194.71,213.43,157.49,184.51,1,1,1,0
107,2098,544.19,205.28,48.9,53.03,1,1,1,0
107,2100,1555.25,160.03,51.28,67.67,1,1,1,0
108,2095,819.7,137.45,483.93,629.57,1,1,1,1
108,2102,1183.13,215.4,150.22,177.67,1,1,1,0
108,2098,540.01,206.52,49.4,53.46,1,1,1,0
108,2100,1558.1,165.08,47.86,62.82,1,1,1,0
109,2095,814.94,137.62,485.09,629.68,1,1,1,1
109,2102,1170.95,221.39,146.62,175.5,1,1,1,0
109,2098,535.29,207.08,49.45,53.22,1,1,1,0
109,2100,1560.28,167.22,46.02,60.33,1,1,1,0
110,2095,812.71,135.12,489.37,633.91,1,1,1,1
110,2102,1163.28,228.17,143.06,173.2,1,1,1,0
110,2098,530.73,207.69,48.2,51.93,1,1,1,0
110,2100,1561.34,166.11,46.44,60.68,1,1,1,0
111,2095,808.98,133.6,490.98,633.71,1,1,1,1
111,2102,1166.41,242.98,133.0,162.32,1,1,1,0
111,2098,526.44,208.32,47.63,51.44,1,1,1,0
111,2100,1562.91,160.65,49.03,64.05,1,1,1,0
112,2095,813.25,131.06,485.56,625.66,1,1,1,1
112,2098,522.0,208.74,48.23,52.06,1,1,1,0
112,2100,1563.15,157.25,50.64,66.28,1,1,1,0
113,2095,799.81,130.94,497.4,639.01,1,1,1,1
113,2098,516.91,209.09,47.67,51.5,1,1,1,0
113,2100,1564.85,158.3,49.57,64.99,1,1,1,0
114,2095,794.69,130.33,500.6,640.61,1,1,1,1
114,2098,512.94,209.41,47.92,51.69,1,1,1,0
114,2100,1565.98,158.24,49.72,65.07,1,1,1,0
115,2095,798.37,132.31,495.89,632.25,1,1,1,1
115,2098,508.18,208.72,48.91,52.76,1,1,1,0
115,2100,1568.05,159.52,48.04,62.71,1,1,1,0
116,2095,797.05,132.51,493.78,627.63,1,1,1,1
116,2098,504.12,208.85,49.77,53.56,1,1,1,0
116,2100,1567.99,157.39,49.01,63.83,1,1,1,0
117,2095,797.46,132.6,493.35,626.7,1,1,1,1
117,2098,500.16,207.51,48.92,52.67,1,1,1,0
117,2100,1568.77,156.03,49.3,64.04,1,1,1,0
118,2095,791.14,129.66,498.7,633.35,1,1,1,1
118,2098,496.52,206.49,48.06,51.53,1,1,1,0
118,2100,1570.59,157.21,49.48,64.12,1,1,1,0
119,2095,778.91,128.97,502.31,638.64,1,1,1,1
119,2098,491.64,205.3,48.7,52.1,1,1,1,0
119,2100,1571.88,157.38,49.87,64.56,1,1,1,0
120,2095,766.71,130.91,500.72,636.87,1,1,1,1
120,2098,487.93,205.37,48.25,51.52,1,1,1,0
120,2100,1573.56,157.15,49.17,63.73,1,1,1,0
121,2095,760.12,130.49,499.89,635.76,1,1,1,1
121,2098,483.59,204.9,49.11,52.1,1,1,1,0
121,2100,1575.96,157.38,48.47,62.81,1,1,1,0
122,2095,757.51,129.75,499.74,635.13,1,1,1,1
122,2098,476.17,204.63,50.58,53.11,1,1,1,0
122,2100,1576.44,156.57,48.97,63.27,1,1,1,0
123,2095,755.35,128.69,503.96,641.64,1,1,1,1
123,2098,472.49,206.91,48.44,50.53,1,1,1,0
123,2100,1578.2,155.28,49.11,63.25,1,1,1,0
124,2095,746.87,126.91,517.6,660.93,1,1,1,1
124,2098,470.74,207.71,47.59,49.32,1,1,1,0
124,2100,1579.26,154.25,49.88,64.19,1,1,1,0
125,2095,743.43,125.67,524.24,671.51,1,1,1,1
125,2098,466.76,207.69,48.62,50.3,1,1,1,0
125,2100,1579.13,151.35,51.14,65.98,1,1,1,0
126,2095,741.92,125.02,523.89,672.14,1,1,1,1
126,2098,462.56,206.49,51.53,53.25,1,1,1,0
126,2100,1579.79,149.38,50.12,64.49,1,1,1,0
127,2095,743.13,123.81,522.02,670.44,1,1,1,1
127,2098,459.52,210.14,46.76,48.11,1,1,1,0
127,2100,1582.58,149.71,49.35,63.25,1,1,1,0
128,2095,746.3,120.6,516.91,664.52,1,1,1,1
128,2098,456.69,211.73,46.68,47.65,1,1,1,0
128,2100,1584.0,150.76,49.82,63.79,1,1,1,0
129,2095,750.99,123.2,508.21,653.2,1,1,1,1
129,2098,453.65,212.78,45.66,46.29,1,1,1,0
129,2100,1584.46,150.53,50.07,64.04,1,1,1,0
129,2103,1357.08,109.6,51.89,73.53,1,1,1,0
130,2095,747.6,117.82,511.83,658.45,1,1,1,1
130,2098,449.1,213.24,45.18,45.39,1,1,1,0
130,2100,1584.64,148.12,51.64,65.98,1,1,1,0
130,2103,1358.68,107.54,53.49,75.89,1,1,1,0
131,2095,743.69,112.86,517.81,666.54,1,1,1,1
131,2103,1360.54,105.39,55.08,78.25,1,1,1,0
132,2095,740.11,112.81,522.84,673.32,1,1,1,1
132,2103,1361.06,102.65,57.43,81.72,1,1,1,0
133,2095,736.59,111.66,526.81,679.39,1,1,1,1
133,2103,1363.5,101.08,58.63,83.63,1,1,1,0
134,2095,733.91,110.68,529.58,684.18,1,1,1,1
134,2103,1365.23,97.91,58.88,84.23,1,1,1,0
135,2095,734.17,115.5,526.21,680.37,1,1,1,1
135,2103,1372.32,93.91,57.32,82.04,1,1,1,0
136,2095,731.26,115.61,526.32,681.38,1,1,1,1
136,2103,1377.83,90.88,55.73,79.69,1,1,1,0
137,2095,728.58,116.66,525.67,681.08,1,1,1,1
137,2103,1381.98,89.93,57.21,82.31,1,1,1,0
138,2095,718.63,111.13,533.9,692.41,1,1,1,1
138,2103,1387.11,90.5,56.73,81.99,1,1,1,0
139,2095,713.05,111.62,536.06,696.02,1,1,1,1
139,2103,1390.09,87.51,59.01,85.54,1,1,1,0
140,2095,713.93,117.0,528.27,687.39,1,1,1,1
140,2103,1393.48,86.79,59.84,86.69,1,1,1,0
141,2095,711.23,118.49,528.81,690.95,1,1,1,1
141,2103,1396.72,85.46,60.73,87.73,1,1,1,0
142,2095,708.92,118.85,530.99,696.38,1,1,1,1
142,2103,1400.98,85.22,61.09,87.98,1,1,1,0
143,2095,713.93,118.19,525.76,692.03,1,1,1,1
143,2103,1405.98,84.8,62.13,89.42,1,1,1,0
144,2095,720.45,117.54,517.95,685.11,1,1,1,1
144,2103,1411.32,84.7,63.26,90.82,1,1,1,0
145,2095,725.15,112.31,513.87,682.63,1,1,1,1
145,2103,1417.39,84.71,63.23,90.44,1,1,1,0
146,2095,728.48,111.35,503.71,670.31,1,1,1,1
146,2103,1424.02,84.38,63.79,91.03,1,1,1,0
146,2104,1738.04,31.46,256.67,344.67,1,1,1,0
146,2102,693.25,250.59,111.51,137.89,1,1,1,0
147,2095,726.11,111.62,500.81,665.85,1,1,1,1
147,2103,1431.11,82.71,62.46,88.56,1,1,1,0
147,2104,1710.7,28.33,254.59,341.45,1,1,1,0
147,2102,686.54,251.39,113.89,140.8,1,1,1,0
148,2095,728.16,113.14,494.74,658.02,1,1,1,1
148,2103,1438.79,78.92,62.8,87.97,1,1,1,0
148,2104,1683.84,24.94,251.83,336.61,1,1,1,0
148,2102,678.98,252.58,115.12,142.22,1,1,1,0
149,2095,731.96,123.78,484.11,643.5,1,1,1,1
149,2103,1446.3,76.03,62.86,86.95,1,1,1,0
149,2104,1660.74,20.34,251.38,334.31,1,1,1,0
149,2102,673.71,254.4,114.37,140.9,1,1,1,0
150,2095,727.02,122.72,483.27,638.78,1,1,1,1
150,2103,1451.27,71.88,64.59,88.68,1,1,1,0
150,2104,1638.21,19.98,248.25,328.11,1,1,1,0
150,2102,669.34,255.73,114.62,140.71,1,1,1,0
151,2095,725.58,121.49,483.92,633.95,1,1,1,1
151,2103,1455.57,68.97,64.78,88.15,1,1,1,0
151,2104,1605.8,16.34,248.97,327.24,1,1,1,0
151,2102,664.62,256.34,114.81,140.62,1,1,1,0
152,2095,723.44,118.19,494.77,643.17,1,1,1,1
152,2103,1459.4,66.02,64.77,87.36,1,1,1,0
152,2104,1578.11,15.94,248.78,325.09,1,1,1,0
152,2102,661.14,255.47,114.73,140.15,1,1,1,0
153,2095,723.6,121.74,501.37,648.29,1,1,1,1
153,2103,1464.14,63.42,64.16,85.62,1,1,1,0
153,2104,1554.51,19.03,245.13,318.84,1,1,1,0
153,2102,657.57,254.38,114.82,139.87,1,1,1,0
154,2095,724.24,123.48,502.79,647.12,1,1,1,1
154,2103,1467.58,61.73,64.99,86.07,1,1,1,0
154,2104,1531.47,25.34,230.46,297.12,1,1,1,0
154,2102,654.87,254.06,113.92,138.22,1,1,1,0
155,2095,729.36,123.52,503.19,642.55,1,1,1,1
155,2103,1469.4,59.32,63.89,83.99,1,1,1,0
155,2104,1504.08,30.94,234.22,300.37,1,1,1,0
155,2102,651.74,254.54,113.36,136.8,1,1,1,0
156,2095,730.89,123.51,504.96,639.29,1,1,1,1
156,2103,1472.42,55.44,61.55,80.22,1,1,1,0
156,2104,1477.65,37.62,234.7,299.71,1,1,1,0
156,2102,647.8,254.19,113.39,135.98,1,1,1,0
157,2095,735.19,124.69,507.76,636.13,1,1,1,1
157,2104,1456.16,44.06,223.15,282.36,1,1,1,0
157,2102,643.45,253.75,113.85,135.59,1,1,1,0
158,2095,731.42,129.72,507.93,632.83,1,1,1,1
158,2104,1430.77,50.73,226.91,285.35,1,1,1,0
158,2102,638.87,253.58,113.01,133.44,1,1,1,0
159,2095,729.19,135.18,509.12,631.67,1,1,1,1
159,2104,1407.17,56.04,224.76,281.63,1,1,1,0
159,2102,632.63,252.8,114.03,133.57,1,1,1,0
160,2095,726.31,136.78,510.04,630.52,1,1,1,1
160,2104,1389.55,60.77,221.28,275.12,1,1,1,0
160,2102,625.91,252.71,115.49,134.25,1,1,1,0
161,2095,723.41,134.92,512.8,632.57,1,1,1,1
161,2104,1364.13,62.0,217.67,270.44,1,1,1,0
161,2102,619.69,252.78,115.18,133.01,1,1,1,0
162,2095,719.01,132.78,515.28,634.8,1,1,1,1
162,2104,1341.2,61.28,214.75,267.51,1,1,1,0
162,2102,611.58,252.4,116.15,133.37,1,1,1,0
162,2103,1495.06,51.31,62.15,78.46,1,1,1,0
163,2095,717.61,131.33,518.91,638.69,1,1,1,1
163,2104,1322.23,61.31,210.84,262.77,1,1,1,0
163,2102,603.98,253.56,116.01,132.42,1,1,1,0
163,2103,1495.98,51.87,65.89,81.82,1,1,1,0
164,2095,718.5,130.76,519.86,640.98,1,1,1,1
164,2104,1303.88,62.12,208.24,259.08,1,1,1,0
164,2102,595.58,254.4,115.44,131.48,1,1,1,0
164,2103,1492.58,51.66,74.67,93.06,1,1,1,0
165,2095,724.53,137.48,512.06,634.12,1,1,1,1
165,2104,1283.92,61.71,206.49,256.91,1,1,1,0
165,2102,586.29,255.21,115.52,131.24,1,1,1,0
165,2103,1491.66,49.97,78.78,98.35,1,1,1,0
166,2095,728.12,141.81,506.5,630.93,1,1,1,1
166,2104,1266.38,60.88,205.44,254.87,1,1,1,0
166,2102,577.99,256.31,114.03,129.17,1,1,1,0
166,2103,1492.63,47.88,82.03,102.59,1,1,1,0
167,2095,731.92,141.98,505.09,633.97,1,1,1,1
167,2104,1247.16,60.95,201.68,250.38,1,1,1,0
167,2102,569.27,257.32,115.37,130.03,1,1,1,0
167,2103,1494.25,45.42,83.68,104.94,1,1,1,0
168,2095,741.9,143.99,501.78,635.54,1,1,1,1
168,2104,1230.09,62.14,199.46,247.27,1,1,1,0
168,2102,559.29,257.68,116.8,131.56,1,1,1,0
168,2103,1498.15,42.51,83.75,105.56,1,1,1,0
169,2095,752.93,143.5,499.49,638.15,1,1,1,1
169,2104,1210.92,64.9,197.43,245.53,1,1,1,0
169,2102,549.91,258.19,116.37,130.96,1,1,1,0
169,2103,1500.81,39.21,84.4,107.06,1,1,1,0
169,2106,0,270.36,70.47,185.75,1,1,1,0
170,2095,763.23,143.27,495.39,638.36,1,1,1,1
170,2104,1193.73,68.9,195.63,243.42,1,1,1,0
170,2102,540.71,258.97,117.08,131.54,1,1,1,0
170,2103,1503.83,35.46,83.57,106.81,1,1,1,0
170,2106,0,267.09,88.87,186.11,1,1,1,0
171,2095,771.17,142.74,493.14,639.64,1,1,1,1
171,2104,1180.31,74.01,187.81,233.23,1,1,1,0
171,2102,531.5,259.65,117.46,131.77,1,1,1,0
171,2103,1505.96,32.31,84.22,108.29,1,1,1,0
171,2106,0,263.64,110.13,187.64,1,1,1,0
172,2095,777.72,141.7,492.91,643.3,1,1,1,1
172,2104,1170.73,79.4,171.7,209.94,1,1,1,0
172,2102,521.67,259.98,118.72,133.16,1,1,1,0
172,2103,1507.7,29.77,83.99,108.54,1,1,1,0
172,2106,0,260.62,126.8,187.21,1,1,1,0
173,2095,787.1,143.47,488.29,641.31,1,1,1,1
173,2104,1154.18,87.05,166.81,202.53,1,1,1,0
173,2102,511.39,260.79,119.79,134.38,1,1,1,0
173,2103,1511.1,28.64,82.91,107.47,1,1,1,0
173,2106,6.38,258.0,137.46,187.04,1,1,1,0
174,2095,787.07,143.11,491.02,648.3,1,1,1,1
174,2104,1137.53,93.87,159.3,191.94,1,1,1,0
174,2102,502.15,261.47,120.58,135.24,1,1,1,0
174,2103,1513.86,28.39,82.51,107.3,1,1,1,0
174,2106,22.74,255.31,139.78,189.08,1,1,1,0
175,2095,783.83,143.55,493.49,653.89,1,1,1,1
175,2104,1115.55,99.9,161.05,193.79,1,1,1,0
175,2102,493.0,262.31,121.25,135.95,1,1,1,0
175,2103,1515.69,28.37,82.17,106.79,1,1,1,0
175,2106,39.46,253.63,141.18,189.79,1,1,1,0
176,2095,786.9,147.65,487.92,646.86,1,1,1,1
176,2104,1088.83,102.74,166.51,199.47,1,1,1,0
176,2102,484.33,263.0,121.02,135.42,1,1,1,0
176,2103,1518.57,30.11,80.63,104.77,1,1,1,0
176,2106,57.56,252.83,141.74,189.72,1,1,1,0
177,2095,787.96,144.4,486.94,645.72,1,1,1,1
177,2104,1068.71,102.59,166.07,198.72,1,1,1,0
177,2102,475.05,263.34,120.42,134.91,1,1,1,0
177,2103,1520.56,31.72,79.61,103.33,1,1,1,0
177,2106,74.72,251.72,141.92,189.15,1,1,1,0
178,2095,788.76,142.55,487.16,646.66,1,1,1,1
178,2104,1046.28,101.58,159.96,191.49,1,1,1,0
178,2102,466.97,263.55,120.44,134.61,1,1,1,0
178,2103,1522.22,35.04,80.38,104.49,1,1,1,0
178,2106,91.7,249.58,143.22,190.14,1,1,1,0
179,2095,793.88,144.43,484.2,642.43,1,1,1,1
179,2102,458.75,264.0,122.65,136.88,1,1,1,0
179,2103,1524.34,38.46,80.68,105.04,1,1,1,0
179,2106,107.6,247.46,144.06,190.09,1,1,1,0
180,2095,795.98,145.72,482.54,639.82,1,1,1,1
180,2102,451.15,264.45,123.95,138.23,1,1,1,0
180,2103,1527.41,44.2,80.85,105.07,1,1,1,0
180,2106,124.19,246.54,144.15,189.25,1,1,1,0
181,2095,806.24,150.58,473.17,628.07,1,1,1,1
181,2102,445.36,265.4,124.9,139.12,1,1,1,0
181,2103,1530.1,48.98,82.42,106.93,1,1,1,0
181,2106,138.52,245.68,145.59,190.12,1,1,1,0
182,2095,803.64,149.58,476.33,631.28,1,1,1,1
182,2102,437.84,266.73,126.6,140.44,1,1,1,0
182,2103,1534.73,59.33,83.53,107.94,1,1,1,0
182,2106,161.01,245.63,145.07,188.84,1,1,1,0
183,2095,804.57,151.97,475.55,628.93,1,1,1,1
183,2102,434.26,267.31,128.06,141.41,1,1,1,0
183,2103,1537.96,67.98,83.97,108.1,1,1,1,0
183,2106,177.95,243.88,145.01,187.94,1,1,1,0
184,2095,811.03,156.43,468.84,619.7,1,1,1,1
184,2102,432.38,267.71,126.66,139.0,1,1,1,0
184,2103,1539.67,72.3,84.55,108.53,1,1,1,0
184,2106,192.55,241.68,145.98,188.4,1,1,1,0
185,2095,813.77,159.27,463.92,612.66,1,1,1,1
185,2102,430.36,267.43,124.58,135.65,1,1,1,0
185,2103,1540.54,73.09,85.71,109.91,1,1,1,0
185,2106,205.25,239.52,146.28,188.58,1,1,1,0
186,2095,814.35,159.07,461.98,609.73,1,1,1,1
186,2102,428.35,267.41,123.24,133.27,1,1,1,0
186,2103,1541.14,70.86,86.98,111.28,1,1,1,0
186,2106,218.44,237.18,146.75,188.64,1,1,1,0
187,2095,804.77,153.33,470.67,619.97,1,1,1,1
187,2102,425.43,267.58,122.76,132.0,1,1,1,0
187,2103,1541.73,66.78,88.12,112.64,1,1,1,0
187,2106,230.74,234.16,147.37,189.06,1,1,1,0
188,2095,807.5,157.71,463.61,610.14,1,1,1,1
188,2102,420.57,267.22,123.34,131.94,1,1,1,0
188,2103,1541.86,63.3,88.57,113.11,1,1,1,0
188,2106,242.74,233.1,147.4,188.82,1,1,1,0
189,2095,805.94,159.36,460.01,604.03,1,1,1,1
189,2102,415.61,267.38,123.45,131.43,1,1,1,0
189,2103,1541.36,59.19,89.65,114.59,1,1,1,0
189,2106,253.8,230.78,148.28,189.92,1,1,1,0
190,2095,801.97,162.75,458.17,601.04,1,1,1,1
190,2102,410.18,266.62,123.88,131.26,1,1,1,0
190,2103,1540.03,56.81,90.63,115.72,1,1,1,0
190,2106,263.92,228.98,149.53,191.52,1,1,1,0
191,2095,796.4,164.47,457.24,598.73,1,1,1,1
191,2102,408.54,267.73,122.44,129.61,1,1,1,0
191,2103,1539.23,55.76,91.43,116.73,1,1,1,0
191,2106,275.89,227.97,150.1,192.12,1,1,1,0
192,2095,790.38,162.16,459.19,600.87,1,1,1,1
192,2102,408.88,268.43,120.45,127.9,1,1,1,0
192,2103,1538.17,57.17,91.56,116.84,1,1,1,0
192,2106,286.93,228.25,150.9,193.13,1,1,1,0
193,2095,782.49,160.65,462.5,605.16,1,1,1,1
193,2102,406.36,268.69,119.78,128.09,1,1,1,0
193,2103,1535.84,60.11,92.18,117.72,1,1,1,0
193,2106,297.21,230.01,152.26,195.08,1,1,1,0
194,2095,766.95,157.86,471.47,615.4,1,1,1,1
194,2102,405.09,269.67,117.31,126.88,1,1,1,0
194,2103,1533.22,64.89,92.64,118.09,1,1,1,0
194,2106,307.35,232.11,151.98,195.01,1,1,1,0
195,2095,758.12,162.14,470.67,613.16,1,1,1,1
195,2102,405.85,272.43,113.46,124.45,1,1,1,0
195,2103,1530.81,71.54,92.42,117.51,1,1,1,0
195,2106,316.38,233.36,152.75,196.16,1,1,1,0
196,2095,743.08,163.96,474.83,617.68,1,1,1,1
196,2102,402.96,275.87,111.06,123.56,1,1,1,0
196,2103,1527.28,77.73,92.74,117.73,1,1,1,0
196,2106,325.64,233.86,153.91,198.15,1,1,1,0
197,2095,730.1,161.84,483.38,628.91,1,1,1,1
197,2102,407.6,287.27,100.25,114.11,1,1,1,0
197,2103,1523.19,84.18,93.6,118.79,1,1,1,0
197,2106,334.29,234.56,154.64,199.58,1,1,1,0
198,2095,721.82,165.75,481.83,628.4,1,1,1,1
198,2103,1518.09,89.91,94.71,120.35,1,1,1,0
198,2106,343.06,234.55,155.7,201.78,1,1,1,0
199,2095,705.31,166.24,486.12,634.3,1,1,1,1
199,2103,1513.26,97.23,94.66,120.33,1,1,1,0
199,2106,351.41,236.54,155.09,201.79,1,1,1,0
200,2095,688.32,167.97,491.44,642.02,1,1,1,1
200,2103,1509.3,106.85,94.17,119.3,1,1,1,0
200,2106,360.33,238.0,155.55,203.25,1,1,1,0
201,2095,672.69,166.63,498.07,651.6,1,1,1,1
201,2103,1504.95,119.08,93.42,117.84,1,1,1,0
201,2106,368.98,238.26,157.05,205.84,1,1,1,0
202,2095,661.11,168.45,495.8,648.86,1,1,1,1
202,2103,1498.93,129.07,94.04,118.32,1,1,1,0
202,2106,378.17,237.18,157.65,207.19,1,1,1,0
203,2095,646.14,165.16,499.98,654.82,1,1,1,1
203,2103,1493.05,135.23,93.72,117.5,1,1,1,0
203,2106,386.54,235.77,158.03,208.46,1,1,1,0
203,2107,313.64,277.08,106.06,134.97,1,1,1,0
204,2095,629.64,158.95,507.22,665.87,1,1,1,1
204,2103,1486.67,137.19,95.73,119.71,1,1,1,0
204,2106,394.89,233.26,158.51,209.69,1,1,1,0
204,2107,305.55,277.54,106.45,135.11,1,1,1,0
205,2095,617.56,159.53,503.28,661.51,1,1,1,1
205,2103,1481.98,137.91,96.5,120.39,1,1,1,0
205,2106,403.39,231.32,159.14,211.3,1,1,1,0
205,2107,293.25,277.12,107.36,135.5,1,1,1,0
206,2095,599.62,155.81,505.34,666.02,1,1,1,1
206,2103,1478.47,136.0,97.31,121.23,1,1,1,0
206,2106,412.5,229.32,159.91,212.96,1,1,1,0
206,2107,279.87,277.31,106.38,132.82,1,1,1,0
207,2095,590.3,157.97,498.44,657.73,1,1,1,1
207,2103,1475.23,133.23,98.5,122.72,1,1,1,0
207,2106,422.18,229.07,160.48,214.43,1,1,1,0
207,2107,266.34,277.04,106.74,131.6,1,1,1,0
208,2095,576.3,156.63,496.06,655.83,1,1,1,1
208,2103,1472.48,131.05,99.07,123.46,1,1,1,0
208,2106,432.44,230.09,161.02,216.04,1,1,1,0
208,2107,252.7,275.78,109.91,133.89,1,1,1,0
209,2095,556.09,148.37,497.99,658.84,1,1,1,1
209,2103,1468.94,129.51,99.75,124.12,1,1,1,0
209,2106,444.36,230.99,162.66,218.28,1,1,1,0
209,2107,237.28,273.68,111.81,134.5,1,1,1,0
210,2095,539.26,144.89,496.34,656.34,1,1,1,1
210,2103,1465.68,129.42,100.89,125.53,1,1,1,0
210,2106,454.65,232.14,162.89,219.09,1,1,1,0
210,2107,222.3,272.41,113.28,134.42,1,1,1,0
211,2095,523.03,141.43,495.85,655.13,1,1,1,1
211,2103,1461.4,131.97,102.89,128.02,1,1,1,0
211,2106,463.75,231.41,159.95,216.18,1,1,1,0
211,2107,206.87,271.26,115.07,134.91,1,1,1,0
212,2095,513.81,136.8,491.68,652.44,1,1,1,1
212,2103,1457.39,137.01,103.91,129.34,1,1,1,0
212,2106,473.28,227.55,156.38,212.62,1,1,1,0
212,2107,191.49,271.57,117.44,135.8,1,1,1,0
213,2095,499.88,136.11,488.12,649.2,1,1,1,1
213,2103,1454.19,144.33,104.68,130.45,1,1,1,0
213,2107,174.22,271.72,120.12,137.33,1,1,1,0
214,2095,488.44,138.53,484.19,645.76,1,1,1,1
214,2103,1450.78,154.28,104.86,130.8,1,1,1,0
214,2107,158.28,273.2,120.87,136.3,1,1,1,0
215,2095,475.46,138.91,484.33,648.27,1,1,1,1
215,2103,1448.2,166.18,104.54,130.1,1,1,1,0
215,2107,142.51,274.19,122.39,136.29,1,1,1,0
216,2095,467.19,141.29,480.97,646.23,1,1,1,1
216,2103,1444.8,178.7,104.74,129.8,1,1,1,0
216,2107,128.4,274.76,124.24,137.09,1,1,1,0
217,2095,456.16,142.44,479.82,646.05,1,1,1,1
217,2103,1441.45,191.12,104.41,128.77,1,1,1,0
217,2107,112.45,274.59,126.08,137.78,1,1,1,0
218,2095,447.21,143.3,479.58,646.79,1,1,1,1
218,2103,1437.41,198.5,105.29,129.45,1,1,1,0
218,2107,96.96,275.52,127.82,138.03,1,1,1,0
218,2104,802.67,170.2,110.85,134.58,1,1,1,0
219,2095,439.8,144.24,478.17,645.29,1,1,1,1
219,2103,1431.15,201.06,107.38,131.68,1,1,1,0
219,2107,82.41,276.67,130.13,138.91,1,1,1,0
219,2104,798.34,171.74,112.31,136.4,1,1,1,0
220,2095,443.97,146.81,469.45,634.95,1,1,1,1
220,2103,1423.91,199.27,110.25,135.26,1,1,1,0
220,2107,68.88,278.89,130.79,138.04,1,1,1,0
220,2104,792.87,172.85,110.59,134.35,1,1,1,0
221,2095,446.12,150.39,466.62,632.06,1,1,1,1
221,2103,1417.5,195.66,111.01,136.21,1,1,1,0
221,2107,53.82,281.52,130.8,136.9,1,1,1,0
221,2104,786.21,175.19,108.3,131.6,1,1,1,0
222,2095,449.22,154.93,460.31,623.84,1,1,1,1
222,2103,1410.86,190.12,112.05,137.33,1,1,1,0
222,2107,38.76,284.09,132.33,137.66,1,1,1,0
222,2104,778.22,177.78,102.86,124.77,1,1,1,0
223,2095,450.48,160.22,453.51,614.79,1,1,1,1
223,2103,1404.64,183.92,112.21,137.33,1,1,1,0
223,2107,25.09,286.72,135.1,139.43,1,1,1,0
224,2095,452.24,163.37,451.67,611.92,1,1,1,1
224,2103,1398.13,179.35,112.94,138.18,1,1,1,0
224,2107,12.25,291.15,134.85,138.21,1,1,1,0
225,2095,455.14,166.49,449.44,608.16,1,1,1,1
225,2103,1391.96,176.75,113.03,137.88,1,1,1,0
225,2107,0,293.69,133.73,139.03,1,1,1,0
226,2095,456.44,168.59,447.87,605.47,1,1,1,1
226,2103,1384.67,176.5,113.77,138.52,1,1,1,0
226,2107,0,295.78,120.54,139.53,1,1,1,0
227,2095,458.57,168.4,445.23,600.67,1,1,1,1
227,2103,1376.88,180.62,113.38,137.65,1,1,1,0
227,2107,0,296.32,109.69,140.7,1,1,1,0
228,2095,462.21,167.66,442.16,595.19,1,1,1,1
228,2103,1366.14,184.34,114.86,139.08,1,1,1,0
228,2107,0,294.48,96.05,139.55,1,1,1,0
229,2095,464.35,166.21,440.38,591.97,1,1,1,1
229,2103,1354.94,188.66,115.84,139.99,1,1,1,0
229,2107,0,294.42,81.96,135.81,1,1,1,0
230,2095,468.01,161.91,440.08,591.41,1,1,1,1
230,2103,1333.8,194.01,117.16,141.5,1,1,1,0
230,2107,0,298.27,53.44,131.47,1,1,1,0
231,2095,473.7,161.78,437.93,588.23,1,1,1,1
231,2103,1317.38,197.86,115.93,139.58,1,1,1,0
231,2107,0,303.7,33.09,123.18,1,1,1,0
232,2095,479.93,163.92,436.31,585.76,1,1,1,1
232,2103,1302.64,196.25,117.11,140.6,1,1,1,0
232,2107,0,321.42,12.62,104.79,1,1,1,0
233,2095,488.39,166.41,435.58,584.05,1,1,1,1
233,2103,1287.88,193.69,117.56,141.07,1,1,1,0
234,2095,495.07,163.11,440.12,589.74,1,1,1,1
234,2103,1273.36,190.86,118.83,142.42,1,1,1,0
235,2095,499.69,157.38,448.86,601.22,1,1,1,1
235,2103,1259.95,187.96,120.02,143.5,1,1,1,0
236,2095,512.12,160.86,447.3,597.97,1,1,1,1
236,2103,1246.24,185.83,121.03,144.48,1,1,1,0
237,2095,528.98,162.7,443.82,593.86,1,1,1,1
237,2103,1234.58,183.02,118.87,141.07,1,1,1,0
238,2095,542.14,163.59,440.59,590.54,1,1,1,1
238,2103,1224.02,180.53,119.26,141.13,1,1,1,0
239,2095,556.08,167.62,437.01,585.65,1,1,1,1
239,2103,1218.94,179.81,110.87,130.6,1,1,1,0
239,2104,479.33,183.33,138.03,162.12,1,1,1,0
240,2095,565.23,168.21,438.03,586.77,1,1,1,1
240,2103,1211.47,181.4,102.07,118.51,1,1,1,0
240,2104,468.49,186.02,134.83,158.41,1,1,1,0
241,2095,579.73,167.21,434.15,581.26,1,1,1,1
241,2103,1196.67,182.63,102.51,118.39,1,1,1,0
241,2104,450.68,188.58,135.55,159.54,1,1,1,0
241,2111,1101.89,210.06,159.69,158.66,1,1,1,0
242,2095,588.86,166.6,436.63,585.45,1,1,1,1
242,2104,432.91,190.65,135.83,160.2,1,1,1,0
242,2111,1128.39,190.41,163.37,162.33,1,1,1,0
243,2095,597.75,166.96,435.64,585.28,1,1,1,1
243,2104,416.19,194.07,134.39,158.92,1,1,1,0
243,2111,1142.66,188.1,166.85,165.33,1,1,1,0
244,2095,605.11,166.88,436.25,587.45,1,1,1,1
244,2104,399.0,197.28,134.18,159.34,1,1,1,0
244,2111,1126.79,189.03,159.0,158.43,1,1,1,0
245,2095,613.91,167.63,435.81,587.51,1,1,1,1
245,2104,382.45,199.56,132.98,158.46,1,1,1,0
245,2111,1110.37,192.46,153.38,153.72,1,1,1,0
246,2095,622.97,168.6,432.34,583.28,1,1,1,1
246,2104,366.35,201.71,131.03,156.3,1,1,1,0
246,2111,1096.5,195.96,150.73,151.75,1,1,1,0
247,2095,628.56,169.85,430.06,580.41,1,1,1,1
247,2104,350.19,203.21,130.92,156.97,1,1,1,0
247,2111,1079.71,196.09,150.81,152.74,1,1,1,0
247,2106,1267.39,195.87,152.19,160.92,1,1,1,0
248,2095,633.22,167.2,431.48,582.87,1,1,1,1
248,2104,332.64,204.68,131.01,157.65,1,1,1,0
248,2111,1059.95,193.38,154.08,157.19,1,1,1,0
248,2106,1287.9,195.17,153.19,161.85,1,1,1,0
249,2095,640.34,169.48,428.72,578.56,1,1,1,1
249,2104,315.92,202.7,129.71,156.3,1,1,1,0
249,2111,1044.92,189.79,152.85,157.2,1,1,1,0
249,2106,1316.15,192.35,149.87,158.17,1,1,1,0
250,2095,645.54,168.43,430.86,580.86,1,1,1,1
250,2104,298.64,200.05,129.23,156.01,1,1,1,0
250,2111,1031.09,187.39,150.15,154.89,1,1,1,0
250,2106,1343.2,195.4,145.72,153.09,1,1,1,0
251,2095,655.98,168.43,426.93,574.99,1,1,1,1
251,2104,281.42,197.8,130.2,157.74,1,1,1,0
251,2111,1015.4,185.45,149.98,156.16,1,1,1,0
251,2106,1366.75,194.09,151.79,159.49,1,1,1,0
252,2095,661.58,167.82,425.57,572.6,1,1,1,1
252,2104,264.24,196.33,130.46,158.59,1,1,1,0
252,2111,1002.17,181.78,148.7,156.65,1,1,1,0
252,2106,1401.29,202.83,141.17,148.43,1,1,1,0
253,2095,667.83,166.88,423.41,569.66,1,1,1,1
253,2104,246.63,194.95,130.55,159.12,1,1,1,0
253,2111,988.41,180.47,146.67,156.64,1,1,1,0
253,2106,1423.04,197.65,141.5,148.48,1,1,1,0
254,2095,673.05,167.02,421.94,567.32,1,1,1,1
254,2104,229.53,194.22,130.24,158.92,1,1,1,0
254,2111,980.19,178.66,133.72,143.81,1,1,1,0
254,2106,1446.75,199.64,142.6,149.4,1,1,1,0
254,2098,668.84,219.1,39.81,45.44,1,1,1,0
255,2095,676.12,166.48,421.85,567.1,1,1,1,1
255,2104,213.9,195.14,130.53,159.05,1,1,1,0
255,2111,968.99,178.82,133.28,144.6,1,1,1,0
255,2106,1465.22,200.44,144.21,151.35,1,1,1,0
255,2098,669.95,218.97,39.61,45.26,1,1,1,0
256,2095,680.01,168.67,418.24,561.89,1,1,1,1
256,2104,194.2,197.67,131.42,159.49,1,1,1,0
256,2111,952.87,181.04,129.71,140.55,1,1,1,0
256,2106,1487.55,200.81,142.69,149.98,1,1,1,0
256,2098,670.98,218.92,38.24,43.79,1,1,1,0
257,2095,682.87,169.8,416.01,558.5,1,1,1,1
257,2104,176.0,199.02,131.14,159.06,1,1,1,0
257,2106,1504.83,207.03,143.24,151.15,1,1,1,0
257,2098,672.61,219.25,36.97,42.42,1,1,1,0
258,2095,687.99,169.91,413.87,554.4,1,1,1,1
258,2104,157.85,203.3,130.2,157.5,1,1,1,0
258,2106,1523.98,204.04,143.64,152.21,1,1,1,0
258,2098,673.83,219.69,36.0,41.36,1,1,1,0
259,2095,692.28,167.03,417.53,559.07,1,1,1,1
259,2104,136.15,204.99,133.34,161.41,1,1,1,0
259,2106,1542.55,198.26,141.73,151.03,1,1,1,0
259,2098,674.2,219.94,35.68,41.05,1,1,1,0
260,2095,698.76,167.05,415.96,556.59,1,1,1,1
260,2104,116.05,208.26,134.16,162.57,1,1,1,0
260,2106,1559.42,197.26,140.29,150.0,1,1,1,0
260,2098,674.01,219.81,36.15,41.63,1,1,1,0
261,2095,705.76,167.46,415.45,555.72,1,1,1,1
261,2104,97.84,210.75,134.18,162.51,1,1,1,0
261,2106,1576.79,197.39,138.45,148.33,1,1,1,0
261,2098,673.72,219.44,37.54,43.3,1,1,1,0
262,2095,707.96,167.31,415.71,556.16,1,1,1,1
262,2104,91.5,211.55,134.43,162.76,1,1,1,0
262,2106,1582.5,197.45,137.64,147.74,1,1,1,0
262,2098,673.62,219.31,38.0,43.92,1,1,1,0
263,2095,710.97,166.96,416.63,557.48,1,1,1,1
263,2104,77.22,213.79,135.57,164.04,1,1,1,0
263,2106,1596.36,200.79,134.86,144.63,1,1,1,0
263,2098,673.7,219.36,37.92,43.76,1,1,1,0
264,2095,713.39,166.03,418.0,559.61,1,1,1,1
264,2104,60.62,214.19,138.57,166.89,1,1,1,0
264,2106,1611.54,207.1,134.85,144.11,1,1,1,0
264,2098,673.84,219.07,37.61,43.3,1,1,1,0
265,2095,716.17,164.99,420.0,562.75,1,1,1,1
265,2104,38.86,213.31,139.78,168.35,1,1,1,0
265,2106,1632.16,214.83,129.28,136.1,1,1,1,0
265,2098,673.45,218.86,37.56,43.13,1,1,1,0
266,2095,716.99,163.31,424.04,568.82,1,1,1,1
266,2104,15.85,210.55,142.01,171.05,1,1,1,0
266,2106,1654.01,215.64,124.96,129.44,1,1,1,0
266,2098,673.82,219.19,37.28,42.66,1,1,1,0
267,2095,721.24,164.27,420.54,563.98,1,1,1,1
267,2104,0,207.7,138.34,174.02,1,1,1,0
267,2106,1670.88,214.4,128.62,131.26,1,1,1,0
267,2098,673.99,219.21,37.11,42.3,1,1,1,0
268,2095,721.73,163.46,422.68,565.71,1,1,1,1
268,2104,0,206.68,121.49,175.42,1,1,1,0
268,2106,1690.37,213.72,131.1,132.56,1,1,1,0
268,2098,674.83,222.95,34.66,39.34,1,1,1,0
269,2095,722.85,163.16,424.51,566.36,1,1,1,1
269,2104,0,203.82,104.33,174.63,1,1,1,0
269,2106,1707.28,213.22,130.6,129.48,1,1,1,0
269,2098,675.42,224.36,34.83,39.27,1,1,1,0
270,2095,725.12,162.47,425.19,566.01,1,1,1,1
270,2104,0,199.94,84.53,174.28,1,1,1,0
270,2106,1722.67,211.97,138.17,135.51,1,1,1,0
270,2098,674.83,227.89,34.03,38.25,1,1,1,0
271,2095,725.36,160.22,429.6,571.05,1,1,1,1
271,2104,0,201.94,68.52,166.48,1,1,1,0
271,2106,1739.44,210.51,147.92,144.23,1,1,1,0
271,2098,676.72,227.94,34.4,38.5,1,1,1,0
272,2095,729.58,159.59,431.47,572.74,1,1,1,1
272,2104,0,205.06,52.9,159.7,1,1,1,0
272,2106,1760.48,208.49,149.37,144.93,1,1,1,0
273,2095,734.05,160.07,430.94,571.87,1,1,1,1
273,2104,0,206.22,36.35,157.01,1,1,1,0
273,2106,1776.56,202.64,153.08,148.83,1,1,1,0
273,2111,637.38,189.09,150.69,167.09,1,1,1,0
274,2095,733.87,157.89,435.0,577.87,1,1,1,1
274,2104,0,215.13,17.87,156.26,1,1,1,0
274,2106,1795.43,195.81,156.05,152.55,1,1,1,0
274,2111,621.65,188.63,152.81,169.42,1,1,1,0
275,2095,733.77,155.69,440.31,585.86,1,1,1,1
275,2106,1812.46,191.16,158.3,156.79,1,1,1,0
275,2111,601.69,189.98,152.83,169.38,1,1,1,0
276,2095,739.51,155.08,437.64,582.72,1,1,1,1
276,2106,1830.46,190.86,152.22,152.25,1,1,1,0
276,2111,582.78,191.33,153.84,170.42,1,1,1,0
277,2095,741.74,153.69,441.03,588.99,1,1,1,1
277,2106,1863.69,196.49,124.16,125.82,1,1,1,0
277,2111,546.44,196.53,155.46,172.04,1,1,1,0
278,2095,743.29,155.86,442.24,592.19,1,1,1,1
278,2106,1887.46,205.8,103.33,105.48,1,1,1,0
278,2111,518.6,199.56,156.03,172.77,1,1,1,0
278,2098,677.44,221.19,39.59,44.55,1,1,1,0
279,2095,743.99,154.55,441.43,593.14,1,1,1,1
279,2106,1914.03,200.8,100.74,102.57,1,1,1,0
279,2111,496.67,200.35,156.23,173.19,1,1,1,0
279,2098,678.6,221.26,39.22,44.38,1,1,1,0
280,2095,745.63,154.36,437.31,588.77,1,1,1,1
280,2106,1920.74,184.56,112.66,114.84,1,1,1,0
280,2111,475.29,197.47,156.66,173.51,1,1,1,0
280,2098,679.72,220.9,39.24,44.69,1,1,1,0
281,2095,747.51,155.41,433.8,585.14,1,1,1,1
281,2111,453.21,193.48,158.57,175.63,1,1,1,0
281,2098,680.59,220.58,39.13,44.8,1,1,1,0
282,2095,748.18,157.72,429.94,580.64,1,1,1,1
282,2111,432.58,190.46,159.24,176.48,1,1,1,0
282,2098,682.29,220.18,38.68,44.23,1,1,1,0
283,2095,746.84,158.21,429.1,580.51,1,1,1,1
283,2111,412.76,189.51,159.69,176.96,1,1,1,0
283,2098,684.46,220.13,37.79,43.01,1,1,1,0
284,2095,745.29,159.89,428.35,580.96,1,1,1,1
284,2111,393.96,189.26,158.63,176.01,1,1,1,0
284,2098,685.58,219.83,38.41,43.73,1,1,1,0
285,2095,745.28,161.02,426.79,579.83,1,1,1,1
285,2111,375.4,187.77,159.27,176.61,1,1,1,0
285,2098,687.12,219.92,37.93,43.2,1,1,1,0
286,2095,744.0,162.14,426.29,580.69,1,1,1,1
286,2111,358.49,186.42,159.39,177.01,1,1,1,0
286,2098,688.49,219.97,37.72,42.98,1,1,1,0
287,2095,743.05,163.24,424.56,579.53,1,1,1,1
287,2111,341.84,186.33,159.23,177.34,1,1,1,0
287,2098,690.32,220.1,37.33,42.5,1,1,1,0
288,2095,740.16,164.64,423.34,579.28,1,1,1,1
288,2111,325.91,187.31,159.67,178.23,1,1,1,0
288,2098,691.76,219.56,37.19,42.31,1,1,1,0
289,2095,735.97,165.95,422.67,579.19,1,1,1,1
289,2111,309.9,189.08,159.42,178.35,1,1,1,0
289,2098,693.68,219.86,36.71,41.64,1,1,1,0
290,2095,731.43,166.72,423.57,582.05,1,1,1,1
290,2111,292.61,191.16,159.38,178.17,1,1,1,0
290,2098,695.06,220.38,36.73,41.58,1,1,1,0
291,2095,726.62,168.88,422.2,580.84,1,1,1,1
291,2111,277.48,195.43,156.91,175.4,1,1,1,0
291,2098,696.72,220.59,36.78,41.57,1,1,1,0
292,2095,722.01,175.34,417.79,575.09,1,1,1,1
292,2111,261.18,198.74,157.9,176.63,1,1,1,0
292,2098,698.3,221.06,36.38,40.96,1,1,1,0
293,2095,717.1,175.85,414.58,570.82,1,1,1,1
293,2111,245.23,203.43,158.53,177.58,1,1,1,0
293,2098,699.39,221.25,36.76,41.34,1,1,1,0
294,2095,713.91,176.29,409.82,564.14,1,1,1,1
294,2111,229.68,208.65,156.91,176.04,1,1,1,0
294,2098,700.71,221.51,37.37,42.08,1,1,1,0
295,2095,709.43,178.6,405.99,558.27,1,1,1,1
295,2111,215.58,211.87,155.21,174.54,1,1,1,0
295,2098,701.23,222.11,37.47,42.36,1,1,1,0
296,2095,689.74,179.32,400.69,550.22,1,1,1,1
296,2111,170.58,214.11,155.97,175.28,1,1,1,0
297,2095,667.57,176.71,398.84,547.3,1,1,1,1
297,2111,118.62,215.77,154.29,172.27,1,1,1,0
