1,2127,684.64,211.39,171.16,203.25,1,1,1,0
1,2128,1208.37,74.73,380.29,558.08,1,1,1,1
1,2129,317.01,278.14,309.17,382.4,1,1,1,1
1,2130,795.54,522.22,163.93,224.5,1,1,1,0
1,2131,1697.14,324.54,89.2,94.02,1,1,1,0
1,2132,28.78,363.42,216.51,254.33,1,1,1,0
1,2133,1074.58,335.09,149.46,171.76,1,1,1,0
1,2134,1870.71,234.14,84.38,97.33,1,1,1,0
2,2127,684.71,211.52,171.03,203.12,1,1,1,0
2,2128,1208.21,74.99,380.08,557.82,1,1,1,1
2,2129,318.18,276.17,305.79,378.08,1,1,1,1
2,2130,793.99,521.96,165.98,227.37,1,1,1,0
2,2131,1701.08,324.8,89.68,94.54,1,1,1,0
2,2132,30.54,364.98,215.68,253.28,1,1,1,0
2,2133,1077.03,335.61,147.69,169.67,1,1,1,0
2,2134,1873.38,233.62,83.22,96.03,1,1,1,0
3,2127,685.39,211.78,170.6,202.63,1,1,1,0
3,2128,1209.57,75.86,379.16,556.48,1,1,1,1
3,2129,320.52,275.25,304.24,376.05,1,1,1,1
3,2130,794.55,521.91,165.62,226.93,1,1,1,0
3,2131,1704.58,324.85,89.75,94.63,1,1,1,0
3,2132,30.96,365.72,216.59,254.05,1,1,1,0
3,2133,1079.33,336.41,147.4,169.31,1,1,1,0
3,2134,1874.9,233.76,82.8,95.57,1,1,1,0
4,2127,686.08,211.86,170.45,202.48,1,1,1,0
4,2128,1210.55,77.05,378.24,555.15,1,1,1,1
4,2129,324.38,275.23,303.96,375.73,1,1,1,1
4,2130,794.88,522.14,165.22,226.51,1,1,1,0
4,2131,1709.29,324.4,89.75,94.65,1,1,1,0
4,2132,29.25,365.7,217.97,254.99,1,1,1,0
4,2133,1080.94,337.8,147.32,169.24,1,1,1,0
4,2134,1877.2,233.82,84.47,97.53,1,1,1,0
5,2127,685.76,211.65,171.45,203.78,1,1,1,0
5,2128,1210.65,77.85,377.88,554.75,1,1,1,1
5,2129,326.69,275.15,304.09,376.27,1,1,1,1
5,2130,794.92,521.99,165.21,226.58,1,1,1,0
5,2131,1713.11,323.81,90.23,95.09,1,1,1,0
5,2132,30.02,366.77,218.26,254.62,1,1,1,0
5,2133,1082.58,337.55,148.45,170.58,1,1,1,0
5,2134,1878.97,233.95,88.13,102.03,1,1,1,0
6,2127,685.67,211.58,171.72,204.22,1,1,1,0
6,2128,1210.8,76.46,378.78,556.29,1,1,1,1
6,2129,329.09,275.68,305.68,378.55,1,1,1,1
6,2130,795.67,521.94,164.57,225.74,1,1,1,0
6,2131,1717.54,323.4,90.68,95.67,1,1,1,0
6,2132,31.27,367.76,217.95,253.4,1,1,1,0
6,2133,1084.92,337.22,147.71,169.75,1,1,1,0
6,2134,1881.86,233.99,84.68,98.07,1,1,1,0
7,2127,686.08,211.34,171.74,204.36,1,1,1,0
7,2128,1211.6,75.53,379.26,557.27,1,1,1,1
7,2129,331.84,275.15,304.74,377.57,1,1,1,1
7,2130,798.8,522.13,161.16,221.01,1,1,1,0
7,2131,1721.97,322.85,91.5,96.7,1,1,1,0
7,2132,32.42,367.44,219.45,254.44,1,1,1,0
7,2133,1086.55,335.81,147.36,169.45,1,1,1,0
7,2134,1885.7,235.49,82.62,95.85,1,1,1,0
8,2127,687.51,211.46,171.66,204.4,1,1,1,0
8,2128,1212.53,74.46,379.77,558.36,1,1,1,1
8,2129,334.86,275.38,303.04,375.56,1,1,1,1
8,2130,800.75,522.41,159.08,217.87,1,1,1,0
8,2131,1726.84,322.87,91.52,97.06,1,1,1,0
8,2132,34.96,368.96,217.94,251.91,1,1,1,0
8,2133,1089.06,335.09,146.97,168.93,1,1,1,0
8,2134,1887.96,237.69,84.92,98.83,1,1,1,0
9,2127,688.15,211.72,172.17,205.23,1,1,1,0
9,2128,1215.21,76.33,378.5,556.9,1,1,1,1
9,2129,337.51,274.75,301.58,373.5,1,1,1,1
9,2130,802.65,522.72,157.56,215.35,1,1,1,0
9,2131,1731.83,322.69,91.3,97.17,1,1,1,0
9,2132,33.86,367.22,220.2,254.08,1,1,1,0
9,2133,1092.81,334.21,146.35,167.92,1,1,1,0
9,2134,1887.98,240.59,93.67,109.95,1,1,1,0
10,2127,689.24,211.61,172.23,205.52,1,1,1,0
10,2128,1218.2,77.64,377.24,555.34,1,1,1,1
10,2129,336.7,272.07,308.08,381.77,1,1,1,1
10,2130,808.04,523.65,153.32,208.73,1,1,1,0
10,2131,1737.21,323.04,90.32,96.38,1,1,1,0
10,2132,33.05,365.55,222.63,256.3,1,1,1,0
10,2133,1097.09,334.31,143.84,164.7,1,1,1,0
10,2134,1891.72,244.56,87.81,103.73,1,1,1,0
11,2127,690.96,210.96,172.83,206.42,1,1,1,0
11,2128,1220.78,76.8,377.41,556.08,1,1,1,1
11,2129,341.16,270.8,304.23,376.66,1,1,1,1
11,2130,809.77,524.6,153.85,208.67,1,1,1,0
11,2131,1741.53,323.99,89.79,96.07,1,1,1,0
11,2132,34.41,365.53,222.23,255.71,1,1,1,0
11,2133,1099.5,334.15,143.93,164.76,1,1,1,0
11,2134,1896.42,247.94,81.85,97.1,1,1,1,0
12,2127,691.57,211.12,173.05,206.75,1,1,1,0
12,2128,1222.46,74.76,379.17,558.89,1,1,1,1
12,2129,342.34,270.65,303.56,375.6,1,1,1,1
12,2130,811.06,524.94,155.07,209.55,1,1,1,0
12,2131,1743.89,324.56,90.98,97.57,1,1,1,0
12,2132,35.21,368.54,220.26,252.44,1,1,1,0
12,2133,1101.37,334.31,145.06,166.43,1,1,1,0
12,2134,1903.89,251.39,74.52,88.0,1,1,1,0
12,2135,1082.92,286.84,100.23,121.17,1,1,1,0
13,2127,691.8,211.18,173.08,206.85,1,1,1,0
13,2128,1222.65,74.09,378.58,558.24,1,1,1,1
13,2129,341.99,271.53,304.51,376.73,1,1,1,1
13,2130,810.79,525.04,158.54,214.0,1,1,1,0
13,2131,1746.28,324.36,91.29,98.11,1,1,1,0
13,2132,36.69,371.09,218.01,248.99,1,1,1,0
13,2133,1104.2,336.18,145.46,167.47,1,1,1,0
13,2134,1903.88,251.48,71.95,85.12,1,1,1,0
13,2135,1081.23,287.56,103.61,125.31,1,1,1,0
14,2127,692.12,211.41,173.34,207.28,1,1,1,0
14,2128,1222.39,73.15,379.32,559.48,1,1,1,1
14,2129,340.05,272.08,305.12,377.76,1,1,1,1
14,2130,807.62,523.87,165.87,224.51,1,1,1,0
14,2131,1747.88,324.09,91.29,98.31,1,1,1,0
14,2132,39.86,373.43,216.17,246.3,1,1,1,0
14,2133,1109.55,339.7,140.87,162.66,1,1,1,0
14,2134,1907.64,250.21,70.06,82.3,1,1,1,0
14,2135,1080.16,288.5,103.91,125.8,1,1,1,0
15,2127,693.27,210.99,173.74,207.93,1,1,1,0
15,2128,1222.78,72.2,380.11,560.94,1,1,1,1
15,2129,339.34,272.3,304.79,377.75,1,1,1,1
15,2130,807.91,523.62,168.74,229.04,1,1,1,0
15,2131,1748.44,323.99,92.67,99.97,1,1,1,0
15,2132,38.73,374.27,216.17,245.33,1,1,1,0
15,2133,1113.9,343.05,137.48,159.22,1,1,1,0
15,2134,1915.31,248.12,68.15,78.97,1,1,1,0
15,2135,1078.41,288.78,105.91,128.51,1,1,1,0
16,2127,693.64,210.64,173.95,208.36,1,1,1,0
16,2128,1222.38,71.86,379.83,560.68,1,1,1,1
16,2129,337.86,272.39,306.16,380.14,1,1,1,1
16,2130,809.49,523.32,169.18,230.18,1,1,1,0
16,2131,1748.95,323.95,93.93,101.37,1,1,1,0
16,2132,36.29,373.95,217.78,246.02,1,1,1,0
16,2133,1117.15,345.48,134.76,156.37,1,1,1,0
16,2135,1077.64,289.28,106.98,130.21,1,1,1,0
17,2127,694.11,210.81,173.31,207.8,1,1,1,0
17,2128,1222.59,71.04,380.51,561.67,1,1,1,1
17,2129,337.86,272.74,305.5,379.95,1,1,1,1
17,2130,811.37,523.6,167.49,228.2,1,1,1,0
17,2131,1749.35,323.93,95.33,103.07,1,1,1,0
17,2132,33.24,370.79,221.01,248.91,1,1,1,0
17,2133,1120.77,347.15,129.94,150.9,1,1,1,0
17,2135,1076.8,289.95,106.04,129.57,1,1,1,0
18,2127,694.8,211.07,172.79,207.18,1,1,1,0
18,2128,1222.69,70.55,380.67,562.22,1,1,1,1
18,2129,338.12,272.28,304.86,380.06,1,1,1,1
18,2130,813.33,523.71,165.06,225.01,1,1,1,0
18,2131,1749.62,324.91,95.43,103.31,1,1,1,0
18,2132,31.8,370.38,221.91,249.21,1,1,1,0
18,2133,1125.21,349.35,124.98,145.26,1,1,1,0
18,2135,1075.69,290.59,104.03,127.8,1,1,1,0
19,2127,694.89,210.98,172.87,207.34,1,1,1,0
19,2128,1224.23,73.87,378.04,558.13,1,1,1,1
19,2129,343.0,273.2,304.36,380.59,1,1,1,1
19,2130,815.16,524.34,163.45,222.78,1,1,1,0
19,2131,1749.02,326.08,96.64,104.95,1,1,1,0
19,2132,30.39,368.62,224.06,251.34,1,1,1,0
19,2133,1129.87,352.56,121.41,140.82,1,1,1,0
19,2135,1075.22,291.52,102.65,126.78,1,1,1,0
20,2127,694.78,210.74,173.15,207.79,1,1,1,0
20,2128,1226.42,74.44,373.38,550.08,1,1,1,1
20,2129,342.89,274.36,306.42,384.76,1,1,1,1
20,2130,817.19,523.98,162.47,221.33,1,1,1,0
20,2131,1749.69,326.92,95.13,103.58,1,1,1,0
20,2132,29.82,368.75,223.87,250.95,1,1,1,0
20,2135,1075.49,291.83,102.15,126.78,1,1,1,0
21,2127,694.54,211.05,172.81,207.55,1,1,1,0
21,2128,1224.78,74.55,373.29,549.16,1,1,1,1
21,2129,344.62,279.06,307.35,387.22,1,1,1,1
21,2130,819.39,523.84,161.53,219.99,1,1,1,0
21,2131,1746.49,327.23,98.07,107.4,1,1,1,0
21,2132,28.93,366.41,225.74,253.19,1,1,1,0
21,2135,1074.88,291.52,101.85,127.17,1,1,1,0
22,2127,694.76,211.57,172.02,206.66,1,1,1,0
22,2128,1220.55,69.19,380.44,559.85,1,1,1,1
22,2129,345.41,285.69,309.93,391.59,1,1,1,1
22,2130,819.17,523.98,163.97,223.69,1,1,1,0
22,2131,1744.79,327.73,98.53,108.41,1,1,1,0
22,2132,28.66,365.53,226.49,254.03,1,1,1,0
22,2135,1075.07,291.58,100.97,126.9,1,1,1,0
23,2127,695.44,211.96,171.3,205.91,1,1,1,0
23,2128,1219.65,70.27,381.74,562.38,1,1,1,1
23,2129,346.72,294.32,311.18,394.2,1,1,1,1
23,2130,819.11,524.03,166.35,227.46,1,1,1,0
23,2131,1739.93,329.49,102.25,113.1,1,1,1,0
23,2132,29.18,365.61,226.47,253.94,1,1,1,0
23,2135,1075.18,291.59,100.62,127.18,1,1,1,0
24,2127,695.88,211.51,171.43,206.43,1,1,1,0
24,2128,1218.9,70.1,383.04,564.32,1,1,1,1
24,2129,348.43,301.61,312.49,396.64,1,1,1,1
24,2130,819.55,524.25,167.02,228.68,1,1,1,0
24,2131,1736.33,330.15,100.9,110.19,1,1,1,0
24,2132,27.84,365.65,226.56,253.89,1,1,1,0
24,2135,1075.03,291.67,100.12,127.37,1,1,1,0
25,2127,696.45,211.14,171.43,206.63,1,1,1,0
25,2128,1217.88,69.86,383.39,564.83,1,1,1,1
25,2129,348.78,305.69,313.69,399.29,1,1,1,1
25,2130,821.17,523.93,166.65,228.33,1,1,1,0
25,2132,27.07,365.48,226.12,253.27,1,1,1,0
25,2135,1075.09,291.39,99.76,127.73,1,1,1,0
26,2127,696.67,210.8,171.4,207.1,1,1,1,0
26,2128,1217.3,69.08,383.51,565.69,1,1,1,1
26,2129,349.63,305.07,313.99,400.73,1,1,1,1
26,2130,824.72,523.81,163.72,224.2,1,1,1,0
26,2132,28.79,365.22,225.3,252.43,1,1,1,0
26,2135,1075.58,290.88,99.53,128.26,1,1,1,0
27,2127,697.39,210.28,170.89,206.88,1,1,1,0
27,2128,1217.02,70.49,382.47,563.9,1,1,1,1
27,2129,350.25,298.0,316.38,404.79,1,1,1,1
27,2130,826.85,523.56,161.75,221.21,1,1,1,0
27,2132,29.43,364.74,224.96,252.1,1,1,1,0
27,2135,1076.31,290.47,99.18,128.44,1,1,1,0
28,2127,697.79,209.88,170.4,206.79,1,1,1,0
28,2128,1217.68,70.64,382.15,562.8,1,1,1,1
28,2129,351.42,290.1,315.7,404.69,1,1,1,1
28,2130,827.84,523.67,162.12,221.49,1,1,1,0
28,2132,29.06,363.97,224.98,252.38,1,1,1,0
28,2135,1077.14,290.51,98.77,128.5,1,1,1,0
29,2127,698.84,209.54,169.99,206.76,1,1,1,0
29,2128,1217.76,70.5,382.36,562.57,1,1,1,1
29,2129,353.41,281.68,313.05,401.2,1,1,1,1
29,2130,831.28,523.71,160.02,218.42,1,1,1,0
29,2132,28.11,363.69,225.35,253.08,1,1,1,0
29,2135,1077.92,290.92,97.71,127.71,1,1,1,0
30,2127,699.32,209.41,169.63,206.74,1,1,1,0
30,2128,1216.75,67.17,384.14,565.36,1,1,1,1
30,2129,357.8,274.39,309.43,397.13,1,1,1,1
30,2130,832.73,523.92,160.41,218.67,1,1,1,0
30,2132,27.87,363.4,225.56,253.54,1,1,1,0
30,2135,1078.31,290.98,97.13,127.51,1,1,1,0
31,2127,699.58,209.37,169.32,206.73,1,1,1,0
31,2128,1217.05,68.91,382.26,562.22,1,1,1,1
31,2129,358.42,270.06,309.65,398.74,1,1,1,1
31,2130,834.15,523.8,160.31,218.18,1,1,1,0
31,2132,26.87,363.3,224.98,253.32,1,1,1,0
31,2135,1078.74,291.09,96.36,126.92,1,1,1,0
32,2127,699.69,209.16,169.15,206.73,1,1,1,0
32,2128,1216.62,65.6,384.21,565.4,1,1,1,1
32,2129,356.43,268.29,309.89,399.52,1,1,1,1
32,2130,836.65,523.76,159.41,216.42,1,1,1,0
32,2132,28.38,363.27,223.64,252.03,1,1,1,0
32,2135,1079.35,291.23,95.19,125.8,1,1,1,0
33,2127,700.04,208.89,168.44,205.93,1,1,1,0
33,2128,1216.54,66.75,382.81,563.01,1,1,1,1
33,2129,354.4,268.28,311.05,401.58,1,1,1,1
33,2130,838.49,523.14,159.56,216.38,1,1,1,0
33,2132,30.76,363.87,221.52,249.95,1,1,1,0
33,2135,1078.98,290.88,94.35,125.38,1,1,1,0
34,2127,700.03,208.59,168.42,206.03,1,1,1,0
34,2128,1216.2,65.91,383.31,563.39,1,1,1,1
34,2129,354.01,272.1,308.47,398.56,1,1,1,1
34,2130,840.35,522.71,160.36,217.38,1,1,1,0
34,2132,31.6,363.91,220.16,248.76,1,1,1,0
34,2135,1079.07,290.34,94.39,126.02,1,1,1,0
34,2131,1748.47,338.12,99.34,108.57,1,1,1,0
35,2127,699.99,208.69,168.47,206.07,1,1,1,0
35,2128,1216.98,65.02,383.27,563.32,1,1,1,1
35,2129,353.36,275.6,306.45,395.79,1,1,1,1
35,2130,841.35,522.15,162.34,220.17,1,1,1,0
35,2132,32.15,363.73,218.82,247.53,1,1,1,0
35,2135,1079.87,289.84,94.47,126.37,1,1,1,0
35,2131,1747.02,338.37,103.15,113.93,1,1,1,0
36,2127,699.81,208.33,168.79,206.48,1,1,1,0
36,2128,1216.12,64.6,382.39,561.4,1,1,1,1
36,2129,352.96,278.25,305.16,393.83,1,1,1,1
36,2130,842.84,521.35,163.92,222.62,1,1,1,0
36,2132,31.63,363.27,218.61,247.49,1,1,1,0
36,2135,1080.66,289.65,92.75,124.11,1,1,1,0
36,2131,1745.65,337.69,104.65,116.79,1,1,1,0
37,2127,699.66,208.0,169.06,207.04,1,1,1,0
37,2128,1216.72,64.06,381.81,559.87,1,1,1,1
37,2129,351.52,279.56,304.26,391.99,1,1,1,1
37,2130,844.38,520.85,164.02,222.95,1,1,1,0
37,2132,30.37,363.1,218.32,247.09,1,1,1,0
37,2135,1081.44,288.58,91.94,122.85,1,1,1,0
37,2131,1743.39,336.22,107.06,120.24,1,1,1,0
38,2127,700.13,207.69,168.9,206.85,1,1,1,0
38,2128,1218.38,65.27,380.33,556.31,1,1,1,1
38,2129,349.08,278.35,305.29,392.61,1,1,1,1
38,2130,847.29,520.67,160.87,218.3,1,1,1,0
38,2132,32.46,362.85,216.99,245.75,1,1,1,0
38,2135,1081.53,288.28,92.04,122.89,1,1,1,0
38,2131,1745.1,334.65,105.93,119.58,1,1,1,0
39,2127,700.3,207.58,168.84,206.78,1,1,1,0
39,2128,1217.95,66.55,380.68,555.78,1,1,1,1
39,2129,347.05,276.5,306.54,394.25,1,1,1,1
39,2130,848.46,520.82,160.18,217.12,1,1,1,0
39,2132,32.5,362.56,215.73,244.87,1,1,1,0
39,2135,1081.35,288.38,92.49,123.32,1,1,1,0
39,2131,1740.54,333.83,112.73,128.38,1,1,1,0
40,2127,700.36,207.54,168.81,206.75,1,1,1,0
40,2128,1218.16,66.64,381.27,555.6,1,1,1,1
40,2129,344.12,275.91,307.99,395.97,1,1,1,1
40,2130,848.48,520.48,160.64,217.49,1,1,1,0
40,2132,32.78,362.66,214.6,244.16,1,1,1,0
40,2135,1080.53,288.23,93.38,124.49,1,1,1,0
40,2131,1740.3,332.75,113.86,130.11,1,1,1,0
41,2127,700.03,207.54,168.68,206.74,1,1,1,0
41,2128,1217.9,66.57,382.17,556.06,1,1,1,1
41,2129,340.56,275.49,308.3,396.42,1,1,1,1
41,2130,848.38,520.76,160.93,217.65,1,1,1,0
41,2132,33.36,363.1,213.96,243.91,1,1,1,0
41,2135,1080.12,287.87,93.9,125.04,1,1,1,0
41,2131,1742.0,332.12,110.68,126.43,1,1,1,0
42,2127,700.35,208.14,167.74,205.54,1,1,1,0
42,2128,1217.7,66.36,383.12,556.45,1,1,1,1
42,2129,338.04,274.25,309.23,397.68,1,1,1,1
42,2130,848.57,520.67,161.26,217.91,1,1,1,0
42,2132,33.43,363.08,213.54,243.84,1,1,1,0
42,2135,1080.07,287.75,93.9,124.85,1,1,1,0
42,2131,1743.69,331.47,107.35,122.13,1,1,1,0
43,2127,700.6,208.57,167.12,204.68,1,1,1,0
43,2128,1217.32,66.68,383.68,556.61,1,1,1,1
43,2129,336.27,273.4,310.1,398.54,1,1,1,1
43,2130,847.73,520.45,163.1,220.61,1,1,1,0
43,2132,34.27,362.47,214.26,245.04,1,1,1,0
43,2135,1080.27,287.51,93.47,123.98,1,1,1,0
43,2131,1743.13,331.03,106.85,121.26,1,1,1,0
44,2127,701.07,208.54,166.93,204.37,1,1,1,0
44,2128,1217.49,67.9,383.26,555.19,1,1,1,1
44,2129,332.28,271.6,312.78,402.33,1,1,1,1
44,2130,847.55,519.97,163.46,221.23,1,1,1,0
44,2132,34.86,362.25,214.52,245.5,1,1,1,0
44,2135,1079.54,287.62,93.31,123.66,1,1,1,0
44,2131,1744.99,330.87,104.12,117.33,1,1,1,0
45,2127,700.66,207.92,168.02,205.85,1,1,1,0
45,2128,1217.23,68.16,383.74,554.87,1,1,1,1
45,2129,329.73,271.93,314.77,405.53,1,1,1,1
45,2130,847.59,519.4,163.3,221.07,1,1,1,0
45,2132,35.01,362.37,215.76,246.88,1,1,1,0
45,2135,1078.75,287.08,94.29,124.74,1,1,1,0
45,2131,1745.22,330.01,105.61,119.05,1,1,1,0
46,2127,700.53,207.7,168.37,206.42,1,1,1,0
46,2128,1217.46,68.45,383.67,553.77,1,1,1,1
46,2129,326.86,274.06,314.66,406.72,1,1,1,1
46,2130,847.96,519.59,162.45,219.8,1,1,1,0
46,2132,34.2,363.02,215.07,246.61,1,1,1,0
46,2135,1078.41,286.88,94.76,125.14,1,1,1,0
46,2131,1746.95,329.7,102.85,115.3,1,1,1,0
47,2127,700.23,207.22,169.0,207.43,1,1,1,0
47,2128,1217.12,68.56,384.48,554.16,1,1,1,1
47,2129,324.7,274.49,316.47,410.7,1,1,1,1
47,2130,848.3,519.67,161.66,218.52,1,1,1,0
47,2132,31.93,362.47,215.37,246.51,1,1,1,0
47,2135,1078.15,286.71,95.21,125.6,1,1,1,0
47,2131,1748.53,329.6,99.93,111.03,1,1,1,0
48,2127,700.11,207.04,169.24,207.81,1,1,1,0
48,2128,1216.84,69.0,385.09,554.33,1,1,1,1
48,2129,323.55,273.86,316.34,412.17,1,1,1,1
48,2130,849.7,519.31,159.57,215.25,1,1,1,0
48,2132,34.18,362.46,217.41,249.27,1,1,1,0
48,2135,1077.54,286.75,95.62,125.87,1,1,1,0
48,2131,1753.06,329.36,92.56,100.92,1,1,1,0
49,2127,701.09,207.57,168.08,206.35,1,1,1,0
49,2128,1214.79,65.37,387.21,558.19,1,1,1,1
49,2129,324.43,274.13,314.36,410.6,1,1,1,1
49,2130,849.98,518.78,159.22,214.42,1,1,1,0
49,2132,31.7,361.08,221.49,253.08,1,1,1,0
49,2135,1076.89,286.08,95.82,125.86,1,1,1,0
49,2131,1757.03,328.87,88.55,95.12,1,1,1,0
50,2127,701.46,207.38,167.64,205.8,1,1,1,0
50,2128,1213.99,67.18,384.88,555.29,1,1,1,1
50,2129,326.04,274.73,311.16,407.06,1,1,1,1
50,2130,850.18,518.39,158.85,213.53,1,1,1,0
50,2132,30.87,360.95,223.86,255.3,1,1,1,0
50,2135,1074.6,285.93,95.22,125.56,1,1,1,0
50,2131,1758.85,327.46,87.91,93.2,1,1,1,0
51,2127,701.5,206.71,167.64,205.99,1,1,1,0
51,2128,1213.76,65.58,385.45,557.27,1,1,1,1
51,2129,326.88,276.07,307.81,403.0,1,1,1,1
51,2130,849.69,517.85,159.0,213.22,1,1,1,0
51,2132,31.86,359.33,226.83,258.5,1,1,1,0
51,2135,1073.88,285.79,94.74,125.34,1,1,1,0
51,2131,1759.4,327.18,87.82,92.2,1,1,1,0
52,2127,701.48,205.87,168.52,207.25,1,1,1,0
52,2128,1213.58,68.47,382.28,552.95,1,1,1,1
52,2129,327.18,277.97,307.06,401.65,1,1,1,1
52,2130,849.38,517.26,159.27,213.12,1,1,1,0
52,2132,31.94,359.91,226.32,257.71,1,1,1,0
52,2135,1073.95,285.04,94.68,125.36,1,1,1,0
52,2131,1759.73,326.28,89.11,93.16,1,1,1,0
53,2127,702.1,205.56,168.37,207.34,1,1,1,0
53,2128,1213.35,69.17,380.23,550.51,1,1,1,1
53,2129,326.32,281.67,309.6,404.53,1,1,1,1
53,2130,848.55,517.05,159.97,213.91,1,1,1,0
53,2132,33.33,360.14,226.53,257.37,1,1,1,0
53,2135,1074.4,284.67,94.67,125.27,1,1,1,0
53,2131,1758.43,325.77,90.74,94.39,1,1,1,0
54,2127,702.58,205.65,167.81,206.96,1,1,1,0
54,2128,1212.63,69.63,379.17,549.41,1,1,1,1
54,2129,324.1,284.34,312.44,408.3,1,1,1,1
54,2130,847.79,516.98,160.3,214.22,1,1,1,0
54,2132,32.01,360.24,226.43,256.01,1,1,1,0
54,2135,1074.01,284.94,94.21,124.83,1,1,1,0
54,2131,1758.41,325.8,91.98,95.31,1,1,1,0
55,2127,703.29,205.69,167.34,206.82,1,1,1,0
55,2128,1215.01,68.89,376.69,546.93,1,1,1,1
55,2129,322.23,285.91,314.04,411.1,1,1,1,1
55,2130,847.01,516.77,160.62,214.55,1,1,1,0
55,2132,32.27,360.09,227.51,255.87,1,1,1,0
55,2135,1073.51,285.25,93.97,124.67,1,1,1,0
55,2131,1759.18,326.03,92.45,95.71,1,1,1,0
56,2127,704.23,206.51,166.59,206.37,1,1,1,0
56,2128,1213.88,69.31,375.08,544.73,1,1,1,1
56,2129,321.31,287.97,314.73,412.64,1,1,1,1
56,2130,846.68,516.7,160.78,214.68,1,1,1,0
56,2132,31.61,360.43,225.63,253.41,1,1,1,0
56,2135,1073.52,284.97,94.32,125.2,1,1,1,0
56,2131,1758.62,325.73,94.27,97.5,1,1,1,0
57,2127,704.48,205.63,166.49,206.59,1,1,1,0
57,2128,1212.86,68.06,374.09,543.74,1,1,1,1
57,2129,321.31,289.11,314.77,413.19,1,1,1,1
57,2130,846.65,516.68,159.86,213.15,1,1,1,0
57,2132,32.28,360.37,224.9,252.07,1,1,1,0
57,2135,1073.74,284.88,94.05,125.01,1,1,1,0
57,2131,1757.53,325.63,96.67,100.18,1,1,1,0
58,2127,704.06,206.5,165.87,205.88,1,1,1,0
58,2128,1211.53,66.79,373.65,543.4,1,1,1,1
58,2129,322.59,291.38,313.06,411.08,1,1,1,1
58,2130,844.81,516.48,161.57,215.57,1,1,1,0
58,2132,32.8,359.95,223.88,250.76,1,1,1,0
58,2135,1073.84,284.75,93.94,124.84,1,1,1,0
58,2131,1755.2,325.8,98.24,102.39,1,1,1,0
58,2136,1824.05,403.37,149.25,207.2,1,1,1,0
59,2127,703.18,206.83,164.67,204.42,1,1,1,0
59,2128,1210.92,67.41,372.57,542.02,1,1,1,1
59,2129,324.88,293.2,309.28,405.26,1,1,1,1
59,2130,843.76,516.42,162.15,216.48,1,1,1,0
59,2132,31.85,360.6,222.14,248.67,1,1,1,0
59,2135,1073.85,284.41,93.97,124.87,1,1,1,0
59,2131,1753.5,325.87,98.83,104.42,1,1,1,0
59,2136,1816.81,401.44,143.6,199.2,1,1,1,0
60,2127,702.94,207.26,164.03,203.77,1,1,1,0
60,2128,1210.55,68.75,371.31,540.24,1,1,1,1
60,2129,327.06,295.73,306.45,400.34,1,1,1,1
60,2130,843.56,516.0,161.18,215.24,1,1,1,0
60,2132,33.71,360.45,222.25,248.7,1,1,1,0
60,2135,1073.9,284.38,93.92,124.79,1,1,1,0
60,2131,1755.42,327.48,95.47,102.84,1,1,1,0
60,2136,1807.22,402.15,132.89,184.06,1,1,1,0
61,2127,702.99,206.92,164.31,204.03,1,1,1,0
61,2128,1209.84,68.55,370.43,538.91,1,1,1,1
61,2129,328.17,296.43,304.85,397.11,1,1,1,1
61,2130,843.88,515.26,160.04,213.77,1,1,1,0
61,2132,36.22,361.99,219.11,245.13,1,1,1,0
61,2135,1073.48,284.28,93.98,125.05,1,1,1,0
61,2131,1753.46,327.72,97.97,106.99,1,1,1,0
61,2136,1795.79,400.09,132.44,182.6,1,1,1,0
62,2127,704.47,205.39,164.68,204.14,1,1,1,0
62,2128,1211.1,69.47,368.32,535.66,1,1,1,1
62,2129,328.95,296.44,303.56,394.12,1,1,1,1
62,2130,842.76,514.78,159.72,213.42,1,1,1,0
62,2132,36.08,362.38,218.02,243.79,1,1,1,0
62,2135,1072.78,284.35,93.52,124.86,1,1,1,0
62,2131,1752.45,327.22,102.6,113.61,1,1,1,0
62,2136,1787.1,402.16,132.83,181.52,1,1,1,0
63,2127,705.44,204.42,165.6,204.59,1,1,1,0
63,2128,1211.19,66.42,368.36,536.48,1,1,1,1
63,2129,328.82,295.38,300.74,388.84,1,1,1,1
63,2130,842.48,514.62,158.55,211.7,1,1,1,0
63,2132,33.12,359.91,221.32,246.53,1,1,1,0
63,2135,1072.95,284.18,93.29,124.78,1,1,1,0
63,2131,1749.47,327.03,104.91,117.29,1,1,1,0
63,2136,1775.36,403.74,134.3,181.43,1,1,1,0
64,2127,706.55,203.56,166.84,205.46,1,1,1,0
64,2128,1210.11,65.37,367.46,535.34,1,1,1,1
64,2129,327.07,293.84,301.88,389.62,1,1,1,1
64,2130,841.74,514.37,157.79,210.46,1,1,1,0
64,2132,28.68,357.4,223.36,248.37,1,1,1,0
64,2135,1072.68,284.12,93.11,124.76,1,1,1,0
64,2131,1746.64,326.96,109.12,122.57,1,1,1,0
64,2136,1762.46,408.31,133.08,177.37,1,1,1,0
65,2127,707.3,203.15,168.22,206.69,1,1,1,0
65,2128,1207.83,62.39,368.92,537.95,1,1,1,1
65,2129,328.16,293.73,299.46,385.47,1,1,1,1
65,2130,841.5,514.48,157.49,209.81,1,1,1,0
65,2132,25.0,356.45,225.04,249.48,1,1,1,0
65,2135,1072.87,284.01,93.26,125.05,1,1,1,0
65,2131,1745.95,328.28,108.39,121.9,1,1,1,0
65,2136,1744.18,409.06,135.81,179.07,1,1,1,0
66,2127,707.76,202.21,169.93,208.74,1,1,1,0
66,2128,1205.93,61.98,368.44,537.47,1,1,1,1
66,2129,327.31,291.76,299.71,385.07,1,1,1,1
66,2130,838.88,514.54,160.05,213.59,1,1,1,0
66,2132,23.59,355.91,226.35,250.3,1,1,1,0
66,2135,1072.23,283.97,93.18,125.16,1,1,1,0
66,2131,1747.46,329.2,104.54,117.63,1,1,1,0
66,2136,1723.52,409.91,139.63,182.68,1,1,1,0
67,2127,707.71,201.87,170.99,209.91,1,1,1,0
67,2128,1205.84,61.45,369.05,537.32,1,1,1,1
67,2129,326.51,289.8,299.99,384.58,1,1,1,1
67,2130,837.96,514.57,159.35,212.63,1,1,1,0
67,2132,20.03,355.13,229.81,253.39,1,1,1,0
67,2135,1072.13,284.06,92.86,124.9,1,1,1,0
67,2131,1747.91,329.55,103.33,116.7,1,1,1,0
67,2136,1707.27,412.82,144.75,186.92,1,1,1,0
68,2127,707.9,201.55,171.71,210.73,1,1,1,0
68,2128,1203.99,58.38,373.0,541.38,1,1,1,1
68,2129,326.27,288.06,299.62,383.06,1,1,1,1
68,2130,836.38,514.59,159.2,212.27,1,1,1,0
68,2132,17.27,354.65,231.78,254.95,1,1,1,0
68,2135,1072.63,283.9,93.3,125.6,1,1,1,0
68,2131,1747.49,329.48,104.09,117.91,1,1,1,0
68,2136,1691.09,412.65,145.41,184.94,1,1,1,0
69,2127,708.34,201.45,172.0,211.03,1,1,1,0
69,2128,1203.81,56.36,376.67,544.41,1,1,1,1
69,2129,326.61,285.41,299.46,382.14,1,1,1,1
69,2130,834.77,513.4,158.82,211.34,1,1,1,0
69,2132,16.31,354.69,234.26,257.11,1,1,1,0
69,2135,1072.6,283.54,93.11,125.36,1,1,1,0
69,2131,1746.27,328.46,106.49,121.1,1,1,1,0
69,2136,1671.45,411.92,146.45,184.65,1,1,1,0
70,2127,709.22,201.43,172.24,211.12,1,1,1,0
70,2128,1204.88,55.32,381.01,548.44,1,1,1,1
70,2129,327.15,283.02,298.41,379.65,1,1,1,1
70,2130,834.22,513.16,157.83,209.59,1,1,1,0
70,2132,15.85,354.72,236.04,258.7,1,1,1,0
70,2135,1072.66,283.41,92.91,125.27,1,1,1,0
70,2131,1751.77,328.47,95.5,108.58,1,1,1,0
70,2136,1655.48,412.82,147.53,184.17,1,1,1,0
71,2127,710.05,201.53,172.07,210.85,1,1,1,0
71,2128,1204.23,54.67,384.4,550.64,1,1,1,1
71,2129,327.97,280.85,297.43,377.27,1,1,1,1
71,2130,832.25,512.89,158.66,210.35,1,1,1,0
71,2132,16.08,355.15,239.07,262.05,1,1,1,0
71,2135,1072.69,283.07,92.83,125.34,1,1,1,0
71,2131,1754.65,327.02,91.4,104.29,1,1,1,0
71,2136,1636.79,412.92,150.39,186.04,1,1,1,0
72,2127,710.16,201.48,172.37,211.22,1,1,1,0
72,2128,1203.95,56.35,385.76,549.97,1,1,1,1
72,2129,328.88,278.96,297.07,375.94,1,1,1,1
72,2130,829.82,513.19,160.02,212.24,1,1,1,0
72,2132,15.82,355.32,241.21,264.47,1,1,1,0
72,2135,1072.44,283.04,92.54,125.06,1,1,1,0
72,2131,1755.39,326.52,88.88,101.57,1,1,1,0
72,2136,1617.21,412.53,155.34,191.16,1,1,1,0
73,2127,710.28,201.77,172.27,211.05,1,1,1,0
73,2128,1202.29,55.33,392.15,555.54,1,1,1,1
73,2129,329.26,276.88,297.27,375.3,1,1,1,1
73,2130,827.14,513.31,161.77,214.55,1,1,1,0
73,2132,15.28,355.2,242.16,265.55,1,1,1,0
73,2135,1072.03,283.04,92.27,124.96,1,1,1,0
73,2131,1755.8,325.32,87.7,100.62,1,1,1,0
73,2136,1595.32,410.58,165.04,202.98,1,1,1,0
74,2127,710.35,200.99,172.14,210.68,1,1,1,0
74,2128,1203.56,53.48,397.51,558.91,1,1,1,1
74,2129,329.09,275.04,298.98,376.62,1,1,1,1
74,2130,824.27,512.38,163.84,217.6,1,1,1,0
74,2132,17.11,354.57,240.73,263.75,1,1,1,0
74,2135,1071.7,281.95,91.75,124.42,1,1,1,0
74,2131,1757.02,324.69,85.13,98.28,1,1,1,0
74,2136,1573.79,407.5,172.59,212.87,1,1,1,0
75,2127,710.5,199.51,172.6,211.12,1,1,1,0
75,2128,1202.24,51.32,401.53,561.62,1,1,1,1
75,2129,329.47,273.8,299.74,376.97,1,1,1,1
75,2130,820.96,511.43,166.77,222.11,1,1,1,0
75,2132,20.98,354.74,237.21,259.43,1,1,1,0
75,2135,1071.52,281.34,90.87,123.42,1,1,1,0
75,2131,1758.35,324.88,82.42,95.43,1,1,1,0
75,2136,1566.49,404.73,158.81,196.97,1,1,1,0
76,2127,711.37,199.26,171.91,209.99,1,1,1,0
76,2128,1199.13,50.33,404.66,563.4,1,1,1,1
76,2129,329.38,272.58,300.11,376.74,1,1,1,1
76,2130,819.2,510.49,166.61,222.03,1,1,1,0
76,2132,24.48,354.82,232.84,253.77,1,1,1,0
76,2135,1071.1,280.52,90.47,123.05,1,1,1,0
76,2131,1760.92,323.12,82.2,95.25,1,1,1,0
76,2136,1565.19,406.04,144.18,179.4,1,1,1,0
77,2127,712.06,198.99,171.67,209.75,1,1,1,0
77,2128,1199.61,48.61,407.25,564.01,1,1,1,1
77,2129,329.02,272.16,301.27,377.49,1,1,1,1
77,2130,817.12,509.95,167.09,222.95,1,1,1,0
77,2132,30.58,355.46,227.95,247.61,1,1,1,0
77,2135,1070.46,279.63,90.51,123.31,1,1,1,0
77,2131,1763.03,322.1,81.36,94.83,1,1,1,0
77,2136,1565.42,413.98,132.4,165.04,1,1,1,0
78,2127,712.79,199.09,171.42,209.46,1,1,1,0
78,2128,1199.36,48.19,407.86,563.39,1,1,1,1
78,2129,326.8,271.85,301.7,377.61,1,1,1,1
78,2130,816.87,509.75,166.28,222.48,1,1,1,0
78,2132,35.81,356.31,226.91,246.54,1,1,1,0
78,2135,1070.56,280.2,88.27,120.13,1,1,1,0
78,2131,1765.64,321.74,80.61,94.72,1,1,1,0
79,2127,713.08,198.45,171.25,209.25,1,1,1,0
79,2128,1199.22,45.78,411.33,566.77,1,1,1,1
79,2129,325.72,272.77,301.74,377.08,1,1,1,1
79,2130,816.27,509.9,164.72,220.88,1,1,1,0
79,2132,40.28,357.23,224.85,243.77,1,1,1,0
79,2135,1068.91,277.92,88.41,120.24,1,1,1,0
79,2131,1767.93,323.24,79.26,94.32,1,1,1,0
80,2127,713.64,197.42,171.05,208.97,1,1,1,0
80,2128,1199.78,44.22,414.54,569.49,1,1,1,1
80,2129,323.61,272.56,302.57,377.5,1,1,1,1
80,2130,816.32,509.37,162.88,218.45,1,1,1,0
80,2132,43.44,357.77,222.56,240.37,1,1,1,0
80,2135,1066.19,276.29,87.91,119.9,1,1,1,0
80,2131,1770.36,323.21,78.78,94.62,1,1,1,0
81,2127,714.2,196.15,171.03,208.76,1,1,1,0
81,2128,1200.44,43.27,416.8,571.26,1,1,1,1
81,2129,322.23,273.01,303.5,378.38,1,1,1,1
81,2130,816.3,508.38,160.77,215.52,1,1,1,0
81,2132,44.85,358.38,224.51,241.97,1,1,1,0
81,2135,1064.44,275.8,86.03,117.28,1,1,1,0
81,2131,1770.94,321.61,80.77,97.97,1,1,1,0
82,2127,714.48,195.49,170.84,208.49,1,1,1,0
82,2128,1199.32,41.27,419.94,573.95,1,1,1,1
82,2129,319.66,274.4,306.37,382.71,1,1,1,1
82,2130,815.06,507.83,160.14,214.62,1,1,1,0
82,2132,43.88,357.59,230.11,247.81,1,1,1,0
82,2135,1062.82,275.14,84.91,115.61,1,1,1,0
82,2131,1771.86,321.22,81.64,100.02,1,1,1,0
83,2127,714.52,195.16,170.87,208.49,1,1,1,0
83,2128,1199.7,39.46,422.63,576.4,1,1,1,1
83,2129,315.96,276.82,309.39,387.22,1,1,1,1
83,2130,814.27,507.23,159.06,213.09,1,1,1,0
83,2132,46.46,357.69,230.83,248.43,1,1,1,0
83,2135,1061.94,274.52,84.32,114.62,1,1,1,0
83,2131,1773.83,322.27,81.81,101.21,1,1,1,0
84,2127,714.3,194.86,171.32,209.09,1,1,1,0
84,2128,1200.39,38.63,424.09,577.26,1,1,1,1
84,2129,309.92,278.55,315.5,396.05,1,1,1,1
84,2130,813.21,507.23,158.67,212.32,1,1,1,0
84,2132,47.18,356.93,229.7,246.7,1,1,1,0
84,2135,1060.78,274.01,84.26,114.38,1,1,1,0
84,2131,1773.95,322.29,83.06,103.64,1,1,1,0
85,2127,713.76,194.57,171.58,209.31,1,1,1,0
85,2128,1200.54,38.36,424.79,577.52,1,1,1,1
85,2129,305.52,280.58,320.21,403.11,1,1,1,1
85,2130,812.66,507.04,158.14,211.45,1,1,1,0
85,2132,49.46,356.03,227.91,244.05,1,1,1,0
85,2135,1059.45,273.74,84.52,114.62,1,1,1,0
85,2131,1771.9,320.73,87.66,110.45,1,1,1,0
86,2127,713.98,194.37,170.81,208.11,1,1,1,0
86,2128,1201.46,38.01,424.85,576.86,1,1,1,1
86,2129,307.2,283.71,317.61,401.04,1,1,1,1
86,2130,810.95,506.79,159.43,213.35,1,1,1,0
86,2132,52.42,355.5,226.13,241.07,1,1,1,0
86,2135,1058.22,272.87,84.55,114.74,1,1,1,0
86,2131,1770.68,319.18,96.43,123.06,1,1,1,0
86,2137,884.85,335.51,109.69,127.77,1,1,1,0
87,2127,714.84,193.82,171.32,208.15,1,1,1,0
87,2128,1201.59,38.12,425.23,576.75,1,1,1,1
87,2129,311.41,288.28,309.96,390.05,1,1,1,1
87,2130,809.29,506.51,160.46,214.67,1,1,1,0
87,2132,54.4,354.5,227.33,241.58,1,1,1,0
87,2135,1057.67,272.26,84.85,114.91,1,1,1,0
87,2131,1768.23,317.84,103.74,133.2,1,1,1,0
87,2137,885.22,335.19,109.69,127.77,1,1,1,0
88,2127,715.63,193.33,172.17,208.07,1,1,1,0
88,2128,1202.63,38.4,424.52,574.87,1,1,1,1
88,2129,317.88,291.39,304.63,382.38,1,1,1,1
88,2130,810.26,506.42,157.75,210.8,1,1,1,0
88,2132,58.49,354.93,225.61,238.61,1,1,1,0
88,2135,1056.87,272.15,84.64,114.49,1,1,1,0
88,2131,1771.73,315.98,109.69,140.65,1,1,1,0
88,2137,886.24,335.08,108.84,126.83,1,1,1,0
89,2127,714.4,193.46,173.11,208.74,1,1,1,0
89,2128,1204.88,38.84,422.46,571.23,1,1,1,1
89,2129,318.76,293.82,307.74,385.84,1,1,1,1
89,2130,807.36,506.4,160.15,214.54,1,1,1,0
89,2132,59.15,354.91,226.57,238.32,1,1,1,0
89,2135,1055.31,271.54,84.77,114.75,1,1,1,0
89,2131,1770.97,318.28,110.35,140.55,1,1,1,0
89,2137,886.36,335.05,108.96,126.99,1,1,1,0
90,2127,712.91,193.73,172.33,207.4,1,1,1,0
90,2128,1206.2,39.33,420.66,567.73,1,1,1,1
90,2129,324.36,296.96,303.94,380.06,1,1,1,1
90,2130,805.42,506.6,160.45,215.34,1,1,1,0
90,2132,58.83,354.5,230.94,242.25,1,1,1,0
90,2135,1054.23,271.23,85.09,115.16,1,1,1,0
90,2131,1778.94,260.4,164.88,209.05,1,1,1,0
90,2137,887.02,335.05,108.58,126.62,1,1,1,0
91,2127,711.27,193.74,171.75,206.6,1,1,1,0
91,2128,1209.22,38.25,419.68,564.9,1,1,1,1
91,2129,321.47,299.8,307.72,383.39,1,1,1,1
91,2130,804.37,506.69,158.12,212.07,1,1,1,0
91,2132,59.35,354.75,234.4,245.72,1,1,1,0
91,2135,1053.82,270.83,85.3,115.43,1,1,1,0
91,2131,1779.65,241.03,183.06,231.0,1,1,1,0
91,2137,889.27,335.06,106.94,124.8,1,1,1,0
92,2127,710.29,193.86,170.67,205.01,1,1,1,0
92,2128,1211.98,36.56,419.17,562.35,1,1,1,1
92,2129,317.02,301.1,322.22,401.46,1,1,1,1
92,2130,803.04,505.13,156.79,210.02,1,1,1,0
92,2132,55.91,354.46,240.02,251.41,1,1,1,0
92,2135,1052.9,270.51,85.39,115.54,1,1,1,0
92,2131,1780.6,243.07,171.22,212.13,1,1,1,0
92,2137,891.44,335.06,106.1,124.18,1,1,1,0
93,2127,709.39,194.32,170.54,204.62,1,1,1,0
93,2128,1212.96,35.05,417.42,558.51,1,1,1,1
93,2129,322.2,302.82,325.68,404.2,1,1,1,1
93,2130,801.87,505.56,155.36,207.47,1,1,1,0
93,2132,54.14,353.17,246.71,259.47,1,1,1,0
93,2135,1051.7,270.3,85.62,115.89,1,1,1,0
93,2131,1772.41,241.22,171.55,208.66,1,1,1,0
93,2137,893.92,335.07,104.82,123.15,1,1,1,0
94,2127,708.54,194.49,170.74,204.68,1,1,1,0
94,2128,1214.01,33.82,416.91,556.39,1,1,1,1
94,2129,322.01,303.32,320.75,398.97,1,1,1,1
94,2130,802.06,505.53,155.27,207.53,1,1,1,0
94,2132,54.94,352.29,246.16,259.0,1,1,1,0
94,2135,1051.38,270.54,85.51,115.73,1,1,1,0
94,2131,1759.03,239.65,182.83,219.53,1,1,1,0
94,2137,898.31,335.28,101.41,119.92,1,1,1,0
94,2139,1150.07,334.91,145.05,175.5,1,1,1,0
95,2127,707.97,194.37,171.34,205.32,1,1,1,0
95,2128,1214.74,33.38,417.55,555.64,1,1,1,1
95,2129,321.84,305.72,316.36,396.18,1,1,1,1
95,2130,794.24,505.13,160.74,213.58,1,1,1,0
95,2132,44.21,350.78,265.37,281.27,1,1,1,0
95,2135,1050.94,270.75,85.4,115.38,1,1,1,0
95,2131,1733.76,239.09,213.83,254.59,1,1,1,0
95,2137,901.79,335.35,99.62,118.77,1,1,1,0
95,2139,1150.94,333.43,144.6,174.94,1,1,1,0
96,2127,707.41,193.93,172.29,206.37,1,1,1,0
96,2128,1215.93,33.65,417.89,554.6,1,1,1,1
96,2129,324.46,304.48,315.05,395.99,1,1,1,1
96,2130,781.29,504.0,176.6,235.39,1,1,1,0
96,2132,39.69,350.03,270.73,288.95,1,1,1,0
96,2135,1050.67,270.74,85.64,115.55,1,1,1,0
96,2131,1733.04,241.21,193.1,227.09,1,1,1,0
96,2137,904.66,335.38,99.74,120.04,1,1,1,0
96,2139,1149.57,332.46,146.37,177.1,1,1,1,0
97,2127,706.9,194.56,173.3,207.77,1,1,1,0
97,2128,1215.06,33.48,420.17,556.54,1,1,1,1
97,2129,324.06,303.36,312.11,392.11,1,1,1,1
97,2130,785.97,503.77,168.86,224.24,1,1,1,0
97,2132,40.15,351.1,272.04,292.86,1,1,1,0
97,2135,1050.66,270.85,85.6,115.32,1,1,1,0
97,2131,1722.99,242.48,180.65,210.07,1,1,1,0
97,2137,906.03,334.99,99.04,120.13,1,1,1,0
97,2139,1149.25,330.85,147.58,178.69,1,1,1,0
98,2127,707.86,194.61,172.97,207.1,1,1,1,0
98,2128,1216.37,34.54,419.27,554.22,1,1,1,1
98,2129,325.11,303.28,307.75,386.62,1,1,1,1
98,2130,788.37,503.5,165.06,218.82,1,1,1,0
98,2132,44.12,350.76,268.07,290.35,1,1,1,0
98,2135,1050.69,270.8,85.59,115.14,1,1,1,0
98,2131,1711.58,243.81,172.01,197.95,1,1,1,0
98,2137,904.52,334.84,98.65,120.19,1,1,1,0
98,2139,1145.03,328.84,164.87,200.41,1,1,1,0
99,2127,709.01,194.63,172.11,205.66,1,1,1,0
99,2128,1217.39,35.77,419.4,553.38,1,1,1,1
99,2129,324.36,302.0,303.37,380.15,1,1,1,1
99,2130,789.33,503.81,163.64,216.76,1,1,1,0
99,2132,43.19,350.25,272.15,297.08,1,1,1,0
99,2135,1050.54,270.7,85.96,115.37,1,1,1,0
99,2131,1695.94,244.14,172.38,196.83,1,1,1,0
99,2139,1144.54,328.36,169.27,206.61,1,1,1,0
100,2127,708.92,194.54,172.03,205.21,1,1,1,0
100,2128,1218.48,36.14,419.56,552.6,1,1,1,1
100,2129,326.41,298.47,302.08,378.35,1,1,1,1
100,2130,787.95,503.74,164.31,217.38,1,1,1,0
100,2132,43.75,349.67,270.19,297.2,1,1,1,0
100,2135,1050.78,270.26,86.34,115.67,1,1,1,0
100,2131,1678.87,243.94,174.66,198.33,1,1,1,0
100,2139,1143.35,328.05,170.46,209.1,1,1,1,0
101,2127,708.88,194.3,172.03,204.85,1,1,1,0
101,2128,1219.7,36.09,419.52,551.54,1,1,1,1
101,2129,326.1,291.83,304.14,381.04,1,1,1,1
101,2130,786.63,503.92,164.67,217.8,1,1,1,0
101,2132,47.49,351.04,259.86,287.28,1,1,1,0
101,2135,1050.94,270.01,86.39,115.68,1,1,1,0
101,2131,1660.46,243.96,177.5,201.18,1,1,1,0
101,2139,1142.14,327.38,170.3,210.16,1,1,1,0
102,2127,708.41,194.32,172.15,204.82,1,1,1,0
102,2128,1221.12,36.08,419.09,549.18,1,1,1,1
102,2129,325.07,283.76,307.34,385.27,1,1,1,1
102,2130,783.77,503.8,167.24,221.33,1,1,1,0
102,2132,49.46,352.58,254.66,283.08,1,1,1,0
102,2135,1050.57,269.72,87.31,116.88,1,1,1,0
102,2131,1644.86,246.63,175.61,199.01,1,1,1,0
102,2139,1143.77,326.58,169.16,209.53,1,1,1,0
102,2136,1010.4,396.26,139.93,158.99,1,1,1,0
103,2127,708.21,194.33,172.24,204.62,1,1,1,0
103,2128,1223.9,35.68,419.16,547.53,1,1,1,1
103,2129,325.2,274.59,308.71,387.48,1,1,1,1
103,2130,783.26,504.16,167.94,223.04,1,1,1,0
103,2132,52.4,351.57,256.85,285.44,1,1,1,0
103,2135,1050.92,269.63,88.29,118.13,1,1,1,0
103,2131,1643.55,251.35,159.66,181.72,1,1,1,0
103,2139,1144.5,326.11,165.66,205.88,1,1,1,0
103,2136,995.35,398.34,151.01,172.01,1,1,1,0
104,2127,707.93,194.53,172.72,204.95,1,1,1,0
104,2128,1224.85,36.24,417.7,544.25,1,1,1,1
104,2129,326.19,265.91,308.11,386.84,1,1,1,1
104,2130,783.6,504.7,167.25,222.88,1,1,1,0
104,2132,56.23,351.19,247.81,275.18,1,1,1,0
104,2135,1051.46,269.79,89.44,119.78,1,1,1,0
104,2131,1626.91,255.15,162.09,185.6,1,1,1,0
104,2139,1143.95,325.98,169.93,211.92,1,1,1,0
104,2136,969.34,400.4,158.83,181.43,1,1,1,0
105,2127,707.9,194.61,172.74,204.88,1,1,1,0
105,2128,1228.97,37.65,413.91,537.87,1,1,1,1
105,2129,327.18,259.03,308.23,387.49,1,1,1,1
105,2130,784.11,504.91,165.53,221.19,1,1,1,0
105,2132,56.11,351.25,247.77,275.8,1,1,1,0
105,2135,1052.14,270.06,91.32,122.38,1,1,1,0
105,2131,1617.65,260.37,157.26,181.06,1,1,1,0
105,2139,1142.69,325.75,170.84,214.08,1,1,1,0
105,2136,956.27,401.92,148.4,170.51,1,1,1,0
106,2127,708.01,194.44,172.51,204.46,1,1,1,0
106,2128,1231.14,37.39,409.96,531.52,1,1,1,1
106,2129,326.89,252.67,310.19,390.81,1,1,1,1
106,2130,784.45,504.99,163.07,217.74,1,1,1,0
106,2132,58.33,351.08,247.44,276.22,1,1,1,0
106,2135,1052.47,270.07,92.68,124.43,1,1,1,0
106,2131,1611.38,266.33,150.48,175.16,1,1,1,0
106,2139,1143.96,325.89,166.43,208.84,1,1,1,0
106,2141,1790.32,309.23,75.92,87.15,1,1,1,0
107,2127,707.92,194.28,172.71,204.6,1,1,1,0
107,2128,1232.53,40.2,400.79,518.48,1,1,1,1
107,2129,325.65,248.51,313.76,396.73,1,1,1,1
107,2130,786.93,505.02,159.93,213.62,1,1,1,0
107,2132,62.7,352.02,241.73,270.19,1,1,1,0
107,2135,1053.68,271.46,92.6,124.61,1,1,1,0
107,2131,1606.34,273.41,141.2,166.87,1,1,1,0
107,2139,1147.24,325.79,163.11,204.24,1,1,1,0
107,2141,1793.28,308.72,74.12,85.0,1,1,1,0
108,2127,707.79,194.42,172.98,204.86,1,1,1,0
108,2128,1234.16,41.45,393.43,507.65,1,1,1,1
108,2129,323.77,246.87,315.9,401.12,1,1,1,1
108,2130,788.74,505.43,157.07,209.67,1,1,1,0
108,2132,66.08,353.18,233.12,260.65,1,1,1,0
108,2135,1055.27,273.28,91.88,123.76,1,1,1,0
108,2131,1607.84,280.69,125.41,150.3,1,1,1,0
108,2139,1145.93,325.97,163.71,205.22,1,1,1,0
108,2141,1797.31,309.03,71.21,81.44,1,1,1,0
109,2127,707.75,194.27,173.08,204.77,1,1,1,0
109,2128,1235.03,41.39,388.5,499.87,1,1,1,1
109,2129,319.54,246.19,322.75,412.04,1,1,1,1
109,2130,788.75,505.59,156.59,209.02,1,1,1,0
109,2132,64.99,352.81,237.14,266.05,1,1,1,0
109,2135,1056.05,274.17,92.04,124.2,1,1,1,0
109,2131,1609.69,299.34,109.82,132.07,1,1,1,0
109,2139,1145.07,325.66,165.05,207.13,1,1,1,0
109,2141,1800.38,308.67,70.2,79.98,1,1,1,0
110,2127,707.56,194.42,172.66,204.14,1,1,1,0
110,2128,1235.3,40.94,384.74,492.73,1,1,1,1
110,2129,319.94,247.11,318.96,408.78,1,1,1,1
110,2130,786.49,505.44,158.57,211.42,1,1,1,0
110,2132,65.19,352.87,240.54,271.02,1,1,1,0
110,2135,1056.25,273.9,92.25,124.75,1,1,1,0
110,2131,1617.54,321.89,98.13,118.22,1,1,1,0
110,2139,1143.9,324.77,165.25,207.8,1,1,1,0
110,2141,1801.03,308.56,70.31,79.63,1,1,1,0
111,2127,708.0,194.48,172.29,203.5,1,1,1,0
111,2128,1235.35,40.76,382.23,487.06,1,1,1,1
111,2129,321.32,247.92,315.23,405.13,1,1,1,1
111,2130,785.61,505.59,159.44,212.54,1,1,1,0
111,2132,68.89,354.08,233.15,263.19,1,1,1,0
111,2135,1057.28,273.79,91.98,124.93,1,1,1,0
111,2139,1147.02,323.25,165.32,207.19,1,1,1,0
111,2141,1797.04,307.78,75.13,84.67,1,1,1,0
112,2127,708.64,194.4,172.02,202.97,1,1,1,0
112,2128,1235.43,39.77,382.81,485.68,1,1,1,1
112,2129,321.75,248.93,313.4,403.87,1,1,1,1
112,2130,785.7,505.24,161.36,215.77,1,1,1,0
112,2132,72.69,354.74,229.74,259.78,1,1,1,0
112,2135,1058.9,273.74,91.76,124.99,1,1,1,0
112,2139,1150.5,322.7,164.34,204.51,1,1,1,0
112,2141,1794.06,308.03,75.03,84.05,1,1,1,0
113,2127,708.62,194.37,172.42,203.18,1,1,1,0
113,2128,1238.62,38.9,386.81,487.48,1,1,1,1
113,2129,322.68,250.29,311.58,402.46,1,1,1,1
113,2130,785.58,505.11,162.44,217.78,1,1,1,0
113,2132,75.01,355.38,228.15,258.56,1,1,1,0
113,2135,1060.36,274.31,91.53,124.99,1,1,1,0
113,2139,1152.65,323.32,163.05,201.45,1,1,1,0
113,2141,1794.59,307.62,69.92,77.95,1,1,1,0
114,2127,708.41,194.56,172.99,203.66,1,1,1,0
114,2128,1239.85,39.17,390.61,489.32,1,1,1,1
114,2129,323.82,250.88,310.3,401.5,1,1,1,1
114,2130,785.47,504.86,163.0,219.14,1,1,1,0
114,2132,72.06,356.21,236.57,269.99,1,1,1,0
114,2135,1061.72,274.62,91.37,124.87,1,1,1,0
114,2139,1152.47,323.57,162.49,199.86,1,1,1,0
114,2141,1792.43,307.38,67.64,74.95,1,1,1,0
115,2127,709.07,194.43,173.32,204.05,1,1,1,0
115,2128,1238.55,40.68,392.3,489.56,1,1,1,1
115,2129,325.95,251.37,308.63,399.71,1,1,1,1
115,2130,785.51,504.77,163.08,219.64,1,1,1,0
115,2132,72.93,359.27,238.21,273.04,1,1,1,0
115,2135,1063.13,274.83,91.07,124.51,1,1,1,0
115,2139,1151.74,323.08,163.55,200.86,1,1,1,0
115,2141,1790.95,306.05,68.33,75.21,1,1,1,0
116,2127,709.93,194.48,173.82,204.7,1,1,1,0
116,2128,1238.2,40.84,395.0,490.97,1,1,1,1
116,2129,328.21,252.61,307.67,398.82,1,1,1,1
116,2130,787.09,504.54,160.8,216.44,1,1,1,0
116,2132,75.45,361.03,237.02,272.83,1,1,1,0
116,2135,1064.34,274.7,91.92,125.96,1,1,1,0
116,2139,1151.07,323.12,164.69,202.43,1,1,1,0
116,2141,1789.55,304.77,70.39,76.99,1,1,1,0
117,2127,711.43,193.61,175.61,207.03,1,1,1,0
117,2128,1239.04,41.09,399.61,495.0,1,1,1,1
117,2129,332.89,252.82,304.23,393.99,1,1,1,1
117,2130,788.37,504.05,160.2,215.21,1,1,1,0
117,2132,81.44,360.88,231.43,265.97,1,1,1,0
117,2135,1067.7,276.72,90.34,123.82,1,1,1,0
117,2139,1152.49,323.14,166.1,203.8,1,1,1,0
117,2141,1790.36,304.12,71.78,78.07,1,1,1,0
118,2127,713.32,193.28,176.0,207.52,1,1,1,0
118,2128,1238.04,42.88,402.74,497.89,1,1,1,1
118,2129,336.56,252.74,301.51,389.96,1,1,1,1
118,2130,790.72,503.27,158.63,212.55,1,1,1,0
118,2132,89.9,361.99,224.27,257.32,1,1,1,0
118,2135,1071.61,277.29,89.2,121.98,1,1,1,0
118,2139,1151.08,321.38,170.9,210.26,1,1,1,0
118,2141,1792.43,304.19,72.02,77.6,1,1,1,0
119,2127,715.03,192.96,175.71,207.09,1,1,1,0
119,2128,1237.87,42.35,406.6,502.22,1,1,1,1
119,2129,335.3,250.64,307.7,398.59,1,1,1,1
119,2130,791.59,502.59,158.88,212.36,1,1,1,0
119,2132,97.65,362.17,217.64,249.25,1,1,1,0
119,2135,1074.4,277.39,90.06,122.99,1,1,1,0
119,2139,1151.72,320.13,173.47,213.86,1,1,1,0
119,2141,1796.05,303.34,72.92,77.95,1,1,1,0
120,2127,716.95,192.34,175.4,206.62,1,1,1,0
120,2128,1240.96,40.65,409.63,505.18,1,1,1,1
120,2129,337.5,248.49,306.01,396.46,1,1,1,1
120,2130,794.68,502.34,157.44,209.9,1,1,1,0
120,2132,99.19,361.6,219.4,251.61,1,1,1,0
120,2135,1077.87,277.41,90.19,122.97,1,1,1,0
120,2139,1153.46,318.3,174.96,215.99,1,1,1,0
120,2141,1799.51,302.34,73.84,78.39,1,1,1,0
121,2127,719.03,191.42,175.69,206.93,1,1,1,0
121,2128,1243.11,40.59,408.74,504.54,1,1,1,1
121,2129,337.8,246.32,307.75,399.42,1,1,1,1
121,2130,796.92,501.65,157.12,209.19,1,1,1,0
121,2132,102.1,361.58,224.09,257.13,1,1,1,0
121,2135,1080.64,277.2,91.19,124.16,1,1,1,0
121,2139,1155.68,317.41,173.55,214.39,1,1,1,0
121,2141,1803.94,301.59,74.26,78.57,1,1,1,0
122,2127,721.72,190.68,175.11,206.25,1,1,1,0
122,2128,1245.46,40.36,408.4,504.9,1,1,1,1
122,2129,339.25,243.75,309.24,402.31,1,1,1,1
122,2130,798.28,501.2,157.52,209.55,1,1,1,0
122,2132,106.04,360.56,226.49,260.23,1,1,1,0
122,2135,1083.36,277.51,91.26,124.21,1,1,1,0
122,2139,1159.63,316.51,176.24,216.88,1,1,1,0
122,2141,1807.1,300.92,74.58,78.65,1,1,1,0
123,2127,723.48,189.62,175.73,206.98,1,1,1,0
123,2128,1244.53,39.19,408.61,506.33,1,1,1,1
123,2129,343.1,241.83,308.48,401.61,1,1,1,1
123,2130,800.37,500.45,156.85,208.31,1,1,1,0
123,2132,109.62,359.36,223.53,257.46,1,1,1,0
123,2135,1086.18,277.32,90.74,123.13,1,1,1,0
123,2139,1160.82,318.56,165.15,203.19,1,1,1,0
123,2141,1810.42,300.3,75.1,79.29,1,1,1,0
124,2127,725.07,188.24,176.39,207.85,1,1,1,0
124,2128,1244.82,38.24,408.9,507.57,1,1,1,1
124,2129,345.57,240.16,307.49,401.12,1,1,1,1
124,2130,800.55,499.38,157.76,209.06,1,1,1,0
124,2132,112.1,358.69,227.19,262.21,1,1,1,0
124,2135,1089.38,276.94,90.11,121.81,1,1,1,0
124,2139,1162.32,319.4,158.57,194.92,1,1,1,0
124,2141,1812.99,299.59,75.73,79.83,1,1,1,0
125,2127,727.27,187.93,175.73,206.98,1,1,1,0
125,2128,1247.04,37.79,407.87,507.94,1,1,1,1
125,2129,350.25,239.19,305.48,399.73,1,1,1,1
125,2130,801.6,498.59,157.67,208.56,1,1,1,0
125,2132,118.57,357.65,222.58,257.46,1,1,1,0
125,2135,1091.51,276.69,90.24,121.62,1,1,1,0
125,2139,1162.91,319.73,153.18,188.26,1,1,1,0
125,2141,1815.08,298.15,76.78,81.23,1,1,1,0
126,2127,729.2,187.04,176.38,207.84,1,1,1,0
126,2128,1248.58,36.94,407.59,508.57,1,1,1,1
126,2129,355.37,239.07,303.69,398.59,1,1,1,1
126,2130,800.92,497.51,158.91,209.59,1,1,1,0
126,2132,121.19,356.04,224.17,259.63,1,1,1,0
126,2135,1093.36,276.69,89.62,120.45,1,1,1,0
126,2139,1163.85,319.86,147.27,180.99,1,1,1,0
126,2141,1816.63,297.53,77.11,81.86,1,1,1,0
127,2127,731.41,186.12,175.14,206.17,1,1,1,0
127,2128,1249.1,34.83,407.5,509.8,1,1,1,1
127,2129,359.4,239.28,302.65,398.35,1,1,1,1
127,2130,801.54,496.73,159.15,209.59,1,1,1,0
127,2132,130.71,354.86,213.53,246.94,1,1,1,0
127,2135,1095.42,276.08,90.5,120.82,1,1,1,0
127,2139,1165.94,319.09,143.64,175.96,1,1,1,0
127,2141,1817.33,296.53,78.43,83.48,1,1,1,0
128,2127,732.53,184.6,174.79,205.73,1,1,1,0
128,2128,1248.62,33.25,407.13,510.25,1,1,1,1
128,2129,363.01,239.2,301.91,398.07,1,1,1,1
128,2130,800.97,496.06,160.01,210.4,1,1,1,0
128,2132,133.87,353.6,212.61,246.14,1,1,1,0
128,2135,1094.73,278.05,86.42,115.38,1,1,1,0
128,2139,1155.11,265.09,169.19,208.71,1,1,1,0
128,2141,1817.36,295.38,79.29,84.68,1,1,1,0
129,2127,732.61,183.65,175.21,206.16,1,1,1,0
129,2128,1246.02,32.58,406.99,510.31,1,1,1,1
129,2129,366.0,239.41,301.8,398.55,1,1,1,1
129,2130,800.46,495.43,160.06,209.92,1,1,1,0
129,2132,139.22,351.95,207.02,239.46,1,1,1,0
129,2135,1091.93,273.81,90.51,121.35,1,1,1,0
129,2139,1161.97,291.53,158.33,194.92,1,1,1,0
129,2141,1817.26,294.68,79.71,85.42,1,1,1,0
130,2127,732.48,182.13,176.39,207.52,1,1,1,0
130,2128,1243.15,30.75,407.46,510.92,1,1,1,1
130,2129,368.77,239.03,302.68,400.83,1,1,1,1
130,2130,798.45,494.81,162.88,213.33,1,1,1,0
130,2132,142.25,350.75,207.33,240.27,1,1,1,0
130,2135,1091.17,267.78,95.4,127.61,1,1,1,0
130,2139,1164.39,303.34,154.27,189.96,1,1,1,0
130,2141,1816.92,293.84,80.33,86.47,1,1,1,0
131,2127,734.01,181.48,175.19,205.75,1,1,1,0
131,2128,1242.08,29.09,407.57,511.73,1,1,1,1
131,2129,371.52,239.71,302.8,402.08,1,1,1,1
131,2130,798.2,494.2,163.68,214.21,1,1,1,0
131,2132,143.82,350.13,202.5,234.21,1,1,1,0
131,2135,1096.9,247.26,126.06,166.55,1,1,1,0
131,2139,1166.31,305.17,144.23,176.86,1,1,1,0
131,2141,1816.85,293.35,80.36,86.86,1,1,1,0
132,2127,734.75,181.27,174.3,204.27,1,1,1,0
132,2128,1238.71,29.59,408.74,514.12,1,1,1,1
132,2129,375.39,240.5,301.6,401.25,1,1,1,1
132,2130,796.5,493.2,164.79,215.33,1,1,1,0
132,2132,149.66,348.1,194.96,224.71,1,1,1,0
132,2135,1095.29,240.77,128.75,168.7,1,1,1,0
132,2139,1169.67,308.65,135.14,164.56,1,1,1,0
132,2141,1815.87,292.9,80.58,87.48,1,1,1,0
133,2127,734.62,180.62,173.9,203.52,1,1,1,0
133,2128,1234.56,30.11,414.94,525.03,1,1,1,1
133,2129,378.55,240.62,301.12,401.13,1,1,1,1
133,2130,797.72,492.25,162.25,211.19,1,1,1,0
133,2132,152.98,348.41,198.76,228.69,1,1,1,0
133,2135,1083.27,239.28,127.68,166.33,1,1,1,0
133,2139,1168.15,312.47,135.67,164.83,1,1,1,0
133,2141,1815.56,292.95,80.45,87.7,1,1,1,0
134,2127,734.2,180.1,174.4,203.95,1,1,1,0
134,2128,1230.59,34.26,418.95,533.25,1,1,1,1
134,2129,382.42,239.88,300.57,401.07,1,1,1,1
134,2130,798.08,491.52,161.47,209.59,1,1,1,0
134,2132,157.41,347.74,197.27,226.56,1,1,1,0
134,2135,1061.34,242.79,123.97,158.49,1,1,1,0
134,2139,1168.26,310.75,137.45,166.21,1,1,1,0
134,2141,1815.27,293.0,80.67,88.36,1,1,1,0
135,2127,733.92,179.53,174.78,204.12,1,1,1,0
135,2128,1225.29,35.19,420.19,537.62,1,1,1,1
135,2129,387.86,238.73,300.17,401.54,1,1,1,1
135,2130,799.0,491.47,160.38,207.6,1,1,1,0
135,2132,160.06,346.71,197.6,226.66,1,1,1,0
135,2135,1037.79,245.51,121.41,152.46,1,1,1,0
135,2139,1166.87,310.13,143.0,172.87,1,1,1,0
135,2141,1815.24,293.04,80.54,88.59,1,1,1,0
136,2127,734.4,179.55,174.47,203.39,1,1,1,0
136,2128,1226.27,35.64,416.28,535.15,1,1,1,1
136,2129,394.37,238.9,299.46,402.3,1,1,1,1
136,2130,798.24,491.07,161.39,208.46,1,1,1,0
136,2132,160.19,346.76,208.95,238.84,1,1,1,0
136,2135,1016.13,250.4,118.17,146.1,1,1,1,0
136,2139,1166.96,309.72,141.86,171.01,1,1,1,0
136,2141,1815.1,292.58,80.68,89.15,1,1,1,0
137,2127,733.77,179.38,175.15,204.12,1,1,1,0
137,2128,1230.67,32.34,413.14,534.0,1,1,1,1
137,2129,400.75,239.29,299.25,403.08,1,1,1,1
137,2130,797.91,490.75,161.83,208.6,1,1,1,0
137,2132,164.81,346.0,209.06,237.84,1,1,1,0
137,2135,996.11,253.74,117.59,144.0,1,1,1,0
137,2139,1166.86,309.79,138.86,167.13,1,1,1,0
137,2141,1814.98,292.42,80.83,89.74,1,1,1,0
138,2127,733.9,179.34,175.4,204.21,1,1,1,0
138,2128,1235.94,32.28,406.4,528.73,1,1,1,1
138,2129,405.52,238.06,299.98,405.15,1,1,1,1
138,2130,796.05,490.65,164.67,212.25,1,1,1,0
138,2132,168.84,344.54,211.77,239.86,1,1,1,0
138,2135,974.53,255.92,120.45,146.48,1,1,1,0
138,2139,1164.69,309.23,138.76,166.94,1,1,1,0
138,2141,1815.02,292.38,80.66,89.95,1,1,1,0
139,2127,734.08,179.14,176.0,204.64,1,1,1,0
139,2128,1238.3,32.37,401.56,525.36,1,1,1,1
139,2129,408.66,238.0,299.89,405.92,1,1,1,1
139,2130,796.12,490.83,164.98,212.64,1,1,1,0
139,2132,179.1,343.03,204.3,229.91,1,1,1,0
139,2135,957.43,258.63,119.42,144.11,1,1,1,0
139,2139,1165.53,309.45,135.88,162.9,1,1,1,0
139,2141,1814.97,292.38,80.7,90.41,1,1,1,0
140,2127,733.43,179.09,176.82,205.6,1,1,1,0
140,2128,1240.66,32.71,396.82,522.17,1,1,1,1
140,2129,412.03,238.8,297.39,402.62,1,1,1,1
140,2130,796.92,490.92,165.13,213.18,1,1,1,0
140,2132,185.74,342.89,203.81,228.53,1,1,1,0
140,2135,943.29,262.7,116.5,139.94,1,1,1,0
140,2139,1165.17,309.95,135.79,162.66,1,1,1,0
140,2141,1815.98,292.99,80.19,90.17,1,1,1,0
141,2127,732.68,179.28,177.3,206.36,1,1,1,0
141,2128,1239.88,33.55,393.6,520.25,1,1,1,1
141,2129,415.9,240.91,293.15,396.36,1,1,1,1
141,2130,797.17,490.96,164.51,212.58,1,1,1,0
141,2132,192.06,341.06,197.3,220.44,1,1,1,0
141,2135,919.47,262.54,122.53,146.09,1,1,1,0
141,2139,1164.62,311.56,133.39,159.81,1,1,1,0
141,2141,1815.37,293.14,80.37,90.75,1,1,1,0
142,2127,730.16,179.37,177.16,206.65,1,1,1,0
142,2128,1236.94,33.27,392.93,520.72,1,1,1,1
142,2129,419.7,242.11,290.58,391.59,1,1,1,1
142,2130,797.23,491.2,164.33,212.54,1,1,1,0
142,2132,196.28,340.41,195.31,217.46,1,1,1,0
142,2135,900.99,262.57,124.21,147.05,1,1,1,0
142,2139,1165.23,311.96,131.32,157.19,1,1,1,0
142,2141,1815.19,293.3,80.31,91.06,1,1,1,0
142,2142,1094.11,270.06,103.16,125.96,1,1,1,0
143,2127,727.12,179.82,176.5,206.35,1,1,1,0
143,2128,1236.43,33.56,391.51,520.31,1,1,1,1
143,2129,423.01,242.36,289.39,388.43,1,1,1,1
143,2130,798.2,491.3,163.94,212.52,1,1,1,0
143,2132,187.2,341.01,217.25,242.73,1,1,1,0
143,2135,883.88,262.17,126.71,149.35,1,1,1,0
143,2139,1165.37,313.94,127.14,152.24,1,1,1,0
143,2141,1815.23,293.47,80.03,91.06,1,1,1,0
143,2142,1094.44,269.9,102.5,125.15,1,1,1,0
144,2127,724.78,180.69,176.22,207.13,1,1,1,0
144,2128,1236.45,33.78,390.62,520.85,1,1,1,1
144,2129,428.12,243.96,287.34,383.79,1,1,1,1
144,2130,798.74,491.34,164.23,213.3,1,1,1,0
144,2132,183.57,341.41,228.11,255.57,1,1,1,0
144,2135,873.77,261.23,123.86,146.65,1,1,1,0
144,2139,1166.3,315.28,123.88,148.05,1,1,1,0
144,2141,1815.43,294.44,79.53,90.75,1,1,1,0
144,2142,1095.44,269.73,101.44,123.82,1,1,1,0
145,2127,721.34,182.42,175.7,208.02,1,1,1,0
145,2128,1237.17,33.06,392.1,524.24,1,1,1,1
145,2129,431.35,244.85,286.91,381.4,1,1,1,1
145,2130,797.58,491.17,165.46,215.38,1,1,1,0
145,2132,184.51,341.6,229.87,257.58,1,1,1,0
145,2135,859.25,258.46,119.61,141.96,1,1,1,0
145,2139,1166.28,316.98,119.79,142.52,1,1,1,0
145,2141,1815.91,295.01,80.12,91.81,1,1,1,0
145,2142,1095.39,269.68,101.84,124.34,1,1,1,0
146,2127,720.18,181.79,176.86,210.82,1,1,1,0
146,2128,1237.72,36.77,390.57,523.13,1,1,1,1
146,2129,432.85,245.77,287.5,380.38,1,1,1,1
146,2130,796.79,491.11,166.63,217.35,1,1,1,0
146,2132,186.43,341.51,244.55,275.49,1,1,1,0
146,2135,839.27,255.2,124.73,149.83,1,1,1,0
146,2139,1165.95,317.58,119.43,141.45,1,1,1,0
146,2141,1816.44,295.91,79.62,91.51,1,1,1,0
146,2142,1095.17,269.67,102.35,124.98,1,1,1,0
147,2127,718.12,181.05,177.45,213.16,1,1,1,0
147,2128,1234.26,38.57,394.17,529.47,1,1,1,1
147,2129,434.81,247.4,287.28,378.76,1,1,1,1
147,2130,797.55,491.1,165.72,216.5,1,1,1,0
147,2132,205.27,341.29,214.26,240.83,1,1,1,0
147,2135,817.78,250.9,125.66,153.06,1,1,1,0
147,2141,1815.97,297.05,79.15,91.18,1,1,1,0
147,2142,1095.12,269.46,102.47,125.21,1,1,1,0
148,2127,712.55,180.27,178.61,215.91,1,1,1,0
148,2128,1231.93,38.74,399.23,537.88,1,1,1,1
148,2129,438.32,247.89,287.41,377.92,1,1,1,1
148,2130,798.95,491.1,163.95,214.56,1,1,1,0
148,2132,212.18,340.01,207.17,232.48,1,1,1,0
148,2135,799.71,245.52,131.56,161.74,1,1,1,0
148,2141,1815.66,298.17,79.24,91.54,1,1,1,0
148,2142,1095.0,269.7,102.7,125.61,1,1,1,0
149,2127,705.15,180.18,180.23,219.29,1,1,1,0
149,2128,1232.89,37.51,399.07,539.56,1,1,1,1
149,2129,442.1,249.76,286.31,375.56,1,1,1,1
149,2130,797.6,490.91,165.42,216.8,1,1,1,0
149,2132,207.52,340.79,223.93,252.69,1,1,1,0
149,2135,781.45,222.13,148.68,184.26,1,1,1,0
149,2141,1816.5,299.18,78.92,91.67,1,1,1,0
149,2142,1096.12,269.69,101.27,123.8,1,1,1,0
150,2127,699.95,180.74,175.46,213.66,1,1,1,0
150,2128,1235.02,34.64,395.52,536.96,1,1,1,1
150,2129,445.53,251.84,285.43,373.34,1,1,1,1
150,2130,799.69,490.64,163.95,215.46,1,1,1,0
150,2132,208.12,340.29,228.88,257.12,1,1,1,0
150,2135,791.65,248.45,125.41,155.92,1,1,1,0
150,2141,1816.75,299.45,78.92,92.2,1,1,1,0
150,2142,1096.02,269.27,102.58,125.6,1,1,1,0
151,2127,698.02,181.56,166.46,201.03,1,1,1,0
151,2128,1234.7,31.25,396.46,540.58,1,1,1,1
151,2129,448.17,253.19,285.56,372.78,1,1,1,1
151,2130,798.78,490.94,164.39,216.12,1,1,1,0
151,2132,202.24,340.11,227.01,251.74,1,1,1,0
151,2135,789.85,260.27,118.92,147.48,1,1,1,0
151,2141,1817.15,300.43,78.31,91.9,1,1,1,0
151,2142,1096.46,268.31,102.08,125.05,1,1,1,0
152,2127,692.91,182.49,163.12,195.41,1,1,1,0
152,2128,1236.17,30.18,393.65,539.13,1,1,1,1
152,2129,450.09,255.06,285.31,372.03,1,1,1,1
152,2130,798.33,491.26,163.98,215.37,1,1,1,0
152,2132,215.31,341.85,221.07,246.34,1,1,1,0
152,2135,786.54,263.65,116.88,144.44,1,1,1,0
152,2141,1817.39,300.79,77.89,91.78,1,1,1,0
152,2142,1095.77,267.15,101.97,125.25,1,1,1,0
153,2127,686.97,183.83,164.63,195.25,1,1,1,0
153,2128,1238.92,30.58,391.4,538.51,1,1,1,1
153,2129,452.6,258.02,284.79,370.71,1,1,1,1
153,2130,796.55,490.99,165.44,217.07,1,1,1,0
153,2132,219.97,342.52,231.46,259.87,1,1,1,0
153,2135,782.49,261.83,116.9,144.15,1,1,1,0
153,2141,1817.7,300.91,77.27,91.32,1,1,1,0
153,2142,1094.31,264.82,102.72,126.63,1,1,1,0
153,2143,1816.51,453.94,138.79,177.07,1,1,1,0
154,2127,682.49,184.92,165.2,193.83,1,1,1,0
154,2128,1240.66,32.24,390.77,540.53,1,1,1,1
154,2129,455.39,260.29,283.5,367.87,1,1,1,1
154,2130,796.94,490.29,165.44,217.11,1,1,1,0
154,2132,233.14,339.45,214.76,241.03,1,1,1,0
154,2135,785.84,262.55,112.0,138.42,1,1,1,0
154,2141,1817.84,300.83,76.97,91.25,1,1,1,0
154,2142,1093.73,263.26,101.46,125.44,1,1,1,0
154,2143,1803.37,449.91,139.88,177.85,1,1,1,0
155,2127,675.97,186.12,168.97,196.57,1,1,1,0
155,2128,1243.9,41.91,383.78,531.42,1,1,1,1
155,2129,458.03,263.1,281.39,363.66,1,1,1,1
155,2130,798.34,489.83,164.55,216.11,1,1,1,0
155,2132,237.04,335.78,208.87,234.5,1,1,1,0
155,2135,782.65,261.38,114.45,141.97,1,1,1,0
155,2141,1817.99,300.89,76.67,91.11,1,1,1,0
155,2142,1092.8,262.09,100.81,124.99,1,1,1,0
155,2143,1790.15,436.87,148.47,187.93,1,1,1,0
155,2144,125.4,379.15,130.87,141.87,1,1,1,0
156,2127,669.89,187.55,171.54,198.43,1,1,1,0
156,2128,1244.82,45.2,383.33,531.51,1,1,1,1
156,2129,460.46,266.3,278.1,357.53,1,1,1,1
156,2130,796.06,489.67,166.63,218.52,1,1,1,0
156,2132,239.82,334.26,206.06,231.35,1,1,1,0
156,2135,782.04,262.05,114.63,142.56,1,1,1,0
156,2141,1817.98,300.6,76.66,91.36,1,1,1,0
156,2142,1091.61,260.88,99.85,124.01,1,1,1,0
156,2143,1780.51,432.6,152.09,191.33,1,1,1,0
156,2144,112.85,380.96,128.61,139.36,1,1,1,0
157,2127,664.25,188.57,169.14,194.47,1,1,1,0
157,2128,1243.58,49.18,383.12,531.55,1,1,1,1
157,2129,462.68,268.54,276.06,352.61,1,1,1,1
157,2130,791.9,490.01,172.45,225.36,1,1,1,0
157,2132,238.94,334.54,206.25,232.24,1,1,1,0
157,2135,785.87,268.69,107.26,133.2,1,1,1,0
157,2141,1818.03,300.48,76.55,91.45,1,1,1,0
157,2142,1090.36,260.16,99.54,123.55,1,1,1,0
157,2143,1771.04,433.6,152.7,189.71,1,1,1,0
157,2144,97.0,382.98,126.19,136.63,1,1,1,0
158,2127,657.02,189.63,168.32,192.69,1,1,1,0
158,2128,1242.73,53.13,383.8,532.26,1,1,1,1
158,2129,463.99,270.61,276.15,350.38,1,1,1,1
158,2130,786.97,489.94,178.23,232.05,1,1,1,0
158,2132,238.83,334.47,206.44,233.01,1,1,1,0
158,2141,1817.95,300.32,76.7,91.58,1,1,1,0
158,2142,1089.71,259.32,99.01,122.58,1,1,1,0
158,2143,1760.46,439.34,149.6,182.59,1,1,1,0
158,2144,80.16,382.39,125.53,135.88,1,1,1,0
159,2127,649.9,190.2,169.17,193.07,1,1,1,0
159,2128,1242.99,55.26,384.49,533.82,1,1,1,1
159,2129,464.49,270.2,277.8,350.36,1,1,1,1
159,2130,786.59,489.73,178.2,230.48,1,1,1,0
159,2132,241.77,334.27,205.12,231.73,1,1,1,0
159,2141,1818.06,300.36,76.48,91.53,1,1,1,0
159,2142,1088.73,258.54,98.75,121.93,1,1,1,0
159,2143,1739.16,447.34,147.26,177.55,1,1,1,0
159,2144,65.58,378.18,128.37,138.81,1,1,1,0
160,2127,643.05,192.09,166.22,189.55,1,1,1,0
160,2128,1237.91,53.6,387.15,537.19,1,1,1,1
160,2129,464.82,271.19,279.56,350.04,1,1,1,1
160,2130,789.82,489.45,177.8,229.59,1,1,1,0
160,2132,242.74,334.63,206.29,232.88,1,1,1,0
160,2141,1817.05,299.87,76.88,92.0,1,1,1,0
160,2142,1087.87,258.28,98.07,120.49,1,1,1,0
160,2143,1716.17,457.15,144.78,172.61,1,1,1,0
160,2144,53.48,376.96,128.71,138.57,1,1,1,0
161,2127,636.09,193.48,167.87,191.78,1,1,1,0
161,2128,1229.61,48.05,392.99,546.09,1,1,1,1
161,2129,466.76,273.6,281.25,349.52,1,1,1,1
161,2130,795.21,489.55,171.73,221.47,1,1,1,0
161,2132,244.34,334.78,205.24,230.94,1,1,1,0
161,2141,1816.71,299.77,76.97,92.08,1,1,1,0
161,2142,1087.11,257.81,98.76,120.77,1,1,1,0
161,2143,1698.08,467.33,143.05,168.36,1,1,1,0
161,2144,41.41,378.44,126.91,135.99,1,1,1,0
162,2127,627.5,195.76,168.89,193.83,1,1,1,0
162,2128,1227.84,48.98,394.07,548.15,1,1,1,1
162,2129,469.39,275.55,282.92,349.9,1,1,1,1
162,2130,794.21,489.39,171.52,220.53,1,1,1,0
162,2132,249.54,334.05,201.05,225.82,1,1,1,0
162,2141,1817.3,299.74,77.15,92.3,1,1,1,0
162,2142,1086.46,257.46,99.0,120.49,1,1,1,0
162,2143,1682.44,481.69,138.77,161.92,1,1,1,0
162,2144,30.77,377.54,127.31,135.5,1,1,1,0
163,2127,618.82,198.97,171.01,197.02,1,1,1,0
163,2128,1222.93,42.96,400.25,557.99,1,1,1,1
163,2129,471.42,277.52,285.69,352.01,1,1,1,1
163,2130,794.82,489.34,171.06,219.38,1,1,1,0
163,2132,247.78,333.19,207.11,232.0,1,1,1,0
163,2141,1817.56,299.82,77.14,92.28,1,1,1,0
163,2142,1085.76,257.16,99.25,120.4,1,1,1,0
163,2143,1666.26,497.13,136.44,158.84,1,1,1,0
163,2144,19.51,377.24,126.98,134.12,1,1,1,0
164,2127,612.05,203.91,175.24,202.99,1,1,1,0
164,2128,1218.02,41.16,403.64,564.51,1,1,1,1
164,2129,473.61,278.69,288.1,354.36,1,1,1,1
164,2130,799.25,489.12,165.69,212.35,1,1,1,0
164,2132,244.7,332.69,208.94,234.68,1,1,1,0
164,2141,1817.55,299.75,77.35,92.57,1,1,1,0
164,2142,1085.18,257.07,99.24,119.98,1,1,1,0
164,2144,7.38,375.5,129.43,136.1,1,1,1,0
165,2127,605.06,209.17,182.32,212.61,1,1,1,0
165,2128,1214.6,39.39,406.52,569.97,1,1,1,1
165,2129,476.13,280.57,290.42,356.58,1,1,1,1
165,2130,797.64,488.85,166.16,212.33,1,1,1,0
165,2132,242.15,332.52,212.58,238.09,1,1,1,0
165,2141,1818.54,299.72,77.04,92.47,1,1,1,0
165,2142,1085.01,257.56,98.39,118.53,1,1,1,0
165,2144,0,374.28,127.06,135.64,1,1,1,0
166,2127,600.14,216.49,177.97,208.98,1,1,1,0
166,2128,1214.25,38.23,408.56,574.02,1,1,1,1
166,2129,477.06,281.81,294.33,361.22,1,1,1,1
166,2130,795.98,488.75,168.46,214.75,1,1,1,0
166,2132,238.21,332.07,220.99,245.71,1,1,1,0
166,2141,1819.01,299.81,76.72,92.33,1,1,1,0
166,2135,1084.53,257.97,98.15,118.01,1,1,1,0
166,2144,0,373.65,118.04,135.88,1,1,1,0
167,2127,601.47,225.81,162.96,191.2,1,1,1,0
167,2128,1212.39,36.32,410.13,577.72,1,1,1,1
167,2129,478.89,283.41,297.43,365.36,1,1,1,1
167,2130,795.65,488.72,167.96,213.29,1,1,1,0
167,2132,239.56,333.29,224.28,248.2,1,1,1,0
167,2141,1819.09,299.64,76.78,92.68,1,1,1,0
167,2135,1084.08,258.24,97.85,117.53,1,1,1,0
167,2144,0,372.03,114.23,147.66,1,1,1,0
168,2127,601.21,234.78,148.17,173.6,1,1,1,0
168,2128,1209.4,36.89,409.07,577.73,1,1,1,1
168,2129,481.85,284.95,300.2,369.11,1,1,1,1
168,2130,797.58,488.31,166.03,210.35,1,1,1,0
168,2132,238.06,334.37,228.7,251.47,1,1,1,0
168,2141,1819.72,298.78,77.19,93.2,1,1,1,0
168,2135,1083.87,258.25,97.88,117.47,1,1,1,0
168,2144,0,371.83,105.59,146.14,1,1,1,0
169,2127,598.52,241.8,142.2,166.89,1,1,1,0
169,2128,1205.84,36.64,409.22,579.69,1,1,1,1
169,2129,481.65,284.19,304.31,375.75,1,1,1,1
169,2130,799.33,488.16,164.87,208.47,1,1,1,0
169,2132,237.86,334.79,231.11,252.68,1,1,1,0
169,2141,1820.1,298.06,77.04,93.0,1,1,1,0
169,2135,1083.04,258.27,97.84,117.46,1,1,1,0
169,2144,0,372.6,96.88,145.85,1,1,1,0
170,2128,1202.42,38.14,408.38,580.33,1,1,1,1
170,2129,482.77,282.18,307.63,381.88,1,1,1,1
170,2130,801.28,488.92,165.86,210.61,1,1,1,0
170,2132,236.27,335.35,232.58,253.48,1,1,1,0
170,2141,1820.23,297.39,77.0,92.91,1,1,1,0
170,2135,1082.5,258.28,97.53,117.07,1,1,1,0
170,2144,0,374.7,83.89,134.99,1,1,1,0
171,2128,1200.83,39.72,407.19,580.27,1,1,1,1
171,2129,482.87,274.68,310.72,388.11,1,1,1,1
171,2130,805.28,489.8,162.04,206.45,1,1,1,0
171,2132,236.26,335.97,233.43,253.73,1,1,1,0
171,2141,1820.54,296.94,76.43,92.08,1,1,1,0
171,2135,1081.86,258.0,97.53,117.24,1,1,1,0
171,2144,0,376.37,72.67,118.45,1,1,1,0
172,2128,1198.35,38.85,407.43,582.43,1,1,1,1
172,2129,483.22,269.61,311.87,391.8,1,1,1,1
172,2130,804.78,489.94,162.99,208.32,1,1,1,0
172,2132,232.99,335.8,238.61,257.73,1,1,1,0
172,2141,1820.11,296.18,77.29,92.56,1,1,1,0
172,2135,1080.05,257.9,96.73,116.92,1,1,1,0
173,2128,1196.41,37.92,408.1,584.94,1,1,1,1
173,2129,484.9,266.19,310.62,392.64,1,1,1,1
173,2130,804.45,489.99,163.58,209.43,1,1,1,0
173,2132,232.77,336.13,242.4,260.38,1,1,1,0
173,2141,1819.34,295.71,78.84,93.14,1,1,1,0
173,2135,1079.28,257.87,95.87,116.41,1,1,1,0
174,2128,1195.33,38.17,407.59,585.61,1,1,1,1
174,2129,488.55,262.62,307.08,389.6,1,1,1,1
174,2130,803.34,489.6,163.36,209.08,1,1,1,0
174,2132,242.29,338.23,238.36,255.43,1,1,1,0
174,2141,1816.38,295.04,84.74,99.02,1,1,1,0
174,2135,1078.59,257.46,95.61,116.64,1,1,1,0
175,2128,1194.66,38.87,406.47,585.19,1,1,1,1
175,2129,491.69,260.49,302.25,384.38,1,1,1,1
175,2130,803.28,488.86,162.5,207.57,1,1,1,0
175,2132,249.77,339.03,235.57,252.65,1,1,1,0
175,2141,1814.28,294.8,88.92,102.56,1,1,1,0
175,2135,1078.21,257.52,95.0,116.33,1,1,1,0
176,2128,1194.95,39.54,405.1,584.94,1,1,1,1
176,2129,493.58,258.03,299.63,381.64,1,1,1,1
176,2130,796.32,487.98,168.04,213.62,1,1,1,0
176,2132,249.05,338.73,237.37,254.36,1,1,1,0
176,2141,1812.14,294.23,94.75,107.91,1,1,1,0
176,2135,1078.05,257.35,94.88,116.63,1,1,1,0
176,2131,268.44,260.39,145.09,157.27,1,1,1,0
177,2128,1195.42,38.5,405.59,586.87,1,1,1,1
177,2129,495.16,256.05,297.96,379.67,1,1,1,1
177,2130,789.48,486.67,173.06,218.44,1,1,1,0
177,2132,249.71,338.21,236.04,252.2,1,1,1,0
177,2141,1810.15,294.22,96.22,108.03,1,1,1,0
177,2135,1077.75,256.99,95.38,117.64,1,1,1,0
177,2131,259.53,258.99,140.46,152.23,1,1,1,0
178,2128,1194.1,37.22,408.88,593.59,1,1,1,1
178,2129,495.57,255.66,299.14,381.4,1,1,1,1
178,2130,790.54,485.78,170.82,213.97,1,1,1,0
178,2132,247.92,339.39,239.44,254.54,1,1,1,0
178,2141,1806.56,293.74,102.41,113.97,1,1,1,0
178,2135,1077.72,256.76,95.45,117.93,1,1,1,0
178,2131,250.27,258.62,136.24,147.55,1,1,1,0
179,2128,1192.22,36.84,411.39,599.13,1,1,1,1
179,2129,496.87,255.06,298.95,380.95,1,1,1,1
179,2130,801.13,485.85,160.84,200.62,1,1,1,0
179,2132,252.66,339.63,238.53,253.03,1,1,1,0
179,2141,1810.58,293.85,95.52,104.56,1,1,1,0
179,2135,1077.64,256.48,95.67,118.45,1,1,1,0
179,2131,238.6,256.14,141.35,152.86,1,1,1,0
180,2128,1191.85,35.71,413.33,602.94,1,1,1,1
180,2129,496.94,254.58,301.17,384.24,1,1,1,1
180,2130,791.74,485.69,167.6,206.79,1,1,1,0
180,2132,257.84,340.31,236.88,251.23,1,1,1,0
180,2141,1814.44,293.92,89.87,96.53,1,1,1,0
180,2135,1077.41,256.19,96.2,119.43,1,1,1,0
180,2131,225.82,254.52,144.92,156.75,1,1,1,0
181,2128,1192.6,36.68,412.38,602.51,1,1,1,1
181,2129,496.63,254.04,303.37,387.44,1,1,1,1
181,2130,789.51,486.23,170.22,208.77,1,1,1,0
181,2132,261.88,340.55,236.72,251.73,1,1,1,0
181,2141,1816.23,293.96,87.05,91.91,1,1,1,0
181,2135,1077.99,256.38,95.89,119.11,1,1,1,0
181,2131,211.89,251.7,146.1,158.14,1,1,1,0
181,2146,1730.41,400.66,176.95,214.07,1,1,1,0
182,2128,1197.89,38.25,411.59,602.25,1,1,1,1
182,2129,495.63,253.68,306.65,392.4,1,1,1,1
182,2130,781.35,487.05,181.12,221.67,1,1,1,0
182,2132,263.09,339.24,237.13,252.71,1,1,1,0
182,2141,1816.36,293.89,87.06,90.57,1,1,1,0
182,2135,1078.09,256.16,96.06,119.28,1,1,1,0
182,2131,198.18,248.67,145.89,158.2,1,1,1,0
182,2146,1719.92,404.51,173.49,209.75,1,1,1,0
183,2128,1201.35,36.87,411.21,602.06,1,1,1,1
183,2129,495.18,254.57,308.7,395.62,1,1,1,1
183,2130,776.07,487.35,189.67,231.93,1,1,1,0
183,2132,264.59,340.13,234.22,249.1,1,1,1,0
183,2141,1816.17,293.76,87.52,89.81,1,1,1,0
183,2135,1078.13,255.89,96.14,119.34,1,1,1,0
183,2131,183.81,245.99,146.35,159.01,1,1,1,0
183,2146,1702.66,411.47,169.64,205.02,1,1,1,0
184,2128,1203.14,35.65,410.53,601.41,1,1,1,1
184,2129,494.45,255.14,309.9,397.39,1,1,1,1
184,2130,764.47,487.67,202.85,247.33,1,1,1,0
184,2132,263.85,339.66,233.94,248.52,1,1,1,0
184,2141,1814.95,293.73,88.36,89.56,1,1,1,0
184,2135,1078.33,255.69,96.62,119.66,1,1,1,0
184,2131,169.59,243.76,147.59,160.81,1,1,1,0
184,2146,1686.44,417.12,167.39,202.35,1,1,1,0
184,2147,916.49,320.02,114.87,140.06,1,1,1,0
185,2128,1204.69,35.2,409.69,601.1,1,1,1,1
185,2129,494.42,257.86,306.61,392.76,1,1,1,1
185,2130,765.48,487.79,200.82,244.06,1,1,1,0
185,2132,262.13,338.07,236.2,250.7,1,1,1,0
185,2141,1814.89,293.72,89.49,89.5,1,1,1,0
185,2135,1078.32,255.72,96.98,119.88,1,1,1,0
185,2131,157.75,243.31,146.33,159.94,1,1,1,0
185,2146,1667.48,420.47,172.51,208.77,1,1,1,0
185,2147,920.36,319.56,110.85,135.22,1,1,1,0
186,2128,1204.65,35.43,409.41,600.92,1,1,1,1
186,2129,492.39,257.53,308.29,395.11,1,1,1,1
186,2130,783.19,487.65,179.68,217.22,1,1,1,0
186,2132,261.1,338.47,238.89,254.31,1,1,1,0
186,2141,1813.89,293.93,90.24,89.1,1,1,1,0
186,2135,1078.28,255.74,97.22,119.96,1,1,1,0
186,2131,145.02,243.03,147.47,161.59,1,1,1,0
186,2146,1650.4,425.24,173.02,209.71,1,1,1,0
186,2147,924.49,319.88,108.62,132.67,1,1,1,0
187,2128,1204.0,36.33,409.36,600.8,1,1,1,1
187,2129,493.05,257.12,302.84,387.52,1,1,1,1
187,2130,794.68,487.8,169.92,205.78,1,1,1,0
187,2132,262.25,337.83,237.93,253.69,1,1,1,0
187,2141,1814.12,293.81,90.92,88.97,1,1,1,0
187,2135,1078.23,255.96,97.4,119.98,1,1,1,0
187,2131,132.81,244.09,148.12,162.88,1,1,1,0
187,2146,1642.86,430.28,164.1,198.6,1,1,1,0
187,2147,927.27,319.99,107.48,131.58,1,1,1,0
188,2128,1202.63,37.57,409.96,601.01,1,1,1,1
188,2129,493.83,255.67,298.05,381.08,1,1,1,1
188,2130,797.67,488.05,163.7,197.87,1,1,1,0
188,2132,266.17,337.59,232.18,247.86,1,1,1,0
188,2141,1813.18,293.37,91.63,88.95,1,1,1,0
188,2135,1078.03,255.84,97.82,120.38,1,1,1,0
188,2131,121.15,245.45,148.4,163.84,1,1,1,0
188,2146,1632.52,436.7,157.67,190.53,1,1,1,0
188,2147,931.15,320.91,105.37,129.59,1,1,1,0
