1,788,705.13,52.43,423.08,589.42,1,1,1,1
1,789,1530.8,0,151.88,122.49,1,1,1,0
2,788,704.19,52.17,422.87,589.16,1,1,1,1
2,789,1533.15,0,153.46,122.23,1,1,1,0
3,788,703.09,54.01,422.85,589.11,1,1,1,1
3,789,1539.78,0,150.63,121.72,1,1,1,0
4,788,701.97,55.05,424.42,591.4,1,1,1,1
4,789,1546.79,0,147.2,121.5,1,1,1,0
5,788,700.53,57.34,424.5,591.03,1,1,1,1
5,789,1549.9,0,145.77,120.26,1,1,1,0
6,788,697.63,56.34,425.09,591.73,1,1,1,1
6,789,1552.21,0,149.37,119.5,1,1,1,0
7,788,695.33,57.62,423.74,589.42,1,1,1,1
7,789,1555.43,0,148.83,117.73,1,1,1,0
8,788,693.0,58.04,423.07,587.74,1,1,1,1
8,789,1557.77,0,149.26,116.66,1,1,1,0
9,788,687.87,57.54,424.93,588.58,1,1,1,1
9,789,1560.56,0,150.17,116.15,1,1,1,0
10,788,683.78,55.9,427.77,590.73,1,1,1,1
10,789,1562.86,0,150.94,115.91,1,1,1,0
11,788,683.01,57.4,425.88,586.17,1,1,1,1
11,789,1564.6,0,150.79,114.23,1,1,1,0
12,788,680.9,58.35,425.77,583.65,1,1,1,1
12,789,1565.9,0,152.39,114.13,1,1,1,0
13,788,678.14,57.98,425.84,581.02,1,1,1,1
13,789,1565.85,0,153.85,112.62,1,1,1,0
14,788,670.94,58.53,428.71,580.97,1,1,1,1
14,789,1568.51,0,153.61,111.74,1,1,1,0
15,788,665.38,58.21,430.89,579.49,1,1,1,1
15,789,1570.79,0,152.36,111.49,1,1,1,0
16,788,666.2,58.68,431.74,577.97,1,1,1,1
16,789,1574.31,0,149.57,111.13,1,1,1,0
17,788,662.36,56.44,438.16,583.85,1,1,1,1
17,789,1575.19,0,150.8,111.13,1,1,1,0
17,790,0,0,164.06,181.04,1,1,1,0
18,788,658.53,55.79,442.32,586.67,1,1,1,1
18,789,1578.33,0,150.26,111.16,1,1,1,0
18,790,0,0,163.69,179.93,1,1,1,0
19,788,660.61,58.73,439.4,580.97,1,1,1,1
19,789,1580.16,0,150.18,111.6,1,1,1,0
19,790,0,0,162.1,178.38,1,1,1,0
20,788,656.1,57.25,444.28,585.01,1,1,1,1
20,789,1581.16,0,150.93,112.48,1,1,1,0
20,790,0,0,162.75,175.18,1,1,1,0
21,788,651.17,56.88,447.93,587.13,1,1,1,1
21,789,1582.1,0,149.92,112.82,1,1,1,0
21,790,0,0,165.89,172.54,1,1,1,0
22,788,649.91,57.94,449.03,586.34,1,1,1,1
22,789,1583.84,0,146.58,112.41,1,1,1,0
22,790,0,0,168.03,171.57,1,1,1,0
23,788,649.66,57.94,450.76,586.82,1,1,1,1
23,789,1583.32,0,145.88,112.48,1,1,1,0
23,790,0.94,0,170.66,168.85,1,1,1,0
24,788,654.08,59.22,445.69,578.94,1,1,1,1
24,789,1584.03,0,145.29,112.86,1,1,1,0
24,790,0,0,174.1,171.64,1,1,1,0
25,788,654.41,57.8,447.39,578.25,1,1,1,1
25,789,1584.51,0,144.55,112.5,1,1,1,0
25,790,0,0,168.43,172.84,1,1,1,0
26,788,653.68,56.67,450.61,579.42,1,1,1,1
26,789,1582.01,0,149.51,112.38,1,1,1,0
26,790,0,0,164.62,169.24,1,1,1,0
27,788,656.78,59.03,452.32,579.09,1,1,1,1
27,789,1579.19,0,151.91,112.14,1,1,1,0
27,790,0,0,161.71,170.41,1,1,1,0
28,788,656.83,60.42,456.85,582.87,1,1,1,1
28,789,1577.16,0,151.5,112.25,1,1,1,0
28,790,0,0,162.13,171.06,1,1,1,0
29,788,659.47,60.73,458.89,582.51,1,1,1,1
29,789,1575.31,0,150.23,112.2,1,1,1,0
29,790,0,0,166.47,171.95,1,1,1,0
30,788,659.77,60.44,461.84,581.59,1,1,1,1
30,789,1576.33,0,146.3,111.99,1,1,1,0
30,790,0,0,169.97,177.51,1,1,1,0
31,788,660.02,59.82,465.03,580.94,1,1,1,1
31,789,1572.59,0,149.82,112.57,1,1,1,0
31,790,0,0,166.22,173.46,1,1,1,0
32,788,661.4,58.28,469.2,582.0,1,1,1,1
32,789,1570.21,0,151.56,112.73,1,1,1,0
32,790,0,0,164.19,177.0,1,1,1,0
33,788,660.78,58.69,472.19,581.4,1,1,1,1
33,789,1566.6,0,154.46,113.2,1,1,1,0
33,790,0,0,163.05,174.35,1,1,1,0
34,788,655.77,58.25,482.0,589.75,1,1,1,1
34,789,1567.53,0,152.58,113.47,1,1,1,0
34,790,0,0,166.86,173.01,1,1,1,0
35,788,658.1,58.68,481.95,585.16,1,1,1,1
35,789,1564.87,0,153.16,113.73,1,1,1,0
35,790,0,0,171.16,170.03,1,1,1,0
36,788,658.25,53.46,492.09,595.13,1,1,1,1
36,789,1562.21,0,153.57,114.06,1,1,1,0
36,790,0,0,171.53,172.82,1,1,1,0
37,788,656.86,51.71,497.13,597.86,1,1,1,1
37,789,1563.34,0,152.66,114.68,1,1,1,0
37,790,0,0,172.7,177.71,1,1,1,0
38,788,658.95,49.08,501.62,599.64,1,1,1,1
38,789,1565.79,0,149.95,115.42,1,1,1,0
38,790,0,0,174.62,181.33,1,1,1,0
39,788,678.73,53.07,493.0,588.17,1,1,1,1
39,789,1564.69,0,149.84,115.29,1,1,1,0
39,790,0,0,175.59,186.12,1,1,1,0
40,788,682.92,53.82,493.04,586.13,1,1,1,1
40,789,1564.33,0,148.12,114.83,1,1,1,0
40,790,0,0,179.15,191.66,1,1,1,0
41,788,679.89,49.93,500.42,591.95,1,1,1,1
41,789,1564.33,0,147.26,114.55,1,1,1,0
41,790,0,0,178.62,192.11,1,1,1,0
42,788,683.46,51.36,499.12,588.08,1,1,1,1
42,789,1563.04,0,147.98,114.85,1,1,1,0
42,790,0,0,178.07,193.79,1,1,1,0
43,788,690.43,52.23,496.7,583.5,1,1,1,1
43,789,1563.11,0,145.58,114.45,1,1,1,0
43,790,0,0,178.46,197.82,1,1,1,0
44,788,692.68,51.47,499.51,584.87,1,1,1,1
44,789,1562.39,0,144.64,114.81,1,1,1,0
44,790,0,0,175.64,200.1,1,1,1,0
45,788,696.79,50.1,500.15,583.3,1,1,1,1
45,789,1563.15,0,142.26,114.58,1,1,1,0
45,790,0,0,173.67,196.8,1,1,1,0
46,788,696.91,49.4,501.39,581.73,1,1,1,1
46,789,1561.68,0,141.75,114.65,1,1,1,0
46,790,0,0,172.68,199.2,1,1,1,0
47,788,696.98,46.06,506.34,585.04,1,1,1,1
47,789,1559.7,0,141.26,114.87,1,1,1,0
47,790,0,0,168.81,196.83,1,1,1,0
48,788,699.91,44.63,508.54,585.71,1,1,1,1
48,789,1558.12,0,141.24,115.05,1,1,1,0
48,790,0,0,170.11,203.21,1,1,1,0
49,788,706.58,44.02,508.34,585.26,1,1,1,1
49,789,1556.22,0,140.72,114.72,1,1,1,0
49,790,0,0,170.66,203.19,1,1,1,0
50,788,710.82,42.62,507.76,584.3,1,1,1,1
50,789,1553.9,0,142.22,115.29,1,1,1,0
50,790,0,0,173.21,205.6,1,1,1,0
51,788,704.14,41.03,512.66,588.63,1,1,1,1
51,789,1553.47,0,141.99,115.4,1,1,1,0
51,790,0,0,164.31,191.47,1,1,1,0
52,788,704.46,40.97,509.39,583.8,1,1,1,1
52,789,1552.14,0,141.14,115.34,1,1,1,0
52,790,0,0,156.06,183.38,1,1,1,0
53,788,704.05,40.18,508.99,582.75,1,1,1,1
53,789,1547.49,0,142.83,114.32,1,1,1,0
53,790,0,0,153.6,179.1,1,1,1,0
54,788,700.42,40.02,511.63,584.66,1,1,1,1
54,789,1543.6,0,144.66,114.03,1,1,1,0
54,790,0,0,146.18,172.9,1,1,1,0
55,788,702.96,40.09,511.04,584.09,1,1,1,1
55,789,1540.21,0,146.13,113.58,1,1,1,0
55,790,0,0,151.8,179.99,1,1,1,0
56,788,702.44,40.35,510.48,582.89,1,1,1,1
56,789,1535.55,0,148.82,114.35,1,1,1,0
56,790,0,0,150.55,175.91,1,1,1,0
57,788,700.89,39.77,513.65,585.53,1,1,1,1
57,789,1530.5,0,151.79,114.35,1,1,1,0
57,790,0,0,164.79,227.7,1,1,1,0
58,788,705.95,41.56,509.82,581.36,1,1,1,1
58,789,1529.0,0,150.62,114.26,1,1,1,0
58,790,0,0,171.68,258.8,1,1,1,0
59,788,709.88,42.87,506.65,578.38,1,1,1,1
59,789,1526.38,0,151.28,114.41,1,1,1,0
59,790,0,0,168.7,260.79,1,1,1,0
60,788,701.93,40.97,513.02,585.27,1,1,1,1
60,789,1524.12,0,151.04,113.33,1,1,1,0
60,790,0,0,180.44,229.97,1,1,1,0
61,788,700.99,40.86,513.63,586.47,1,1,1,1
61,789,1522.11,0,150.24,112.97,1,1,1,0
61,790,0,0,204.41,230.26,1,1,1,0
62,788,700.47,42.72,510.14,583.04,1,1,1,1
62,789,1516.33,0,156.95,113.14,1,1,1,0
62,790,0,0,249.33,242.11,1,1,1,0
63,788,699.65,45.24,509.21,583.53,1,1,1,1
63,789,1511.08,0,161.05,113.41,1,1,1,0
63,790,0.01,0,292.62,249.21,1,1,1,0
64,788,698.67,46.98,507.81,583.72,1,1,1,1
64,789,1506.86,0,164.04,113.31,1,1,1,0
64,790,45.29,0,300.31,251.8,1,1,1,0
64,791,1791.36,0,148.09,46.83,1,1,1,0
65,788,699.44,48.22,504.2,582.0,1,1,1,1
65,789,1503.26,0,167.74,112.6,1,1,1,0
65,790,85.73,0,312.34,257.18,1,1,1,0
65,791,1774.12,0,154.47,45.84,1,1,1,0
66,788,702.38,47.58,503.11,584.44,1,1,1,1
66,789,1501.61,0,168.28,111.45,1,1,1,0
66,790,140.91,0,307.79,259.63,1,1,1,0
66,791,1753.37,0,151.41,45.47,1,1,1,0
67,788,709.03,47.62,494.81,578.7,1,1,1,1
67,789,1502.08,0,168.03,110.7,1,1,1,0
67,790,193.17,0,303.47,261.74,1,1,1,0
67,791,1732.96,0,145.78,45.68,1,1,1,0
68,788,708.47,47.82,489.82,575.93,1,1,1,1
68,789,1502.25,0,168.12,110.68,1,1,1,0
68,790,236.11,0,313.94,269.02,1,1,1,0
68,791,1709.84,0,144.69,46.04,1,1,1,0
69,788,710.93,47.88,483.37,574.11,1,1,1,1
69,789,1503.6,0,168.86,110.54,1,1,1,0
69,790,281.78,0,333.03,275.75,1,1,1,0
69,791,1687.93,0,143.3,48.69,1,1,1,0
70,788,708.93,51.29,474.02,568.07,1,1,1,1
70,789,1504.59,0,168.32,110.93,1,1,1,0
70,790,327.68,0,342.41,286.14,1,1,1,0
70,791,1670.23,0,139.33,50.56,1,1,1,0
71,788,700.69,51.76,467.06,567.44,1,1,1,1
71,789,1506.68,0,167.94,110.64,1,1,1,0
71,790,377.53,0,340.23,284.52,1,1,1,0
71,791,1654.54,0,136.8,48.34,1,1,1,0
71,792,0,0,271.78,137.94,1,1,1,0
72,788,692.29,51.61,462.39,567.95,1,1,1,1
72,789,1508.49,0,165.85,109.36,1,1,1,0
72,790,436.97,0,332.62,274.96,1,1,1,0
72,791,1648.88,0,121.11,41.35,1,1,1,0
72,792,0,0,313.98,162.26,1,1,1,0
73,788,692.06,50.54,456.58,568.0,1,1,1,1
73,789,1509.55,0,164.38,108.82,1,1,1,0
73,790,486.48,0,320.87,264.75,1,1,1,0
73,791,1628.13,0,117.77,42.52,1,1,1,0
73,792,0,0,245.85,179.61,1,1,1,0
74,788,691.16,47.72,456.23,573.65,1,1,1,1
74,789,1511.07,0,163.23,109.18,1,1,1,0
74,790,523.06,0,300.2,250.96,1,1,1,0
74,792,0,0,232.67,183.37,1,1,1,0
75,788,696.76,47.25,450.81,572.03,1,1,1,1
75,789,1512.17,0,161.78,109.23,1,1,1,0
75,790,579.91,0,291.97,243.65,1,1,1,0
75,792,0,0,219.96,183.82,1,1,1,0
76,788,700.97,46.17,448.78,574.31,1,1,1,1
76,789,1512.14,0,157.39,108.21,1,1,1,0
76,790,614.02,0,319.31,254.72,1,1,1,0
76,792,0,0,218.51,183.32,1,1,1,0
77,788,701.61,43.68,448.47,577.67,1,1,1,1
77,789,1512.5,0,153.41,108.69,1,1,1,0
77,792,0,0,222.72,182.48,1,1,1,0
78,788,711.86,44.64,444.33,575.07,1,1,1,1
78,789,1514.16,0,150.54,108.48,1,1,1,0
78,792,0,0,224.89,181.37,1,1,1,0
79,788,720.69,45.71,439.37,570.99,1,1,1,1
79,789,1518.12,0,147.65,108.91,1,1,1,0
79,792,0,0,226.19,180.64,1,1,1,0
80,788,726.03,47.33,433.49,565.86,1,1,1,1
80,789,1521.11,0,145.2,109.28,1,1,1,0
80,792,0,0,227.27,179.82,1,1,1,0
81,788,731.29,47.64,429.55,562.65,1,1,1,1
81,789,1523.27,0,142.21,109.17,1,1,1,0
81,792,2.27,0,226.32,178.99,1,1,1,0
82,788,733.99,49.55,424.15,557.69,1,1,1,1
82,789,1524.91,0,141.03,108.88,1,1,1,0
82,792,6.08,0,223.79,178.29,1,1,1,0
83,788,735.69,48.76,423.1,557.39,1,1,1,1
83,789,1527.1,0,140.65,108.88,1,1,1,0
83,792,10.33,0,220.7,177.66,1,1,1,0
84,788,729.63,46.06,425.63,561.73,1,1,1,1
84,789,1529.27,0,141.0,109.24,1,1,1,0
84,792,14.12,0,219.32,177.66,1,1,1,0
85,788,732.41,44.05,425.99,563.41,1,1,1,1
85,789,1530.15,0,144.15,109.33,1,1,1,0
85,792,18.28,0,216.72,177.51,1,1,1,0
85,791,1370.33,0,133.89,55.99,1,1,1,0
85,790,992.41,0,331.78,266.79,1,1,1,0
86,788,728.1,40.7,428.84,568.45,1,1,1,1
86,789,1532.3,0,144.82,109.6,1,1,1,0
86,792,22.82,0,213.72,177.92,1,1,1,0
86,791,1352.08,0,133.56,59.7,1,1,1,0
86,790,1069.54,0,299.07,256.89,1,1,1,0
87,788,728.41,39.06,426.02,566.0,1,1,1,1
87,789,1535.52,0,144.96,109.41,1,1,1,0
87,792,26.87,0,211.25,177.53,1,1,1,0
87,791,1312.72,0,163.41,70.02,1,1,1,0
87,790,1121.19,0,286.54,257.75,1,1,1,0
88,788,731.03,40.56,421.54,562.18,1,1,1,1
88,789,1537.48,0,145.05,109.59,1,1,1,0
88,792,32.48,0,206.98,176.94,1,1,1,0
88,791,1295.0,0,169.6,92.08,1,1,1,0
88,790,1144.86,0,298.04,258.88,1,1,1,0
89,788,727.75,41.16,419.6,560.75,1,1,1,1
89,789,1540.58,0,141.85,109.85,1,1,1,0
89,792,39.32,0,201.01,176.5,1,1,1,0
89,790,1170.04,0,300.77,262.05,1,1,1,0
90,788,729.82,42.4,418.64,560.04,1,1,1,1
90,789,1542.7,0,140.23,110.86,1,1,1,0
90,792,43.95,0,199.0,177.31,1,1,1,0
90,790,1174.63,0,317.83,265.85,1,1,1,0
91,788,729.79,42.18,418.35,561.3,1,1,1,1
91,789,1546.6,0,141.34,111.13,1,1,1,0
91,792,48.07,0,195.34,177.8,1,1,1,0
91,790,1197.67,0,315.75,260.43,1,1,1,0
92,788,722.21,40.41,419.85,565.48,1,1,1,1
92,789,1550.87,0,140.79,110.93,1,1,1,0
92,792,49.0,0,194.81,178.47,1,1,1,0
92,790,1220.82,0,322.98,254.48,1,1,1,0
93,788,718.66,38.66,421.82,569.35,1,1,1,1
93,789,1555.18,0,141.43,111.64,1,1,1,0
93,792,51.54,0,193.96,178.2,1,1,1,0
93,790,1262.06,0,313.34,246.41,1,1,1,0
94,788,714.89,37.52,423.51,572.9,1,1,1,1
94,789,1566.73,0,142.45,110.21,1,1,1,0
94,792,52.89,0,194.11,178.48,1,1,1,0
94,790,1291.9,0,305.53,234.41,1,1,1,0
95,788,713.89,38.1,423.39,573.63,1,1,1,1
95,792,54.13,0,194.92,178.76,1,1,1,0
95,790,1350.45,0,295.31,225.34,1,1,1,0
95,794,973.68,0,204.43,84.66,1,1,1,0
96,788,715.01,39.04,422.83,572.39,1,1,1,1
96,792,55.29,0,195.15,179.35,1,1,1,0
96,790,1367.55,0,304.17,221.49,1,1,1,0
96,794,1001.92,0,223.42,82.77,1,1,1,0
97,788,715.54,39.61,421.71,571.09,1,1,1,1
97,792,55.83,0,194.93,179.76,1,1,1,0
97,790,1400.25,0,308.51,215.59,1,1,1,0
97,794,1034.17,0,260.69,79.28,1,1,1,0
98,788,715.69,40.94,419.86,568.49,1,1,1,1
98,792,54.67,0,196.24,180.59,1,1,1,0
98,790,1419.27,0,311.65,209.51,1,1,1,0
98,791,1084.14,0,195.69,86.03,1,1,1,0
99,788,717.47,42.34,417.4,565.21,1,1,1,1
99,792,53.33,0,196.98,181.09,1,1,1,0
99,790,1442.91,0,310.73,206.95,1,1,1,0
99,791,1104.31,0,178.02,83.18,1,1,1,0
100,788,716.71,45.67,414.6,559.58,1,1,1,1
100,792,52.86,0,197.17,181.26,1,1,1,0
100,790,1470.23,0,309.31,200.33,1,1,1,0
100,791,1128.67,0,189.04,88.59,1,1,1,0
101,788,716.3,47.91,415.47,558.28,1,1,1,1
101,792,52.04,0,196.89,181.01,1,1,1,0
101,790,1504.21,0,305.32,194.7,1,1,1,0
101,791,1148.15,0,207.56,96.35,1,1,1,0
102,788,713.18,49.23,417.0,558.52,1,1,1,1
102,792,50.92,0,196.69,180.7,1,1,1,0
102,790,1535.97,0,316.32,195.2,1,1,1,0
102,791,1177.01,0,213.22,101.87,1,1,1,0
103,788,709.36,51.4,414.95,553.56,1,1,1,1
103,792,49.5,0,196.67,180.37,1,1,1,0
103,790,1566.15,0,316.59,198.26,1,1,1,0
103,791,1208.4,0,217.26,108.03,1,1,1,0
104,788,707.58,51.28,416.55,554.03,1,1,1,1
104,792,48.39,0,196.77,180.03,1,1,1,0
104,790,1603.37,0,305.6,196.6,1,1,1,0
104,791,1246.19,0,214.71,113.01,1,1,1,0
105,788,704.31,50.21,418.46,554.85,1,1,1,1
105,792,47.55,0,197.12,179.8,1,1,1,0
105,790,1629.83,0,294.44,203.76,1,1,1,0
105,791,1261.77,0,228.0,116.24,1,1,1,0
105,795,1016.46,0,144.43,71.47,1,1,1,0
106,788,699.51,48.58,421.64,558.79,1,1,1,1
106,792,47.04,0,197.59,179.41,1,1,1,0
106,790,1650.96,0,290.89,203.62,1,1,1,0
106,791,1290.54,0,247.32,118.39,1,1,1,0
106,795,981.18,0,160.71,76.42,1,1,1,0
107,788,696.5,47.26,424.55,562.58,1,1,1,1
107,792,46.78,0,197.08,179.45,1,1,1,0
107,790,1681.67,0,283.58,201.9,1,1,1,0
107,791,1308.22,0,261.58,136.76,1,1,1,0
107,795,965.22,0,161.71,79.83,1,1,1,0
107,789,1592.71,0,127.92,109.75,1,1,1,0
108,788,690.36,44.56,427.83,566.81,1,1,1,1
108,792,46.33,0,196.8,179.47,1,1,1,0
108,790,1716.61,0,263.66,197.98,1,1,1,0
108,791,1366.79,0,233.91,112.82,1,1,1,0
108,795,947.31,0,161.33,79.03,1,1,1,0
108,789,1597.4,0,136.13,109.49,1,1,1,0
109,788,686.86,43.34,429.97,569.19,1,1,1,1
109,792,46.83,0,196.05,179.18,1,1,1,0
109,790,1727.29,0,262.38,200.33,1,1,1,0
109,791,1414.08,0,213.95,101.08,1,1,1,0
109,795,922.1,0,160.46,79.57,1,1,1,0
109,789,1605.26,0,136.84,109.62,1,1,1,0
110,788,677.92,40.2,435.05,573.94,1,1,1,1
110,792,48.15,0,195.59,178.66,1,1,1,0
110,790,1744.11,0,250.81,194.61,1,1,1,0
110,791,1445.09,0,214.04,93.47,1,1,1,0
110,795,906.3,0,149.46,79.15,1,1,1,0
110,789,1597.72,0,138.83,108.72,1,1,1,0
111,788,671.47,38.83,436.92,575.51,1,1,1,1
111,792,49.59,0,194.74,178.37,1,1,1,0
111,790,1772.17,0,259.21,197.55,1,1,1,0
111,791,1474.81,0,220.75,101.59,1,1,1,0
111,795,877.76,0,155.06,84.74,1,1,1,0
111,789,1596.02,0,138.68,107.54,1,1,1,0
112,788,664.87,37.04,438.98,578.35,1,1,1,1
112,792,50.97,0,194.04,178.36,1,1,1,0
112,790,1813.78,0,255.37,194.55,1,1,1,0
112,791,1477.38,0,231.33,103.79,1,1,1,0
112,789,1603.58,0,152.32,106.99,1,1,1,0
113,788,660.42,36.78,439.1,579.37,1,1,1,1
113,792,52.52,0,193.27,178.56,1,1,1,0
113,790,1853.92,0,249.63,200.56,1,1,1,0
113,791,1492.21,0,234.72,109.14,1,1,1,0
114,788,648.46,33.54,444.07,586.65,1,1,1,1
114,792,54.73,0,192.23,178.43,1,1,1,0
114,790,1876.79,0,245.66,201.67,1,1,1,0
114,791,1517.84,0,232.8,82.15,1,1,1,0
115,788,641.35,32.74,445.01,588.96,1,1,1,1
115,792,56.4,0,192.11,178.79,1,1,1,0
115,791,1556.08,0,215.18,70.49,1,1,1,0
116,788,633.94,32.27,445.59,591.54,1,1,1,1
116,792,57.31,0,192.51,179.42,1,1,1,0
116,791,1580.74,0,209.05,70.44,1,1,1,0
116,789,1557.6,0,216.47,112.95,1,1,1,0
117,788,628.19,33.52,443.27,590.27,1,1,1,1
117,792,58.84,0,192.66,180.35,1,1,1,0
117,791,1610.31,0,199.97,68.39,1,1,1,0
118,788,621.21,31.55,444.38,594.17,1,1,1,1
118,792,60.5,0,193.09,181.11,1,1,1,0
118,791,1639.28,0,201.37,69.66,1,1,1,0
119,788,613.68,30.23,444.62,596.18,1,1,1,1
119,792,62.55,0,192.73,181.88,1,1,1,0
119,791,1664.53,0,206.42,70.61,1,1,1,0
119,796,1474.09,0,138.02,121.87,1,1,1,0
120,788,608.67,29.57,444.63,597.86,1,1,1,1
120,792,64.83,0,191.7,182.96,1,1,1,0
120,791,1681.47,0,228.42,69.44,1,1,1,0
120,796,1458.15,0,146.55,118.29,1,1,1,0
121,788,604.04,28.75,444.14,598.22,1,1,1,1
121,792,66.98,0,191.24,184.24,1,1,1,0
121,791,1716.99,0,223.85,72.45,1,1,1,0
121,796,1443.4,0,141.09,114.07,1,1,1,0
122,788,598.05,27.48,443.48,598.49,1,1,1,1
122,792,69.1,0,190.77,185.32,1,1,1,0
122,791,1729.64,0,236.82,75.67,1,1,1,0
122,796,1427.41,0,138.63,109.96,1,1,1,0
123,788,595.77,27.83,441.87,596.93,1,1,1,1
123,792,71.94,0,190.32,185.9,1,1,1,0
123,791,1745.89,0,238.01,81.38,1,1,1,0
123,796,1409.93,0,137.26,106.48,1,1,1,0
123,789,1609.55,0,151.25,96.67,1,1,1,0
124,788,596.63,29.29,439.01,593.0,1,1,1,1
124,792,76.9,0,189.05,185.41,1,1,1,0
124,791,1778.77,0,217.88,80.98,1,1,1,0
124,796,1392.08,0,137.96,103.32,1,1,1,0
124,789,1610.78,0,145.55,97.05,1,1,1,0
125,788,599.84,31.66,436.53,589.27,1,1,1,1
125,792,81.78,0,188.03,185.1,1,1,1,0
125,791,1823.17,0,205.5,78.55,1,1,1,0
125,796,1374.91,0,139.57,99.75,1,1,1,0
125,789,1612.1,0,157.82,97.69,1,1,1,0
126,788,598.85,31.78,437.16,588.65,1,1,1,1
126,792,86.64,0,187.03,185.37,1,1,1,0
126,791,1826.51,0,205.36,66.73,1,1,1,0
126,796,1358.26,0,139.32,96.74,1,1,1,0
126,789,1613.97,0,157.35,97.94,1,1,1,0
127,788,601.0,30.93,436.82,586.11,1,1,1,1
127,792,89.72,0,187.44,185.15,1,1,1,0
127,791,1848.93,0,200.22,64.3,1,1,1,0
127,796,1342.06,0,139.51,95.39,1,1,1,0
127,789,1614.58,0,160.37,99.19,1,1,1,0
128,788,601.08,29.32,439.21,585.85,1,1,1,1
128,792,93.13,0,187.11,185.07,1,1,1,0
128,791,1837.59,0,205.52,73.33,1,1,1,0
128,796,1325.76,0,138.81,94.52,1,1,1,0
128,789,1616.0,0,160.53,99.56,1,1,1,0
129,788,604.21,25.54,441.9,586.55,1,1,1,1
129,792,95.41,0,187.01,184.92,1,1,1,0
129,791,1853.0,0,179.69,72.46,1,1,1,0
129,796,1307.82,0,139.34,95.03,1,1,1,0
129,789,1618.0,0,159.09,99.81,1,1,1,0
129,795,568.72,0,156.1,111.73,1,1,1,0
130,788,606.99,26.72,439.88,580.85,1,1,1,1
130,792,97.67,0,186.93,184.66,1,1,1,0
130,791,1865.54,0,171.57,68.81,1,1,1,0
130,796,1292.21,0,139.36,95.99,1,1,1,0
130,789,1617.57,0,160.68,100.25,1,1,1,0
130,795,547.2,0,158.54,112.96,1,1,1,0
131,788,616.03,28.5,437.08,575.0,1,1,1,1
131,792,100.05,0,186.93,184.75,1,1,1,0
131,791,1879.42,0,170.28,73.59,1,1,1,0
131,796,1276.16,0,138.58,98.29,1,1,1,0
131,789,1618.56,0,160.47,100.8,1,1,1,0
131,795,524.84,0,159.68,113.58,1,1,1,0
132,788,622.98,27.38,435.21,569.83,1,1,1,1
132,792,103.2,0,186.99,184.38,1,1,1,0
132,796,1259.73,0,141.18,102.56,1,1,1,0
132,789,1618.15,0,163.39,101.93,1,1,1,0
132,795,499.8,0,161.77,108.36,1,1,1,0
133,788,628.85,28.18,432.0,562.74,1,1,1,1
133,792,106.2,0,186.77,184.04,1,1,1,0
133,796,1242.03,0,140.86,108.95,1,1,1,0
133,789,1618.47,0,165.04,103.42,1,1,1,0
133,795,474.98,0,164.21,104.34,1,1,1,0
134,788,629.67,28.9,432.69,560.16,1,1,1,1
134,792,108.48,0,187.83,185.3,1,1,1,0
134,796,1221.31,0,141.29,115.41,1,1,1,0
134,789,1619.65,0,164.99,104.44,1,1,1,0
134,795,449.07,0,170.58,102.71,1,1,1,0
135,788,630.61,30.37,437.24,563.7,1,1,1,1
135,792,111.74,0,188.37,186.37,1,1,1,0
135,796,1201.68,0,139.26,120.87,1,1,1,0
135,789,1621.18,0,164.3,105.23,1,1,1,0
135,795,424.09,0,176.84,101.79,1,1,1,0
136,788,627.54,31.23,442.51,567.39,1,1,1,1
136,792,114.7,0,187.91,186.76,1,1,1,0
136,796,1183.1,0,139.79,126.05,1,1,1,0
136,789,1621.43,0,164.55,106.23,1,1,1,0
136,795,400.72,0,184.24,102.28,1,1,1,0
137,788,628.97,32.15,446.4,568.84,1,1,1,1
137,792,117.83,0,186.93,187.31,1,1,1,0
137,796,1165.17,0,139.24,129.62,1,1,1,0
137,789,1621.52,0,166.15,107.29,1,1,1,0
137,795,379.05,0,185.26,103.4,1,1,1,0
138,788,635.47,34.28,445.44,564.25,1,1,1,1
138,792,121.48,0,186.56,187.89,1,1,1,0
138,796,1145.19,0,139.29,131.78,1,1,1,0
138,789,1622.73,0,167.5,109.03,1,1,1,0
138,795,356.81,0,185.43,106.84,1,1,1,0
139,788,642.68,34.68,445.05,559.75,1,1,1,1
139,792,123.87,0,186.16,188.7,1,1,1,0
139,796,1123.36,0,139.32,132.42,1,1,1,0
139,789,1626.16,0,165.14,111.61,1,1,1,0
139,795,335.13,0,184.51,110.58,1,1,1,0
140,788,644.4,34.21,447.52,558.11,1,1,1,1
140,792,126.77,0,185.96,189.19,1,1,1,0
140,796,1103.03,0,142.58,132.13,1,1,1,0
140,789,1628.29,0,164.07,113.27,1,1,1,0
140,795,312.67,0,186.0,115.56,1,1,1,0
140,797,1744.5,97.06,232.18,339.76,1,1,1,0
141,788,639.87,31.72,455.42,564.26,1,1,1,1
141,792,129.11,0,185.85,190.26,1,1,1,0
141,796,1084.31,0,145.79,132.12,1,1,1,0
141,789,1631.09,0,162.76,113.31,1,1,1,0
141,795,284.96,0,196.73,121.32,1,1,1,0
141,797,1703.79,96.69,233.2,339.76,1,1,1,0
142,788,636.13,33.46,457.54,563.52,1,1,1,1
142,792,129.37,0,186.48,191.54,1,1,1,0
142,796,1064.83,0,147.74,131.95,1,1,1,0
142,789,1633.9,0,161.83,109.59,1,1,1,0
142,795,265.31,0,194.06,123.94,1,1,1,0
142,797,1651.4,93.3,233.92,337.89,1,1,1,0
143,788,632.31,34.72,460.58,564.06,1,1,1,1
143,792,130.36,0,187.51,192.8,1,1,1,0
143,796,1046.14,0,144.7,131.98,1,1,1,0
143,789,1637.9,0,158.67,99.89,1,1,1,0
143,795,260.46,0,176.85,120.04,1,1,1,0
143,797,1585.74,87.49,235.41,336.63,1,1,1,0
144,788,630.46,36.78,464.84,564.3,1,1,1,1
144,792,131.58,0,189.91,194.24,1,1,1,0
144,796,1029.38,0,143.61,132.08,1,1,1,0
144,789,1633.17,0,164.95,105.05,1,1,1,0
144,795,261.42,0,149.77,105.74,1,1,1,0
144,797,1534.94,75.4,236.83,335.6,1,1,1,0
145,788,630.11,39.73,468.04,564.4,1,1,1,1
145,792,134.41,0,190.36,195.36,1,1,1,0
145,796,1011.25,0,147.49,131.57,1,1,1,0
145,789,1639.7,0,166.53,112.95,1,1,1,0
145,797,1475.53,60.98,241.98,339.34,1,1,1,0
146,788,630.46,40.52,472.19,565.16,1,1,1,1
146,792,138.36,0,187.98,196.46,1,1,1,0
146,796,991.56,0,147.4,131.66,1,1,1,0
146,789,1643.78,0,168.61,116.7,1,1,1,0
146,797,1406.59,51.46,247.06,342.45,1,1,1,0
147,788,626.71,40.0,476.46,567.05,1,1,1,1
147,792,142.05,0,189.4,197.74,1,1,1,0
147,796,972.82,0,153.78,137.21,1,1,1,0
147,789,1645.93,0,169.62,118.64,1,1,1,0
147,797,1343.05,52.41,247.96,339.89,1,1,1,0
148,788,624.53,39.47,479.72,568.27,1,1,1,1
148,792,144.54,0,189.25,198.59,1,1,1,0
148,796,954.38,0,157.17,143.37,1,1,1,0
148,789,1648.7,0,169.09,119.09,1,1,1,0
148,797,1280.14,57.32,248.55,337.17,1,1,1,0
149,788,623.65,39.45,482.78,569.53,1,1,1,1
149,792,146.37,0,186.77,199.66,1,1,1,0
149,796,936.63,0,155.19,147.77,1,1,1,0
149,789,1651.17,0,169.05,119.81,1,1,1,0
149,797,1217.38,70.08,247.83,332.6,1,1,1,0
150,788,622.12,38.13,486.89,572.89,1,1,1,1
150,792,146.4,0,187.65,200.85,1,1,1,0
150,796,914.87,0,154.88,155.34,1,1,1,0
150,789,1654.13,0,169.56,121.39,1,1,1,0
150,797,1149.46,84.14,249.05,331.34,1,1,1,0
151,788,621.42,37.12,491.79,576.42,1,1,1,1
151,792,148.1,0,187.06,201.84,1,1,1,0
151,789,1659.29,0,167.83,122.15,1,1,1,0
151,797,1087.31,97.07,247.22,326.66,1,1,1,0
151,795,74.04,0,154.23,117.0,1,1,1,0
152,788,618.66,35.94,494.63,578.54,1,1,1,1
152,792,150.33,0,184.95,202.2,1,1,1,0
152,789,1663.81,0,166.64,122.54,1,1,1,0
152,797,1035.19,108.56,241.51,317.06,1,1,1,0
152,795,54.66,0,149.42,116.16,1,1,1,0
153,788,618.33,36.47,496.58,579.3,1,1,1,1
153,792,151.52,0,184.48,202.88,1,1,1,0
153,789,1671.48,0,162.0,123.14,1,1,1,0
153,797,981.83,120.7,235.43,310.72,1,1,1,0
153,795,38.01,0,148.48,117.15,1,1,1,0
154,788,618.55,36.88,498.97,580.15,1,1,1,1
154,792,152.35,0,184.24,204.51,1,1,1,0
154,789,1678.42,0,156.77,123.43,1,1,1,0
154,795,23.09,0,154.99,123.54,1,1,1,0
155,788,615.7,36.13,501.73,582.12,1,1,1,1
155,792,152.21,0,183.91,205.48,1,1,1,0
155,789,1684.37,0,154.29,122.78,1,1,1,0
155,795,8.76,0,170.69,131.21,1,1,1,0
156,788,614.38,35.06,503.21,583.63,1,1,1,1
156,792,153.99,0,184.98,206.72,1,1,1,0
156,789,1688.82,0,153.44,122.21,1,1,1,0
156,795,0,0,175.95,136.02,1,1,1,0
157,788,615.36,41.0,498.39,577.41,1,1,1,1
157,792,155.14,0,185.79,208.64,1,1,1,0
157,789,1692.61,0,153.4,121.78,1,1,1,0
157,795,0,0,175.39,141.66,1,1,1,0
158,788,617.43,39.37,498.72,577.89,1,1,1,1
158,792,155.45,0,186.24,209.13,1,1,1,0
158,789,1697.29,0,151.42,121.24,1,1,1,0
158,795,0,0,170.1,147.5,1,1,1,0
159,788,622.74,45.11,494.54,573.88,1,1,1,1
159,792,153.2,0,188.24,210.07,1,1,1,0
159,789,1701.08,0,151.13,121.17,1,1,1,0
159,795,0,0,164.67,151.79,1,1,1,0
160,788,625.67,43.08,495.08,575.75,1,1,1,1
160,792,151.55,0,189.18,210.79,1,1,1,0
160,789,1702.54,0,152.24,121.24,1,1,1,0
160,795,0,0,152.2,152.82,1,1,1,0
160,797,469.34,81.18,259.49,344.61,1,1,1,0
161,788,623.4,42.78,494.8,575.16,1,1,1,1
161,792,148.1,0,192.35,211.21,1,1,1,0
161,789,1705.34,0,151.1,120.76,1,1,1,0
161,795,0,0,135.87,150.12,1,1,1,0
161,797,397.18,76.15,265.51,353.67,1,1,1,0
162,788,621.94,43.84,494.22,574.13,1,1,1,1
162,792,145.95,0,193.99,211.75,1,1,1,0
162,789,1708.22,0,149.94,120.81,1,1,1,0
162,795,0,0,121.88,149.69,1,1,1,0
162,797,330.33,78.46,273.52,361.01,1,1,1,0
163,788,620.89,43.13,496.56,576.84,1,1,1,1
163,792,142.36,0,196.76,214.28,1,1,1,0
163,789,1709.8,0,151.47,121.28,1,1,1,0
163,795,0,0,110.45,148.82,1,1,1,0
163,797,261.07,84.21,286.79,373.16,1,1,1,0
164,788,621.8,44.53,495.61,575.37,1,1,1,1
164,792,136.66,0,200.57,217.98,1,1,1,0
164,789,1713.56,0,150.26,120.75,1,1,1,0
164,795,0,0,99.76,150.2,1,1,1,0
164,797,194.88,105.39,284.32,365.23,1,1,1,0
165,788,622.93,43.65,496.03,575.8,1,1,1,1
165,792,138.98,0,196.71,209.83,1,1,1,0
165,789,1717.5,0,147.71,119.54,1,1,1,0
165,795,0,0,88.35,149.85,1,1,1,0
165,797,119.52,123.24,285.38,361.35,1,1,1,0
166,788,625.24,44.5,493.99,573.57,1,1,1,1
166,792,138.01,0,190.76,203.69,1,1,1,0
166,789,1719.93,0,147.8,119.39,1,1,1,0
166,795,0,0,75.74,149.68,1,1,1,0
166,797,40.91,127.89,292.52,366.38,1,1,1,0
167,788,626.55,44.6,493.13,572.53,1,1,1,1
167,792,130.92,0,206.11,223.5,1,1,1,0
167,789,1721.15,0,148.6,119.93,1,1,1,0
167,795,0,0,59.17,132.66,1,1,1,0
167,797,0,127.41,261.54,369.96,1,1,1,0
168,788,625.83,44.43,494.38,573.94,1,1,1,1
168,792,123.37,0,218.01,236.09,1,1,1,0
168,789,1723.55,0,151.18,119.93,1,1,1,0
168,797,0,122.71,199.64,366.59,1,1,1,0
169,788,627.58,45.54,493.94,573.69,1,1,1,1
169,792,121.02,0,217.61,237.77,1,1,1,0
169,789,1726.91,0,151.81,119.74,1,1,1,0
169,797,0,127.94,146.39,342.16,1,1,1,0
169,796,590.11,0,158.16,160.96,1,1,1,0
170,788,631.25,46.35,492.51,572.79,1,1,1,1
170,792,121.05,0,215.28,237.32,1,1,1,0
170,789,1728.79,0,152.2,120.26,1,1,1,0
170,796,570.24,0,162.92,166.22,1,1,1,0
171,788,630.03,45.44,493.14,574.06,1,1,1,1
171,792,121.99,0,212.25,235.53,1,1,1,0
171,789,1729.05,0,154.6,120.55,1,1,1,0
171,796,549.56,0,168.72,173.08,1,1,1,0
172,788,628.03,44.89,493.22,574.34,1,1,1,1
172,792,122.4,0,210.95,234.75,1,1,1,0
172,789,1732.31,0,153.74,119.48,1,1,1,0
172,796,528.87,0,172.96,178.6,1,1,1,0
173,788,628.26,45.26,492.03,573.06,1,1,1,1
173,792,123.16,0,213.38,236.17,1,1,1,0
173,789,1736.84,0,151.39,118.67,1,1,1,0
173,796,508.33,0,175.06,184.81,1,1,1,0
174,788,625.95,45.4,492.35,573.37,1,1,1,1
174,792,124.62,0,213.61,236.45,1,1,1,0
174,789,1735.54,0,154.71,119.37,1,1,1,0
174,796,486.55,0,175.62,188.32,1,1,1,0
175,788,623.92,44.64,492.39,573.49,1,1,1,1
175,792,126.77,0,212.68,236.28,1,1,1,0
175,789,1737.73,0,155.19,119.67,1,1,1,0
175,796,463.28,0,176.24,192.14,1,1,1,0
176,788,622.88,43.55,492.14,573.54,1,1,1,1
176,792,129.35,0,211.9,235.56,1,1,1,0
176,789,1735.87,0,158.96,121.18,1,1,1,0
176,796,440.86,0,175.29,193.52,1,1,1,0
177,788,622.58,43.14,491.89,573.56,1,1,1,1
177,792,131.9,0,212.2,235.44,1,1,1,0
177,789,1738.98,0,162.07,121.31,1,1,1,0
177,796,418.68,0,173.1,192.37,1,1,1,0
178,788,619.76,43.38,491.65,572.77,1,1,1,1
178,792,133.51,0,212.82,235.74,1,1,1,0
178,789,1745.2,0,156.19,121.35,1,1,1,0
178,796,396.58,0,171.3,190.54,1,1,1,0
179,788,616.82,42.08,493.55,574.67,1,1,1,1
179,792,135.48,0,213.58,236.22,1,1,1,0
179,789,1749.59,0,154.51,120.81,1,1,1,0
179,796,375.23,0,169.04,187.68,1,1,1,0
180,788,615.37,42.69,494.4,575.89,1,1,1,1
180,792,136.58,0,215.13,238.34,1,1,1,0
180,789,1751.14,0,158.64,120.35,1,1,1,0
180,796,348.23,0,168.15,184.14,1,1,1,0
181,788,613.88,43.62,494.28,576.04,1,1,1,1
181,792,138.15,0,215.24,239.21,1,1,1,0
181,789,1749.54,0,162.82,123.04,1,1,1,0
181,796,328.02,0,167.49,181.58,1,1,1,0
182,788,613.26,45.97,492.81,574.5,1,1,1,1
182,792,139.11,0,214.83,239.6,1,1,1,0
182,789,1741.96,0,168.83,125.23,1,1,1,0
182,796,313.98,0,162.95,173.11,1,1,1,0
183,788,607.14,47.15,495.33,577.6,1,1,1,1
183,792,139.12,0,214.46,238.31,1,1,1,0
183,789,1740.22,0,167.06,120.54,1,1,1,0
183,796,305.51,0,155.38,165.77,1,1,1,0
184,788,605.12,50.07,493.2,575.08,1,1,1,1
184,792,140.65,0,211.98,236.21,1,1,1,0
184,789,1748.62,0,162.2,118.66,1,1,1,0
184,796,294.56,0,148.55,156.43,1,1,1,0
185,788,603.34,51.36,492.34,574.71,1,1,1,1
185,792,140.73,0,209.88,233.68,1,1,1,0
185,789,1755.37,0,164.3,126.26,1,1,1,0
186,788,600.7,52.01,491.3,574.77,1,1,1,1
186,792,141.39,0,208.21,230.81,1,1,1,0
186,789,1758.75,0,167.94,136.48,1,1,1,0
187,788,599.03,52.24,489.39,574.8,1,1,1,1
187,792,145.53,0,201.01,219.53,1,1,1,0
187,789,1761.12,0,171.72,141.83,1,1,1,0
188,788,594.29,50.4,490.45,578.29,1,1,1,1
188,792,144.86,0,201.75,217.31,1,1,1,0
188,789,1765.63,0,176.69,148.61,1,1,1,0
189,788,590.99,52.67,488.47,578.21,1,1,1,1
189,792,142.88,0,204.4,216.75,1,1,1,0
189,789,1756.88,0,190.19,156.02,1,1,1,0
190,788,591.27,54.9,487.2,579.16,1,1,1,1
190,792,142.47,0,206.25,217.01,1,1,1,0
190,789,1766.73,0,174.9,149.03,1,1,1,0
191,788,588.97,56.32,486.15,580.1,1,1,1,1
191,792,143.02,0,204.92,213.56,1,1,1,0
191,789,1771.3,0,165.54,143.46,1,1,1,0
192,788,589.06,58.62,484.0,579.05,1,1,1,1
192,792,142.88,0,202.78,207.81,1,1,1,0
192,789,1773.99,0,163.11,143.37,1,1,1,0
193,788,587.7,61.04,482.16,578.64,1,1,1,1
193,792,143.51,0,200.55,203.11,1,1,1,0
193,789,1760.23,0,175.62,145.11,1,1,1,0
194,788,587.51,62.12,480.99,579.07,1,1,1,1
194,792,145.16,0,197.32,198.52,1,1,1,0
194,789,1760.0,0,181.36,145.78,1,1,1,0
195,788,588.08,60.19,481.8,583.1,1,1,1,1
195,792,148.91,0,194.58,195.5,1,1,1,0
195,789,1763.53,0,166.88,142.43,1,1,1,0
196,788,590.76,60.42,480.3,584.41,1,1,1,1
196,792,150.77,0,192.43,193.67,1,1,1,0
196,789,1768.02,0,174.23,142.58,1,1,1,0
197,788,589.85,60.18,480.71,587.96,1,1,1,1
197,792,153.42,0,189.79,190.28,1,1,1,0
197,789,1764.81,0,178.56,144.59,1,1,1,0
198,788,591.1,61.45,479.17,589.08,1,1,1,1
198,792,155.15,0,188.81,189.02,1,1,1,0
198,789,1750.23,0,172.24,146.72,1,1,1,0
199,788,590.39,61.81,479.05,591.94,1,1,1,1
199,792,156.55,0,188.35,188.16,1,1,1,0
199,789,1749.9,0,170.1,146.85,1,1,1,0
200,788,591.24,61.52,479.02,595.37,1,1,1,1
200,792,157.8,0,187.97,187.13,1,1,1,0
200,789,1750.18,0,173.33,151.77,1,1,1,0
201,788,593.9,61.39,477.77,597.41,1,1,1,1
201,792,158.42,0,188.78,186.53,1,1,1,0
201,789,1752.65,0,171.43,151.2,1,1,1,0
202,788,595.23,61.71,476.52,598.93,1,1,1,1
202,792,159.31,0,189.11,186.18,1,1,1,0
202,789,1751.63,0,168.29,148.93,1,1,1,0
203,788,601.38,63.4,473.31,597.85,1,1,1,1
203,792,161.08,0,189.22,186.03,1,1,1,0
203,789,1751.33,0,168.55,147.63,1,1,1,0
203,798,20.09,0,168.0,187.19,1,1,1,0
204,788,606.93,65.02,469.87,596.4,1,1,1,1
204,792,162.25,0,190.69,186.54,1,1,1,0
204,789,1752.05,0,160.66,147.52,1,1,1,0
204,798,11.14,0,169.02,186.45,1,1,1,0
205,788,611.31,64.81,467.96,597.39,1,1,1,1
205,792,164.02,0,190.68,186.77,1,1,1,0
205,789,1751.71,0,168.64,149.68,1,1,1,0
205,798,1.92,0,168.9,185.49,1,1,1,0
206,788,616.59,66.3,464.71,596.14,1,1,1,1
206,792,165.84,0,190.3,187.23,1,1,1,0
206,789,1751.68,0,171.34,150.05,1,1,1,0
206,798,0,0,161.05,185.9,1,1,1,0
207,788,621.64,65.64,462.87,597.22,1,1,1,1
207,792,167.86,0,191.09,187.44,1,1,1,0
207,789,1750.53,0,171.52,151.4,1,1,1,0
207,798,0,0,148.55,186.28,1,1,1,0
208,788,624.01,65.17,461.17,598.6,1,1,1,1
208,792,169.3,0,190.84,187.34,1,1,1,0
208,789,1751.69,0,168.38,148.78,1,1,1,0
208,798,0,0,135.75,186.42,1,1,1,0
209,788,626.36,65.77,458.28,598.29,1,1,1,1
209,792,170.3,0,190.92,187.45,1,1,1,0
209,789,1756.17,0,189.51,166.13,1,1,1,0
209,798,0,0,124.46,186.48,1,1,1,0
210,788,630.8,64.68,457.14,600.23,1,1,1,1
210,792,171.79,0,190.03,186.82,1,1,1,0
210,789,1751.46,0,228.01,195.77,1,1,1,0
210,798,0,0,112.85,187.12,1,1,1,0
211,788,636.35,66.94,452.83,597.86,1,1,1,1
211,792,172.91,0,190.66,186.4,1,1,1,0
211,789,1746.51,0,255.16,220.34,1,1,1,0
211,798,0,0,102.47,187.96,1,1,1,0
212,788,639.87,67.58,450.62,597.93,1,1,1,1
212,792,174.97,0,188.93,185.67,1,1,1,0
212,789,1745.78,0,268.22,232.79,1,1,1,0
212,798,0,0,93.43,186.65,1,1,1,0
213,788,647.34,68.4,446.91,596.94,1,1,1,1
213,792,176.62,0,188.22,185.13,1,1,1,0
213,789,1746.47,0,271.47,237.5,1,1,1,0
213,798,0,0,86.74,186.56,1,1,1,0
214,788,651.49,67.3,445.08,598.34,1,1,1,1
214,792,177.41,0,189.31,185.54,1,1,1,0
214,789,1745.28,0,264.84,229.57,1,1,1,0
214,798,0,0,76.74,189.12,1,1,1,0
215,788,654.04,68.05,442.24,598.06,1,1,1,1
215,792,178.86,0,190.53,185.43,1,1,1,0
215,789,1745.49,0,221.74,188.69,1,1,1,0
215,798,0,0,65.31,191.09,1,1,1,0
216,788,658.03,68.92,438.91,596.94,1,1,1,1
216,792,179.55,0,191.4,185.6,1,1,1,0
216,789,1747.12,0,188.99,160.38,1,1,1,0
216,798,0,0,51.92,196.38,1,1,1,0
217,788,662.74,68.44,437.44,598.11,1,1,1,1
217,792,180.31,0,191.3,185.68,1,1,1,0
217,789,1749.92,0,174.72,146.9,1,1,1,0
217,798,0,0,40.83,200.35,1,1,1,0
218,788,666.3,67.44,435.54,598.54,1,1,1,1
218,792,180.79,0,191.48,185.73,1,1,1,0
218,789,1746.43,0,163.66,142.1,1,1,1,0
218,798,0,0,27.87,204.58,1,1,1,0
219,788,672.14,66.26,433.61,597.89,1,1,1,1
219,792,182.03,0,190.94,185.56,1,1,1,0
219,789,1745.67,0,160.77,141.79,1,1,1,0
219,798,0,8.53,20.15,197.12,1,1,1,0
220,788,676.22,66.4,431.31,595.45,1,1,1,1
220,792,183.62,0,190.38,185.11,1,1,1,0
220,789,1747.29,0,162.87,142.88,1,1,1,0
220,798,0,0,19.43,206.67,1,1,1,0
221,788,681.44,64.66,429.24,594.32,1,1,1,1
221,792,185.91,0,190.89,185.15,1,1,1,0
221,789,1749.03,0,166.35,145.61,1,1,1,0
221,798,0,3.78,16.07,203.36,1,1,1,0
222,788,686.52,65.8,428.42,594.89,1,1,1,1
222,792,189.09,0,189.95,185.08,1,1,1,0
222,789,1750.68,0,167.3,148.65,1,1,1,0
222,798,0,33.12,9.35,178.25,1,1,1,0
223,788,689.79,66.33,431.53,600.6,1,1,1,1
223,792,191.65,0,191.45,185.75,1,1,1,0
223,789,1753.62,0,167.92,151.29,1,1,1,0
223,798,0,65.81,6.58,166.15,1,1,1,0
224,788,696.12,68.31,431.02,602.54,1,1,1,1
224,792,195.15,0,190.8,186.21,1,1,1,0
224,789,1756.68,0,169.08,154.21,1,1,1,0
224,798,0,83.25,5.93,163.14,1,1,1,0
225,788,701.14,69.46,429.31,602.47,1,1,1,1
225,792,198.15,0,191.96,186.99,1,1,1,0
225,789,1760.49,0,168.95,156.9,1,1,1,0
226,788,704.93,69.88,427.77,602.41,1,1,1,1
226,792,201.58,0,191.83,187.69,1,1,1,0
226,789,1766.95,0,166.81,158.72,1,1,1,0
227,788,708.34,69.63,428.53,604.76,1,1,1,1
227,792,203.37,0,193.82,188.94,1,1,1,0
227,789,1772.56,0,162.78,159.68,1,1,1,0
228,788,710.69,68.53,428.81,606.61,1,1,1,1
228,792,205.73,0,195.22,189.42,1,1,1,0
228,789,1776.26,0,164.41,162.94,1,1,1,0
229,788,716.36,68.3,427.03,605.5,1,1,1,1
229,792,208.41,0,197.16,191.17,1,1,1,0
229,789,1781.48,0,163.56,163.91,1,1,1,0
230,788,723.4,68.21,426.64,605.84,1,1,1,1
230,792,211.3,0,198.32,191.73,1,1,1,0
230,789,1786.63,0,164.72,165.05,1,1,1,0
231,788,730.74,68.57,426.4,606.74,1,1,1,1
231,792,216.29,0,196.64,190.83,1,1,1,0
231,789,1790.95,0,163.39,165.83,1,1,1,0
232,788,732.89,67.31,427.24,608.85,1,1,1,1
232,792,220.68,0,197.68,191.27,1,1,1,0
232,789,1795.49,0,161.63,165.89,1,1,1,0
233,788,738.35,67.62,425.91,608.03,1,1,1,1
233,792,223.77,0,199.36,191.82,1,1,1,0
233,789,1800.51,0,162.12,166.08,1,1,1,0
234,788,742.3,66.95,424.49,606.1,1,1,1,1
234,792,227.35,0,200.11,191.92,1,1,1,0
234,789,1804.39,0,162.87,167.01,1,1,1,0
235,788,748.01,68.68,422.35,602.56,1,1,1,1
235,792,231.57,0,200.09,191.65,1,1,1,0
235,789,1808.07,0,161.67,165.75,1,1,1,0
236,788,749.97,69.14,422.43,602.21,1,1,1,1
236,792,234.83,0,200.4,191.94,1,1,1,0
236,789,1812.15,0,155.56,160.73,1,1,1,0
237,788,753.58,68.41,421.96,600.59,1,1,1,1
237,792,238.17,0,202.4,192.62,1,1,1,0
237,789,1814.33,0,158.13,163.58,1,1,1,0
238,788,756.0,67.93,420.98,599.38,1,1,1,1
238,792,241.85,0,203.25,193.07,1,1,1,0
238,789,1819.08,0,155.8,159.53,1,1,1,0
239,788,761.06,67.35,418.39,595.75,1,1,1,1
239,792,246.79,0,203.36,193.04,1,1,1,0
239,789,1824.05,0,149.88,152.04,1,1,1,0
240,788,765.06,69.03,415.33,591.3,1,1,1,1
240,792,251.7,0,201.84,193.02,1,1,1,0
240,789,1827.26,0,149.56,151.8,1,1,1,0
241,788,769.96,69.96,412.71,586.56,1,1,1,1
241,792,255.65,0,202.25,193.09,1,1,1,0
241,789,1830.71,0,144.67,147.9,1,1,1,0
242,788,772.56,70.1,411.52,583.43,1,1,1,1
242,792,258.02,0,205.16,194.2,1,1,1,0
242,789,1831.38,0,145.41,151.79,1,1,1,0
243,788,773.68,69.65,410.51,580.82,1,1,1,1
243,792,261.41,0,205.45,194.32,1,1,1,0
243,789,1833.01,0,145.97,154.23,1,1,1,0
244,788,776.85,69.67,409.17,577.31,1,1,1,1
244,792,263.68,0,206.88,195.05,1,1,1,0
244,789,1835.05,0,146.34,154.87,1,1,1,0
245,788,777.54,70.67,409.44,576.26,1,1,1,1
245,792,268.49,0,205.21,194.91,1,1,1,0
245,789,1836.36,0,145.18,154.12,1,1,1,0
246,788,778.91,70.94,411.89,578.85,1,1,1,1
246,792,271.48,0,206.32,195.85,1,1,1,0
246,789,1837.82,0,145.82,155.75,1,1,1,0
247,788,779.4,71.04,413.44,580.68,1,1,1,1
247,792,274.06,0,207.53,196.38,1,1,1,0
247,789,1839.71,0,146.4,156.96,1,1,1,0
248,788,779.32,70.27,415.16,583.02,1,1,1,1
248,792,276.83,0,208.51,196.78,1,1,1,0
248,789,1841.36,0,146.17,157.71,1,1,1,0
249,788,779.52,70.46,415.95,584.63,1,1,1,1
249,792,279.39,0,209.15,197.1,1,1,1,0
249,789,1843.13,0,145.23,157.6,1,1,1,0
250,788,778.95,71.03,415.77,584.77,1,1,1,1
250,792,281.1,0,209.22,197.42,1,1,1,0
250,789,1844.5,0,144.9,158.05,1,1,1,0
251,788,777.7,70.95,416.01,586.33,1,1,1,1
251,792,282.84,0,209.98,197.81,1,1,1,0
251,789,1844.82,0,145.01,159.11,1,1,1,0
252,788,778.87,72.0,414.27,584.64,1,1,1,1
252,792,282.79,0,211.03,198.64,1,1,1,0
252,789,1845.2,0,144.39,158.8,1,1,1,0
253,788,779.01,71.89,414.11,585.31,1,1,1,1
253,792,283.61,0,210.72,198.75,1,1,1,0
253,789,1846.21,0,143.88,158.28,1,1,1,0
254,788,778.6,72.74,412.48,584.27,1,1,1,1
254,792,285.14,0,212.7,199.07,1,1,1,0
254,789,1847.1,0,145.74,158.97,1,1,1,0
255,788,777.61,73.65,411.05,583.69,1,1,1,1
255,792,287.46,0,214.66,199.47,1,1,1,0
255,789,1847.25,0,145.12,158.24,1,1,1,0
256,788,773.29,74.38,411.16,584.28,1,1,1,1
256,792,288.13,0,216.69,200.01,1,1,1,0
256,789,1847.75,0,145.46,157.55,1,1,1,0
257,788,774.85,74.84,411.16,584.71,1,1,1,1
257,792,290.96,0,218.86,201.99,1,1,1,0
257,789,1846.88,0,144.45,157.19,1,1,1,0
258,788,773.19,74.31,411.66,585.98,1,1,1,1
258,792,294.07,0,222.57,204.71,1,1,1,0
258,789,1846.99,0,144.67,157.45,1,1,1,0
259,788,771.72,73.89,412.73,588.25,1,1,1,1
259,792,295.47,0,222.52,206.1,1,1,1,0
259,789,1847.47,0,143.79,156.95,1,1,1,0
260,788,770.86,73.92,412.13,588.11,1,1,1,1
260,792,299.08,0,225.66,209.78,1,1,1,0
260,789,1847.06,0,142.99,156.67,1,1,1,0
261,788,771.04,74.52,414.09,589.84,1,1,1,1
261,792,299.08,0,228.58,214.89,1,1,1,0
261,789,1846.23,0,142.39,155.76,1,1,1,0
262,788,770.13,75.14,414.4,589.69,1,1,1,1
262,792,298.68,0,231.87,221.62,1,1,1,0
262,789,1845.78,0,143.97,157.32,1,1,1,0
263,788,769.09,73.97,415.92,591.41,1,1,1,1
263,792,300.31,0,234.47,228.93,1,1,1,0
263,789,1845.92,0,143.93,157.12,1,1,1,0
264,788,771.64,72.82,417.76,593.14,1,1,1,1
264,792,302.78,0,231.99,231.78,1,1,1,0
264,789,1846.82,0,143.79,157.04,1,1,1,0
265,788,774.05,73.48,417.17,591.49,1,1,1,1
265,792,303.21,0,230.65,232.57,1,1,1,0
265,789,1847.31,0,143.38,157.21,1,1,1,0
266,788,774.28,73.73,417.48,591.64,1,1,1,1
266,792,302.06,0,234.17,238.4,1,1,1,0
266,789,1848.21,0,143.36,156.68,1,1,1,0
267,788,774.6,73.72,417.89,592.58,1,1,1,1
267,792,304.79,0,228.67,236.03,1,1,1,0
267,789,1848.41,0,143.61,157.07,1,1,1,0
268,788,773.78,73.91,419.09,594.31,1,1,1,1
268,792,306.55,0,227.69,236.16,1,1,1,0
268,789,1848.63,0,143.37,157.02,1,1,1,0
269,788,773.75,74.38,419.75,594.95,1,1,1,1
269,792,307.85,0,227.51,237.23,1,1,1,0
269,789,1848.88,0,142.93,157.4,1,1,1,0
270,788,774.64,74.95,419.75,595.17,1,1,1,1
270,792,309.37,0,226.04,236.77,1,1,1,0
270,789,1849.09,0,142.49,157.44,1,1,1,0
271,788,777.35,74.17,422.15,598.61,1,1,1,1
271,792,310.98,0,223.69,236.22,1,1,1,0
271,789,1848.14,0,142.75,158.55,1,1,1,0
272,788,781.61,74.86,419.71,595.72,1,1,1,1
272,792,311.8,0,222.63,237.24,1,1,1,0
272,789,1848.21,0,141.98,158.18,1,1,1,0
273,788,783.02,75.32,419.13,594.79,1,1,1,1
273,792,311.71,0,225.31,241.04,1,1,1,0
273,789,1848.58,0,142.57,159.02,1,1,1,0
274,788,786.48,75.49,420.13,596.02,1,1,1,1
274,792,310.81,0,227.58,245.39,1,1,1,0
274,789,1849.49,0,142.84,159.04,1,1,1,0
275,788,786.6,76.14,419.63,595.48,1,1,1,1
275,792,308.35,0,232.17,254.86,1,1,1,0
275,789,1850.2,0,143.77,159.34,1,1,1,0
276,788,788.91,77.68,417.99,593.16,1,1,1,1
276,792,306.0,0,236.28,261.55,1,1,1,0
276,789,1853.4,0,144.58,160.53,1,1,1,0
277,788,792.35,77.45,417.7,592.28,1,1,1,1
277,792,306.11,0,235.38,263.06,1,1,1,0
277,789,1855.43,0,144.83,159.89,1,1,1,0
278,788,793.03,76.55,416.35,590.36,1,1,1,1
278,792,306.42,0,234.8,264.5,1,1,1,0
278,789,1856.27,0,144.72,159.24,1,1,1,0
279,788,794.54,74.61,415.62,589.64,1,1,1,1
279,792,307.37,0,232.45,263.46,1,1,1,0
279,789,1858.43,0,147.29,159.38,1,1,1,0
280,788,796.44,74.17,413.36,586.29,1,1,1,1
280,792,309.57,0,227.84,259.4,1,1,1,0
280,789,1860.56,0,151.9,162.0,1,1,1,0
281,788,799.17,74.41,410.79,582.64,1,1,1,1
281,792,312.18,0,222.86,254.56,1,1,1,0
281,789,1860.83,0,153.06,162.8,1,1,1,0
282,788,800.65,74.5,407.21,577.7,1,1,1,1
282,792,310.86,0,224.76,258.16,1,1,1,0
282,789,1859.94,0,153.8,162.2,1,1,1,0
283,788,802.6,73.64,406.98,577.19,1,1,1,1
283,792,309.67,0,225.64,259.68,1,1,1,0
283,789,1860.14,0,156.05,163.45,1,1,1,0
284,788,805.37,75.51,403.54,572.86,1,1,1,1
284,792,308.44,0,225.51,261.48,1,1,1,0
284,789,1860.02,0,155.63,163.9,1,1,1,0
285,788,807.38,78.13,400.22,568.18,1,1,1,1
285,792,309.11,0,221.99,259.04,1,1,1,0
285,789,1860.47,0,155.98,164.26,1,1,1,0
286,788,805.46,78.2,401.8,569.8,1,1,1,1
286,792,309.61,0,215.35,249.96,1,1,1,0
286,789,1861.07,0,155.16,163.98,1,1,1,0
287,788,804.03,78.41,402.17,568.68,1,1,1,1
287,792,308.68,0,211.94,245.89,1,1,1,0
287,789,1862.05,0,154.86,164.16,1,1,1,0
288,788,803.85,78.48,403.93,569.92,1,1,1,1
288,792,307.26,0,210.76,244.79,1,1,1,0
288,789,1862.38,0,153.15,162.82,1,1,1,0
289,788,801.22,78.49,404.87,570.44,1,1,1,1
289,792,305.53,0,211.57,245.12,1,1,1,0
289,789,1862.92,0,153.21,162.9,1,1,1,0
290,788,803.24,78.98,405.55,572.18,1,1,1,1
290,792,296.56,0,224.69,261.87,1,1,1,0
290,789,1863.89,0,153.23,162.63,1,1,1,0
291,788,801.74,78.16,403.93,569.09,1,1,1,1
291,792,294.72,0,223.77,262.58,1,1,1,0
291,789,1865.02,0,153.25,161.42,1,1,1,0
292,788,798.95,76.74,403.72,568.65,1,1,1,1
292,792,292.24,0,223.86,265.56,1,1,1,0
292,789,1865.93,0,152.23,159.67,1,1,1,0
293,788,797.66,74.31,405.72,571.61,1,1,1,1
293,792,289.93,0,221.58,263.48,1,1,1,0
293,789,1864.84,0,151.43,158.81,1,1,1,0
294,788,794.53,72.11,409.38,577.23,1,1,1,1
294,792,288.52,0,222.66,264.71,1,1,1,0
294,789,1865.42,0,150.71,158.3,1,1,1,0
295,788,794.62,71.29,409.04,576.98,1,1,1,1
295,792,288.16,0,220.94,262.26,1,1,1,0
295,789,1865.8,0,150.08,157.62,1,1,1,0
296,788,794.56,70.3,406.73,574.0,1,1,1,1
296,792,288.0,0,216.38,257.1,1,1,1,0
296,789,1866.37,0,150.55,157.88,1,1,1,0
297,788,795.78,71.24,405.79,572.37,1,1,1,1
297,792,287.78,0,213.89,254.51,1,1,1,0
297,789,1865.62,0,151.02,158.49,1,1,1,0
298,788,796.15,71.82,404.83,570.77,1,1,1,1
298,792,286.21,0,213.64,253.54,1,1,1,0
298,789,1865.8,0,151.83,160.13,1,1,1,0
299,788,795.55,71.25,405.18,570.98,1,1,1,1
299,792,284.91,0,214.0,253.89,1,1,1,0
299,789,1866.76,0,151.92,161.15,1,1,1,0
300,788,794.48,69.65,405.42,570.87,1,1,1,1
300,792,283.46,0,215.26,255.32,1,1,1,0
300,789,1866.88,0,150.82,161.43,1,1,1,0
301,788,791.63,69.56,404.05,567.96,1,1,1,1
301,792,281.97,0,217.85,257.96,1,1,1,0
301,789,1866.57,0,149.46,160.64,1,1,1,0
302,788,789.47,68.35,404.14,566.88,1,1,1,1
302,792,280.23,0,218.79,259.34,1,1,1,0
302,789,1867.08,0,149.29,161.03,1,1,1,0
303,788,787.82,67.41,403.5,565.0,1,1,1,1
303,792,277.55,0,220.51,261.94,1,1,1,0
303,789,1866.67,0,148.8,161.08,1,1,1,0
304,788,786.42,66.38,402.49,562.23,1,1,1,1
304,792,274.55,0,220.08,262.32,1,1,1,0
304,789,1868.13,0,158.15,168.18,1,1,1,0
305,788,784.61,67.52,400.76,558.52,1,1,1,1
305,792,273.45,0,216.75,261.34,1,1,1,0
305,789,1865.63,0,153.65,166.32,1,1,1,0
306,788,780.49,65.66,402.28,559.87,1,1,1,1
306,792,271.94,0,214.22,259.65,1,1,1,0
306,789,1866.44,0,159.33,170.41,1,1,1,0
307,788,778.88,65.69,403.86,561.72,1,1,1,1
307,792,269.84,0,214.05,259.39,1,1,1,0
307,789,1866.34,0,162.23,172.41,1,1,1,0
308,788,776.26,66.81,405.43,564.15,1,1,1,1
308,792,266.96,0,214.73,261.29,1,1,1,0
308,789,1867.27,0,162.92,172.16,1,1,1,0
309,788,774.07,68.94,403.74,563.0,1,1,1,1
309,792,264.21,0,216.46,262.98,1,1,1,0
309,789,1867.51,0,163.39,172.02,1,1,1,0
310,788,770.64,69.66,404.44,565.47,1,1,1,1
310,792,261.94,0,214.55,262.22,1,1,1,0
310,789,1864.71,0,142.39,152.3,1,1,1,0
311,788,766.23,69.04,405.5,567.71,1,1,1,1
311,792,259.38,0,213.8,262.21,1,1,1,0
311,789,1864.26,0,132.66,143.41,1,1,1,0
312,788,762.06,67.21,407.05,570.15,1,1,1,1
312,792,256.22,0,213.37,261.49,1,1,1,0
312,789,1863.34,0,130.91,143.26,1,1,1,0
313,788,759.44,67.32,407.51,570.27,1,1,1,1
313,792,253.39,0,214.46,263.8,1,1,1,0
313,789,1862.69,0,131.03,143.98,1,1,1,0
314,788,755.18,68.17,408.82,571.09,1,1,1,1
314,792,253.2,0.79,211.7,260.5,1,1,1,0
314,789,1863.1,0,141.22,156.24,1,1,1,0
315,788,755.99,69.78,407.82,569.31,1,1,1,1
315,792,252.86,1.98,208.29,256.13,1,1,1,0
315,789,1862.28,0,145.31,161.5,1,1,1,0
316,788,755.58,69.3,408.26,569.71,1,1,1,1
316,792,252.46,3.51,206.64,253.81,1,1,1,0
316,789,1862.19,0,146.49,163.07,1,1,1,0
317,788,752.94,68.62,410.36,572.34,1,1,1,1
317,792,250.41,2.85,207.48,254.98,1,1,1,0
317,789,1860.69,0,140.41,157.12,1,1,1,0
318,788,752.36,68.56,411.26,573.13,1,1,1,1
318,792,249.93,2.63,208.56,256.1,1,1,1,0
318,789,1861.59,0,141.56,158.5,1,1,1,0
319,788,751.76,68.74,412.49,574.4,1,1,1,1
319,792,249.84,2.38,208.55,255.8,1,1,1,0
319,789,1862.01,0,133.89,149.22,1,1,1,0
320,788,752.84,69.01,412.84,573.87,1,1,1,1
320,792,248.17,1.92,209.16,256.46,1,1,1,0
320,789,1862.01,0,129.66,143.86,1,1,1,0
321,788,756.2,68.31,412.77,573.65,1,1,1,1
321,792,245.48,0.34,211.73,260.11,1,1,1,0
321,789,1862.82,0,124.94,139.05,1,1,1,0
322,788,759.15,68.25,412.64,572.95,1,1,1,1
322,792,241.81,0,214.85,263.61,1,1,1,0
322,789,1863.79,0,121.95,135.55,1,1,1,0
323,788,762.07,70.02,413.0,572.47,1,1,1,1
323,792,241.64,0,214.6,263.22,1,1,1,0
323,789,1864.38,0,138.42,151.61,1,1,1,0
324,788,763.97,70.69,414.74,574.67,1,1,1,1
324,792,240.36,0,214.18,263.05,1,1,1,0
324,789,1862.49,0,145.28,158.64,1,1,1,0
325,788,768.49,71.93,414.16,574.1,1,1,1,1
325,792,238.81,0,213.78,262.98,1,1,1,0
325,789,1859.87,0,153.28,166.81,1,1,1,0
326,788,767.9,72.19,414.52,573.67,1,1,1,1
326,792,236.82,0,213.18,262.83,1,1,1,0
326,789,1858.02,0,151.86,165.71,1,1,1,0
327,788,769.12,72.78,414.08,572.21,1,1,1,1
327,792,233.87,0.3,213.38,263.76,1,1,1,0
327,789,1855.8,0,143.17,156.13,1,1,1,0
328,788,769.3,72.29,414.44,572.34,1,1,1,1
328,792,232.53,0.83,214.43,264.78,1,1,1,0
328,789,1855.93,0,136.19,146.4,1,1,1,0
329,788,768.02,72.49,414.83,572.39,1,1,1,1
329,792,230.98,2.52,213.86,263.76,1,1,1,0
329,789,1856.96,0,130.06,138.33,1,1,1,0
330,788,763.66,69.18,417.1,574.6,1,1,1,1
330,792,229.01,4.3,212.85,262.02,1,1,1,0
330,789,1860.22,0,140.12,146.04,1,1,1,0
331,788,760.24,65.83,419.09,576.32,1,1,1,1
331,792,226.77,3.86,212.9,261.46,1,1,1,0
331,789,1855.16,0,137.21,144.87,1,1,1,0
332,788,754.57,64.67,419.05,575.27,1,1,1,1
332,792,223.33,3.38,212.67,260.75,1,1,1,0
332,789,1857.08,0,145.84,152.4,1,1,1,0
333,788,749.11,63.66,420.11,575.06,1,1,1,1
333,792,220.22,3.33,213.15,260.53,1,1,1,0
333,789,1860.11,0,156.86,160.83,1,1,1,0
334,788,743.85,60.61,423.8,578.85,1,1,1,1
334,792,217.02,5.75,213.87,260.21,1,1,1,0
334,789,1851.21,0,159.64,166.77,1,1,1,0
335,788,732.2,57.9,430.33,584.24,1,1,1,1
335,792,211.03,7.19,216.79,262.74,1,1,1,0
335,789,1850.74,0,184.07,190.48,1,1,1,0
336,788,723.74,56.31,434.67,587.24,1,1,1,1
336,792,208.79,7.22,216.42,261.71,1,1,1,0
336,789,1851.94,0,180.08,185.26,1,1,1,0
337,788,714.48,55.95,437.49,587.74,1,1,1,1
337,792,204.7,8.26,216.18,260.56,1,1,1,0
337,789,1854.59,0,177.01,181.56,1,1,1,0
338,788,698.92,52.77,444.59,592.15,1,1,1,1
338,792,201.36,10.02,216.69,260.13,1,1,1,0
338,789,1853.3,0,174.05,179.4,1,1,1,0
339,788,684.1,50.03,451.13,596.15,1,1,1,1
339,792,197.17,8.97,220.37,263.86,1,1,1,0
339,789,1858.67,0,175.38,178.59,1,1,1,0
340,788,671.68,49.63,456.43,598.6,1,1,1,1
340,792,194.38,7.56,221.88,264.67,1,1,1,0
340,789,1851.07,0,184.0,185.61,1,1,1,0
341,788,656.47,50.72,459.99,597.87,1,1,1,1
341,792,191.85,6.26,222.71,264.62,1,1,1,0
341,789,1849.17,0,179.05,178.51,1,1,1,0
342,788,641.96,53.07,461.77,594.45,1,1,1,1
342,792,189.32,6.9,224.97,266.73,1,1,1,0
342,789,1846.91,0,173.63,174.54,1,1,1,0
343,788,610.13,48.93,470.81,597.77,1,1,1,1
343,792,187.96,6.09,226.62,268.05,1,1,1,0
343,789,1845.53,0,179.04,177.1,1,1,1,0
344,788,586.66,46.4,477.3,599.57,1,1,1,1
344,792,189.24,5.73,227.22,268.09,1,1,1,0
344,789,1842.02,0,180.72,180.58,1,1,1,0
345,788,554.29,40.43,495.46,614.39,1,1,1,1
345,792,189.45,5.74,226.36,266.65,1,1,1,0
345,789,1835.74,0,183.33,187.5,1,1,1,0
346,788,538.32,40.58,498.29,612.84,1,1,1,1
346,792,189.62,4.25,225.71,265.88,1,1,1,0
346,789,1830.78,0,191.05,196.4,1,1,1,0
347,788,500.53,39.12,518.29,629.57,1,1,1,1
347,792,191.43,2.29,225.27,265.48,1,1,1,0
347,789,1828.4,0,195.03,198.75,1,1,1,0
348,788,477.87,40.58,526.9,634.22,1,1,1,1
348,792,194.84,4.2,222.05,261.99,1,1,1,0
348,789,1830.41,0,211.09,208.95,1,1,1,0
349,788,473.21,45.74,520.79,623.04,1,1,1,1
349,792,195.22,3.13,220.64,261.26,1,1,1,0
349,789,1832.3,0,228.77,223.9,1,1,1,0
350,788,455.84,46.39,530.98,628.33,1,1,1,1
350,792,196.71,1.89,220.78,262.35,1,1,1,0
350,789,1827.86,0,252.2,249.09,1,1,1,0
351,788,455.9,51.19,522.51,614.2,1,1,1,1
351,792,198.91,1.18,219.58,262.72,1,1,1,0
352,788,427.34,52.86,533.67,621.67,1,1,1,1
352,792,200.61,0,221.01,263.59,1,1,1,0
353,788,417.9,55.05,536.43,619.65,1,1,1,1
353,792,204.72,0,223.74,266.26,1,1,1,0
354,788,386.73,56.67,549.58,625.98,1,1,1,1
354,792,211.58,0,224.03,267.39,1,1,1,0
355,788,377.5,61.03,553.58,623.76,1,1,1,1
355,792,223.09,0,217.76,260.42,1,1,1,0
356,788,366.39,64.66,559.94,624.83,1,1,1,1
356,792,232.31,0,213.15,253.54,1,1,1,0
357,788,360.83,67.57,563.28,622.8,1,1,1,1
357,792,243.12,0,203.45,244.99,1,1,1,0
358,788,336.84,63.85,585.42,640.29,1,1,1,1
358,792,253.21,0,197.22,237.99,1,1,1,0
359,788,326.92,62.22,597.23,647.39,1,1,1,1
359,792,264.5,0,186.4,225.99,1,1,1,0
360,788,320.35,61.76,606.66,653.37,1,1,1,1
360,792,269.53,0,181.57,219.53,1,1,1,0
361,788,320.63,63.33,608.44,652.17,1,1,1,1
361,792,268.81,0,180.51,215.83,1,1,1,0
362,788,325.35,71.24,594.59,635.53,1,1,1,1
362,792,269.57,0,178.64,212.61,1,1,1,0
363,788,316.72,65.62,604.78,643.66,1,1,1,1
363,792,270.84,0,176.96,209.98,1,1,1,0
364,788,318.97,72.42,597.12,634.95,1,1,1,1
364,792,271.81,0,174.31,206.22,1,1,1,0
365,788,296.79,68.6,614.8,651.52,1,1,1,1
365,792,272.77,0,172.75,203.08,1,1,1,0
366,788,287.2,69.71,622.88,657.84,1,1,1,1
366,792,272.4,0,173.46,203.1,1,1,1,0
367,788,290.77,70.11,620.17,655.04,1,1,1,1
367,792,270.36,0,175.81,204.45,1,1,1,0
368,788,284.9,70.23,622.33,655.84,1,1,1,1
368,792,267.48,0,178.0,205.05,1,1,1,0
369,788,283.91,70.25,623.54,656.85,1,1,1,1
369,792,265.15,0,179.55,206.28,1,1,1,0
370,788,289.42,69.84,620.04,654.38,1,1,1,1
370,792,263.5,0,180.91,207.33,1,1,1,0
371,788,294.8,73.24,613.76,648.6,1,1,1,1
371,792,262.12,0,181.72,207.29,1,1,1,0
372,788,296.19,74.5,609.86,644.76,1,1,1,1
372,792,261.42,0,180.75,205.44,1,1,1,0
373,788,297.0,76.74,603.72,637.5,1,1,1,1
373,792,260.12,0,182.83,207.51,1,1,1,0
374,788,300.68,79.15,600.05,633.97,1,1,1,1
374,792,259.27,0,182.76,207.52,1,1,1,0
375,788,303.58,77.21,598.19,633.07,1,1,1,1
375,792,257.07,0,183.68,207.87,1,1,1,0
376,788,300.96,75.84,598.81,633.77,1,1,1,1
376,792,254.45,0,186.42,211.22,1,1,1,0
377,788,279.8,73.7,609.53,643.25,1,1,1,1
377,792,252.62,0,188.77,214.68,1,1,1,0
378,788,290.99,76.45,603.93,637.7,1,1,1,1
378,792,250.89,0,189.88,216.99,1,1,1,0
379,788,272.85,72.7,614.29,647.15,1,1,1,1
379,792,250.44,0,188.91,216.39,1,1,1,0
380,788,267.62,71.48,615.25,646.12,1,1,1,1
380,792,251.35,0,185.03,211.18,1,1,1,0
381,788,261.27,70.42,620.45,650.27,1,1,1,1
381,792,251.95,0,183.39,209.3,1,1,1,0
382,788,254.75,71.61,626.96,656.18,1,1,1,1
382,792,250.66,0,185.06,211.01,1,1,1,0
383,788,259.03,72.86,620.36,648.47,1,1,1,1
383,792,251.32,0,183.43,209.17,1,1,1,0
384,788,257.04,74.13,622.81,650.25,1,1,1,1
384,792,250.77,0,185.77,211.6,1,1,1,0
385,788,258.65,77.19,625.79,654.68,1,1,1,1
385,792,251.41,0,186.45,213.01,1,1,1,0
386,788,254.59,78.93,630.7,660.49,1,1,1,1
386,792,256.37,0,183.27,216.43,1,1,1,0
387,788,248.29,82.54,634.52,664.43,1,1,1,1
387,792,259.45,0,181.99,217.52,1,1,1,0
388,788,240.31,81.71,646.32,677.56,1,1,1,1
388,792,259.69,0,184.61,221.51,1,1,1,0
389,788,242.15,79.98,648.31,680.69,1,1,1,1
389,792,259.42,0,186.67,225.15,1,1,1,0
390,788,257.85,82.45,632.73,665.16,1,1,1,1
390,792,259.76,0,184.16,227.3,1,1,1,0
391,788,263.83,83.57,632.59,666.47,1,1,1,1
391,792,262.09,2.46,182.44,225.02,1,1,1,0
392,788,267.64,84.17,624.85,657.57,1,1,1,1
392,792,263.97,7.46,177.96,219.43,1,1,1,0
393,788,297.62,85.16,608.64,642.95,1,1,1,1
393,792,266.93,11.96,172.62,212.55,1,1,1,0
394,788,301.47,84.29,613.14,649.94,1,1,1,1
394,792,270.71,6.47,175.89,215.9,1,1,1,0
395,788,302.54,80.76,616.55,655.74,1,1,1,1
395,792,272.62,7.53,174.35,213.75,1,1,1,0
396,788,300.56,80.8,617.63,657.75,1,1,1,1
396,792,271.57,16.76,163.09,200.88,1,1,1,0
397,788,306.48,80.22,613.24,653.93,1,1,1,1
397,792,273.8,6.85,176.86,218.44,1,1,1,0
398,788,322.25,81.99,600.09,641.7,1,1,1,1
398,792,275.84,13.48,170.49,212.11,1,1,1,0
399,788,329.04,83.86,594.43,637.5,1,1,1,1
399,792,280.06,13.99,168.62,210.67,1,1,1,0
400,788,321.63,84.34,601.94,645.01,1,1,1,1
400,792,283.19,15.89,163.9,206.11,1,1,1,0
401,788,314.21,82.52,607.91,650.64,1,1,1,1
401,792,284.66,15.64,165.08,209.06,1,1,1,0
402,788,311.81,81.02,610.74,653.58,1,1,1,1
402,792,287.59,14.48,166.24,211.82,1,1,1,0
403,788,314.7,80.45,607.27,649.53,1,1,1,1
403,792,291.11,12.01,170.58,218.64,1,1,1,0
404,788,315.46,79.23,604.9,646.19,1,1,1,1
404,792,295.31,12.19,169.42,217.92,1,1,1,0
405,788,317.53,79.18,601.55,642.15,1,1,1,1
405,792,299.52,4.9,177.23,228.04,1,1,1,0
406,788,312.29,79.56,602.84,641.85,1,1,1,1
406,792,303.61,3.88,177.65,228.25,1,1,1,0
407,788,310.71,78.72,604.68,642.77,1,1,1,1
407,792,306.53,0.93,179.73,230.63,1,1,1,0
408,788,309.92,77.21,605.13,642.35,1,1,1,1
408,792,309.83,0,181.37,229.65,1,1,1,0
409,788,309.96,78.44,605.4,641.61,1,1,1,1
409,792,312.04,0,183.43,226.73,1,1,1,0
410,788,305.68,77.72,609.28,644.95,1,1,1,1
410,792,313.11,0,183.54,225.49,1,1,1,0
411,788,299.18,76.07,617.14,653.19,1,1,1,1
411,792,315.92,0,180.51,221.07,1,1,1,0
412,788,297.59,75.06,614.42,648.76,1,1,1,1
412,792,318.3,0,180.46,220.18,1,1,1,0
413,788,311.97,80.27,598.58,632.3,1,1,1,1
413,792,320.36,0,184.28,223.25,1,1,1,0
414,788,319.85,80.65,592.38,626.06,1,1,1,1
414,792,322.76,0,180.72,219.67,1,1,1,0
415,788,319.26,80.38,588.66,621.41,1,1,1,1
415,792,324.86,0,177.91,216.5,1,1,1,0
416,788,320.8,80.88,584.11,615.95,1,1,1,1
416,792,326.03,0,176.27,216.04,1,1,1,0
417,788,320.17,79.85,580.78,611.2,1,1,1,1
417,792,326.97,0,172.06,211.98,1,1,1,0
418,788,311.07,75.25,592.03,620.98,1,1,1,1
418,792,328.67,0,176.91,214.14,1,1,1,0
419,788,316.25,75.53,593.82,623.1,1,1,1,1
419,792,330.19,0,179.16,214.16,1,1,1,0
420,788,301.29,72.47,606.47,634.72,1,1,1,1
420,792,330.6,0,177.41,213.99,1,1,1,0
421,788,298.23,75.1,604.31,633.77,1,1,1,1
421,792,333.55,0,178.96,215.56,1,1,1,0
422,788,293.13,73.55,609.24,636.78,1,1,1,1
422,792,333.81,0,181.49,215.87,1,1,1,0
423,788,300.24,80.12,602.82,629.17,1,1,1,1
423,792,333.91,0,182.7,215.89,1,1,1,0
424,788,310.93,82.44,594.12,620.06,1,1,1,1
424,792,333.9,0,186.68,218.3,1,1,1,0
425,788,314.19,83.5,587.39,611.66,1,1,1,1
425,792,333.12,0,188.42,219.72,1,1,1,0
426,788,315.78,82.87,584.82,607.17,1,1,1,1
426,792,332.67,0,185.26,217.38,1,1,1,0
427,788,318.82,81.31,579.48,599.26,1,1,1,1
427,792,332.77,0,185.77,216.87,1,1,1,0
428,788,318.06,79.9,579.86,597.21,1,1,1,1
428,792,331.89,0,188.51,219.09,1,1,1,0
429,788,329.24,79.48,572.7,588.84,1,1,1,1
429,792,332.09,0,187.22,217.34,1,1,1,0
430,788,334.15,80.93,570.6,585.83,1,1,1,1
430,792,331.86,0,191.23,218.86,1,1,1,0
431,788,333.14,78.55,575.2,590.17,1,1,1,1
431,792,331.5,0,190.85,219.82,1,1,1,0
432,788,334.73,77.97,576.08,590.4,1,1,1,1
432,792,331.6,0,188.94,217.41,1,1,1,0
433,788,332.85,77.55,577.27,590.39,1,1,1,1
433,792,330.24,0,192.94,219.28,1,1,1,0
434,788,329.68,76.5,582.56,594.57,1,1,1,1
434,792,329.67,0,196.9,222.94,1,1,1,0
435,788,333.92,74.73,583.95,595.2,1,1,1,1
435,792,328.63,0,200.78,227.28,1,1,1,0
436,788,332.37,73.17,590.71,601.97,1,1,1,1
436,792,330.56,0,195.99,221.47,1,1,1,0
437,788,339.29,71.22,593.44,606.73,1,1,1,1
437,792,329.67,0,197.74,222.25,1,1,1,0
438,788,352.25,69.51,592.34,607.15,1,1,1,1
438,792,331.79,0,195.43,219.97,1,1,1,0
439,788,364.61,68.49,588.18,604.51,1,1,1,1
439,792,331.7,0,195.11,220.37,1,1,1,0
440,788,374.0,68.24,580.91,598.23,1,1,1,1
440,792,328.94,0,199.19,226.09,1,1,1,0
441,788,372.98,68.08,584.37,602.75,1,1,1,1
441,792,328.98,0,195.79,223.5,1,1,1,0
442,788,368.94,66.25,589.74,609.43,1,1,1,1
442,792,328.7,0,193.84,222.37,1,1,1,0
443,788,368.93,63.81,595.79,617.7,1,1,1,1
443,792,327.07,0,193.35,222.94,1,1,1,0
444,788,368.55,61.53,598.42,622.19,1,1,1,1
444,792,325.39,0,189.32,224.23,1,1,1,0
445,788,395.66,64.75,581.08,605.94,1,1,1,1
445,792,324.58,0,188.16,222.11,1,1,1,0
446,788,392.03,59.93,585.34,610.55,1,1,1,1
446,792,322.78,0,191.98,223.62,1,1,1,0
447,788,389.2,57.98,587.25,612.05,1,1,1,1
447,792,321.77,0,192.14,222.89,1,1,1,0
448,788,390.75,56.88,586.41,611.41,1,1,1,1
448,792,319.07,0,191.7,223.39,1,1,1,0
449,788,386.89,56.91,588.36,613.94,1,1,1,1
449,792,315.5,0,187.14,223.98,1,1,1,0
450,788,400.2,62.23,577.65,604.05,1,1,1,1
450,792,314.8,0,189.8,226.1,1,1,1,0
451,788,406.62,64.7,573.03,600.26,1,1,1,1
451,792,313.17,0,190.42,228.16,1,1,1,0
452,788,413.16,65.64,569.99,598.87,1,1,1,1
452,792,313.54,0,193.55,229.73,1,1,1,0
453,788,405.55,60.1,580.55,611.06,1,1,1,1
453,792,311.76,0,193.49,230.89,1,1,1,0
454,788,415.57,63.67,571.42,603.27,1,1,1,1
454,792,312.97,0,194.52,230.7,1,1,1,0
455,788,413.13,61.77,573.05,605.55,1,1,1,1
455,792,312.66,0,194.15,232.0,1,1,1,0
456,788,412.26,61.27,572.58,605.42,1,1,1,1
456,792,315.16,0,192.79,229.29,1,1,1,0
457,788,423.04,61.79,569.91,601.09,1,1,1,1
457,792,317.29,0,192.75,227.84,1,1,1,0
458,788,417.82,60.9,575.13,608.15,1,1,1,1
458,792,320.32,0,189.1,221.91,1,1,1,0
459,788,407.57,61.76,583.38,616.75,1,1,1,1
459,792,321.45,0,186.56,219.36,1,1,1,0
460,788,404.81,64.08,588.85,623.55,1,1,1,1
460,792,322.85,0,180.84,212.93,1,1,1,0
461,788,409.15,63.98,589.74,625.9,1,1,1,1
461,792,318.2,0,179.37,209.83,1,1,1,0
462,788,427.32,64.53,579.93,614.64,1,1,1,1
462,792,317.72,0,177.18,206.42,1,1,1,0
463,788,430.42,69.74,583.51,618.46,1,1,1,1
463,792,316.33,0,176.04,204.42,1,1,1,0
464,788,446.08,73.06,572.53,606.95,1,1,1,1
464,792,315.37,0,175.74,203.75,1,1,1,0
465,788,445.97,75.09,571.19,604.14,1,1,1,1
465,792,314.22,0,174.9,202.96,1,1,1,0
466,788,451.85,76.22,572.98,605.91,1,1,1,1
466,792,313.95,0,174.34,201.93,1,1,1,0
467,788,463.62,77.29,564.44,597.93,1,1,1,1
467,792,314.11,0,173.3,200.9,1,1,1,0
468,788,467.62,78.86,562.79,596.54,1,1,1,1
468,792,313.96,0,173.82,200.48,1,1,1,0
469,788,468.05,79.5,568.59,603.56,1,1,1,1
469,792,312.86,0,174.95,201.37,1,1,1,0
470,788,465.87,81.69,577.75,614.58,1,1,1,1
470,792,311.9,0,174.95,200.96,1,1,1,0
471,788,459.64,83.27,588.39,627.44,1,1,1,1
471,792,310.89,0,175.49,200.85,1,1,1,0
472,788,456.74,84.62,597.6,636.25,1,1,1,1
472,792,310.64,0,175.51,200.24,1,1,1,0
473,788,451.33,83.52,611.84,651.36,1,1,1,1
473,792,310.14,0,175.99,200.45,1,1,1,0
474,788,454.27,83.64,612.55,652.51,1,1,1,1
474,792,309.77,0,176.87,201.16,1,1,1,0
475,788,470.57,84.05,600.21,639.76,1,1,1,1
475,792,309.84,0,177.74,201.24,1,1,1,0
476,788,461.75,82.17,604.63,648.65,1,1,1,1
476,792,309.92,0,178.4,201.71,1,1,1,0
477,788,487.6,82.83,576.05,622.87,1,1,1,1
477,792,310.32,0,178.75,201.39,1,1,1,0
478,788,505.62,79.02,558.53,609.52,1,1,1,1
478,792,310.79,0,179.07,201.49,1,1,1,0
479,788,519.52,75.88,545.95,601.09,1,1,1,1
479,792,311.9,0,179.32,201.75,1,1,1,0
