1,119,2409.51,134.4,623.17,802.17,1,1,1,1
1,120,907.63,565.61,540.0,656.62,1,1,1,1
1,121,17.82,1154.13,99.25,118.73,1,1,1,0
2,119,2408.98,135.7,622.13,800.86,1,1,1,1
2,120,909.64,569.01,538.61,654.79,1,1,1,1
2,121,22.29,1154.65,97.95,117.16,1,1,1,0
3,119,2408.26,134.28,622.27,800.87,1,1,1,1
3,120,909.68,573.36,534.74,649.77,1,1,1,1
3,121,25.29,1156.63,96.95,115.95,1,1,1,0
4,119,2407.08,135.88,620.59,798.37,1,1,1,1
4,120,911.59,575.81,527.84,641.08,1,1,1,1
4,121,29.68,1160.01,95.86,114.67,1,1,1,0
4,122,2336.77,852.43,107.38,109.93,1,1,1,0
5,119,2407.57,136.87,619.25,796.24,1,1,1,1
5,120,913.1,575.55,523.91,635.78,1,1,1,1
5,121,32.7,1161.47,95.95,114.77,1,1,1,0
5,122,2330.17,854.54,103.69,106.07,1,1,1,0
6,119,2405.84,137.39,618.37,794.5,1,1,1,1
6,120,915.44,571.21,530.35,643.62,1,1,1,1
6,121,36.02,1160.13,96.07,114.84,1,1,1,0
6,122,2325.06,853.84,102.43,104.75,1,1,1,0
7,119,2405.54,137.13,618.38,793.96,1,1,1,1
7,120,922.22,575.79,528.21,641.21,1,1,1,1
7,121,39.65,1159.59,96.19,114.89,1,1,1,0
7,122,2321.47,851.75,102.94,105.37,1,1,1,0
8,119,2403.19,138.68,617.98,793.0,1,1,1,1
8,120,924.5,579.09,526.01,638.77,1,1,1,1
8,121,41.53,1157.69,97.62,116.6,1,1,1,0
8,122,2317.11,849.32,104.7,107.38,1,1,1,0
9,119,2401.25,140.66,617.63,791.68,1,1,1,1
9,120,926.61,584.76,520.01,631.79,1,1,1,1
9,121,44.03,1159.03,97.11,116.0,1,1,1,0
9,122,2310.82,847.67,106.82,109.79,1,1,1,0
10,119,2399.53,141.57,617.17,790.23,1,1,1,1
10,120,926.76,588.0,515.63,626.46,1,1,1,1
10,121,45.49,1160.33,97.01,115.78,1,1,1,0
10,122,2304.78,847.54,108.89,112.31,1,1,1,0
10,123,1408.23,816.51,81.7,108.96,1,1,1,0
11,119,2397.26,142.68,616.33,788.53,1,1,1,1
11,120,926.19,589.09,514.77,625.45,1,1,1,1
11,121,46.84,1159.98,97.04,115.7,1,1,1,0
11,122,2301.31,848.34,107.63,111.59,1,1,1,0
11,123,1415.56,813.48,82.75,110.39,1,1,1,0
12,119,2395.09,144.07,616.38,788.15,1,1,1,1
12,120,930.28,588.99,513.52,623.99,1,1,1,1
12,121,48.19,1161.04,97.3,116.08,1,1,1,0
12,122,2298.11,849.5,103.25,107.22,1,1,1,0
12,123,1428.84,812.81,80.27,107.26,1,1,1,0
13,119,2393.09,146.77,615.68,786.65,1,1,1,1
13,120,934.44,582.0,514.19,624.78,1,1,1,1
13,121,52.39,1163.83,94.79,113.01,1,1,1,0
13,122,2293.02,851.62,101.67,105.56,1,1,1,0
13,123,1442.65,814.05,74.51,99.86,1,1,1,0
14,119,2392.16,148.75,615.13,785.13,1,1,1,1
14,120,940.02,581.35,511.51,620.75,1,1,1,1
14,121,56.33,1161.21,95.5,113.88,1,1,1,0
14,122,2288.5,854.85,98.66,102.52,1,1,1,0
14,123,1452.96,814.98,72.64,97.52,1,1,1,0
15,119,2390.69,150.84,614.1,782.81,1,1,1,1
15,120,942.6,579.87,515.86,626.18,1,1,1,1
15,121,60.25,1161.03,95.14,113.41,1,1,1,0
15,122,2282.01,858.08,94.54,98.14,1,1,1,0
15,123,1461.15,817.02,72.02,96.89,1,1,1,0
16,119,2390.9,153.38,613.12,780.59,1,1,1,1
16,120,941.85,581.3,521.97,635.08,1,1,1,1
16,121,62.8,1161.35,94.14,112.04,1,1,1,0
16,122,2271.25,861.31,95.43,99.06,1,1,1,0
16,123,1469.25,820.26,72.37,97.63,1,1,1,0
17,119,2388.9,157.29,613.04,780.01,1,1,1,1
17,120,943.88,582.23,520.68,634.89,1,1,1,1
17,121,63.35,1160.65,95.83,113.95,1,1,1,0
17,122,2258.84,864.86,100.28,104.27,1,1,1,0
17,123,1475.32,823.87,72.0,97.14,1,1,1,0
18,119,2384.63,159.69,613.77,781.25,1,1,1,1
18,120,949.52,582.56,515.08,628.44,1,1,1,1
18,121,63.57,1159.99,98.49,117.46,1,1,1,0
18,122,2249.21,869.3,98.25,102.25,1,1,1,0
18,123,1482.98,828.85,70.1,94.56,1,1,1,0
19,119,2381.39,161.12,614.25,781.57,1,1,1,1
19,120,953.6,583.87,510.08,622.41,1,1,1,1
19,121,66.63,1161.7,98.85,118.39,1,1,1,0
19,122,2242.95,873.36,95.19,99.05,1,1,1,0
19,123,1489.2,832.25,73.33,99.49,1,1,1,0
20,119,2383.08,163.59,612.76,778.53,1,1,1,1
20,120,956.59,586.74,508.32,619.4,1,1,1,1
20,121,71.79,1162.76,98.35,118.34,1,1,1,0
20,122,2235.97,875.61,89.37,92.99,1,1,1,0
20,123,1497.7,835.41,72.82,98.85,1,1,1,0
21,119,2383.57,164.84,611.83,776.63,1,1,1,1
21,120,963.55,588.6,501.43,610.32,1,1,1,1
21,121,76.66,1162.75,97.87,117.91,1,1,1,0
21,122,2224.37,876.32,89.53,93.27,1,1,1,0
21,123,1508.8,836.91,72.29,97.83,1,1,1,0
22,119,2380.86,166.04,611.81,776.76,1,1,1,1
22,120,966.27,588.25,501.68,610.81,1,1,1,1
22,121,82.71,1165.52,94.52,113.35,1,1,1,0
22,122,2215.12,876.93,87.32,90.97,1,1,1,0
22,123,1516.74,834.54,70.27,95.05,1,1,1,0
23,119,2377.49,166.63,612.65,778.65,1,1,1,1
23,120,966.98,587.29,502.61,612.68,1,1,1,1
23,121,87.5,1166.56,93.84,112.42,1,1,1,0
23,122,2206.11,875.84,87.01,90.99,1,1,1,0
23,123,1526.08,829.89,70.62,95.68,1,1,1,0
24,119,2375.15,167.58,612.02,777.8,1,1,1,1
24,120,969.28,588.9,503.09,614.26,1,1,1,1
24,121,96.35,1167.32,92.54,110.88,1,1,1,0
24,122,2197.89,874.98,87.65,91.84,1,1,1,0
24,123,1535.98,824.54,71.74,97.54,1,1,1,0
25,119,2372.86,166.68,611.55,777.12,1,1,1,1
25,120,972.4,589.68,505.79,617.91,1,1,1,1
25,121,102.88,1169.19,92.12,110.32,1,1,1,0
25,122,2191.47,872.21,85.62,89.79,1,1,1,0
25,123,1549.6,820.14,72.44,98.26,1,1,1,0
26,119,2371.23,163.89,613.06,779.28,1,1,1,1
26,120,975.01,587.16,507.36,619.72,1,1,1,1
26,121,108.14,1168.65,93.88,112.94,1,1,1,0
26,122,2184.93,873.14,84.2,88.25,1,1,1,0
26,123,1559.59,816.87,73.54,99.34,1,1,1,0
26,124,1436.43,884.25,93.28,119.57,1,1,1,0
27,119,2368.87,162.8,614.07,780.91,1,1,1,1
27,120,976.03,591.56,505.31,617.05,1,1,1,1
27,121,114.16,1168.04,94.08,113.53,1,1,1,0
27,122,2178.21,873.45,84.85,89.34,1,1,1,0
27,123,1571.68,814.87,74.13,99.76,1,1,1,0
27,124,1453.42,889.75,90.22,115.66,1,1,1,0
28,119,2365.26,162.35,616.05,783.94,1,1,1,1
28,120,976.81,589.02,507.12,619.06,1,1,1,1
28,121,121.04,1168.97,93.19,112.57,1,1,1,0
28,122,2174.17,875.55,80.74,84.97,1,1,1,0
28,123,1584.97,814.53,73.71,98.33,1,1,1,0
28,124,1465.93,890.6,94.51,121.05,1,1,1,0
29,119,2362.78,161.57,616.8,784.88,1,1,1,1
29,120,973.86,592.41,512.94,627.4,1,1,1,1
29,121,129.07,1170.1,92.01,111.4,1,1,1,0
29,122,2168.63,877.13,79.92,84.17,1,1,1,0
29,123,1599.83,816.45,73.89,97.79,1,1,1,0
29,124,1480.89,893.43,95.93,122.73,1,1,1,0
30,119,2363.23,158.87,617.61,786.03,1,1,1,1
30,120,974.28,595.26,512.71,627.38,1,1,1,1
30,121,138.91,1168.5,92.37,112.18,1,1,1,0
30,122,2163.31,878.89,80.3,84.73,1,1,1,0
30,123,1617.51,816.39,76.14,100.8,1,1,1,0
30,124,1498.39,894.29,96.34,123.24,1,1,1,0
31,119,2363.94,157.24,619.37,787.84,1,1,1,1
31,120,978.12,598.5,506.3,618.4,1,1,1,1
31,121,146.42,1165.9,92.61,112.87,1,1,1,0
31,122,2158.75,881.11,79.73,84.17,1,1,1,0
31,123,1634.43,818.75,76.23,101.13,1,1,1,0
31,124,1515.46,892.37,97.06,124.2,1,1,1,0
32,119,2362.79,157.42,620.63,789.31,1,1,1,1
32,120,978.97,599.29,503.71,614.18,1,1,1,1
32,121,152.38,1164.5,93.4,114.33,1,1,1,0
32,122,2154.23,884.72,79.31,84.0,1,1,1,0
32,123,1648.73,818.88,77.14,102.05,1,1,1,0
32,124,1531.52,889.54,96.07,122.84,1,1,1,0
33,119,2360.68,159.28,622.15,790.84,1,1,1,1
33,120,975.98,596.14,506.85,617.62,1,1,1,1
33,121,157.27,1162.39,92.95,114.09,1,1,1,0
33,122,2146.87,889.63,82.99,88.0,1,1,1,0
33,123,1666.17,821.71,76.34,100.81,1,1,1,0
33,124,1545.39,883.91,96.46,123.11,1,1,1,0
34,119,2356.64,159.4,622.13,790.8,1,1,1,1
34,120,973.73,594.13,512.58,625.31,1,1,1,1
34,121,160.69,1161.99,92.56,113.6,1,1,1,0
34,122,2143.74,892.19,79.17,83.97,1,1,1,0
34,123,1682.88,822.8,75.59,99.53,1,1,1,0
34,124,1558.05,878.99,96.52,123.19,1,1,1,0
35,119,2353.76,160.63,620.96,789.56,1,1,1,1
35,120,973.27,591.76,514.28,627.42,1,1,1,1
35,121,163.08,1159.86,93.96,115.4,1,1,1,0
35,122,2140.83,892.67,77.02,81.59,1,1,1,0
35,123,1699.05,820.4,76.91,100.64,1,1,1,0
35,124,1570.77,875.58,97.1,124.0,1,1,1,0
36,119,2347.86,164.87,621.49,790.87,1,1,1,1
36,120,972.15,596.41,512.38,625.03,1,1,1,1
36,121,165.29,1160.26,93.5,114.89,1,1,1,0
36,122,2135.59,893.99,76.97,81.56,1,1,1,0
36,123,1712.22,814.73,79.74,104.24,1,1,1,0
36,124,1582.99,874.76,98.93,126.7,1,1,1,0
37,119,2344.52,175.41,618.49,787.16,1,1,1,1
37,120,970.14,598.96,510.77,623.3,1,1,1,1
37,121,165.53,1164.42,91.7,112.29,1,1,1,0
37,122,2128.23,897.63,76.97,81.57,1,1,1,0
37,123,1726.04,812.61,79.59,104.01,1,1,1,0
37,124,1593.87,875.29,100.37,128.48,1,1,1,0
38,119,2339.17,180.76,618.54,786.74,1,1,1,1
38,120,967.69,603.28,507.12,618.46,1,1,1,1
38,121,164.01,1170.83,90.99,111.31,1,1,1,0
38,122,2121.02,900.93,73.51,77.59,1,1,1,0
38,123,1738.96,812.6,79.02,103.12,1,1,1,0
38,124,1604.34,876.35,101.46,129.92,1,1,1,0
38,125,547.96,939.09,26.03,29.41,1,1,1,0
39,119,2337.92,184.9,616.4,783.59,1,1,1,1
39,120,960.6,605.48,512.46,624.82,1,1,1,1
39,121,162.45,1174.41,91.01,111.35,1,1,1,0
39,122,2111.5,901.24,75.06,79.4,1,1,1,0
39,123,1752.31,810.64,78.32,101.96,1,1,1,0
39,124,1616.13,878.78,101.08,129.64,1,1,1,0
39,125,543.77,941.84,26.54,29.98,1,1,1,0
40,119,2337.99,183.98,617.93,785.6,1,1,1,1
40,120,958.13,604.67,518.89,632.77,1,1,1,1
40,121,165.41,1180.1,88.48,107.77,1,1,1,0
40,122,2104.27,900.92,75.53,80.06,1,1,1,0
40,123,1766.08,808.73,78.67,102.32,1,1,1,0
40,124,1630.1,880.54,101.56,130.29,1,1,1,0
40,125,541.43,946.0,25.9,29.22,1,1,1,0
41,119,2341.37,184.75,619.17,787.56,1,1,1,1
41,120,959.98,603.53,523.31,638.93,1,1,1,1
41,121,166.9,1183.42,89.92,109.27,1,1,1,0
41,122,2099.74,903.52,73.49,77.94,1,1,1,0
41,123,1782.54,808.85,79.14,103.24,1,1,1,0
41,124,1647.47,885.19,100.42,128.91,1,1,1,0
41,125,541.36,952.26,26.5,29.88,1,1,1,0
42,119,2344.0,187.55,619.46,788.1,1,1,1,1
42,120,965.12,607.41,522.5,636.87,1,1,1,1
42,121,168.84,1188.58,91.1,110.62,1,1,1,0
42,122,2094.13,905.23,74.69,79.59,1,1,1,0
42,123,1799.32,812.49,79.42,103.59,1,1,1,0
42,124,1665.68,890.16,101.22,129.95,1,1,1,0
42,125,542.0,959.35,25.95,29.23,1,1,1,0
43,119,2351.23,188.93,618.39,786.31,1,1,1,1
43,120,970.77,610.84,517.19,628.47,1,1,1,1
43,121,168.65,1194.82,92.38,112.34,1,1,1,0
43,122,2085.82,909.8,73.66,78.62,1,1,1,0
43,123,1816.84,817.48,79.98,103.71,1,1,1,0
43,124,1682.0,895.19,100.64,128.73,1,1,1,0
43,125,539.98,964.6,26.56,29.85,1,1,1,0
44,119,2355.97,186.99,619.61,787.62,1,1,1,1
44,120,973.67,618.69,508.84,615.45,1,1,1,1
44,121,167.12,1197.9,90.43,109.82,1,1,1,0
44,122,2072.91,913.06,74.1,79.07,1,1,1,0
44,123,1829.55,820.97,81.25,105.34,1,1,1,0
44,124,1696.03,897.87,101.14,129.04,1,1,1,0
44,125,533.91,965.84,26.77,30.07,1,1,1,0
45,119,2359.37,185.99,620.04,787.91,1,1,1,1
45,120,975.31,622.38,503.73,606.53,1,1,1,1
45,121,160.64,1198.55,89.39,108.45,1,1,1,0
45,122,2060.3,913.8,72.78,77.66,1,1,1,0
45,123,1842.3,822.27,82.25,106.73,1,1,1,0
45,124,1708.57,898.43,101.68,129.14,1,1,1,0
45,125,525.34,964.43,26.93,30.14,1,1,1,0
46,119,2361.83,184.76,621.79,790.41,1,1,1,1
46,120,972.36,618.04,506.09,607.29,1,1,1,1
46,121,155.05,1199.09,89.21,108.35,1,1,1,0
46,122,2046.04,913.98,74.24,79.56,1,1,1,0
46,123,1855.76,823.54,83.33,108.04,1,1,1,0
46,124,1722.05,898.99,100.82,127.57,1,1,1,0
46,125,515.85,962.51,28.44,31.8,1,1,1,0
47,119,2366.26,187.24,620.98,789.15,1,1,1,1
47,120,970.37,613.16,509.94,610.04,1,1,1,1
47,121,151.44,1200.4,87.53,106.33,1,1,1,0
47,122,2032.42,916.37,76.11,81.85,1,1,1,0
47,123,1870.25,823.6,84.52,109.31,1,1,1,0
47,124,1736.58,896.34,102.85,130.16,1,1,1,0
47,125,508.08,960.55,29.01,32.4,1,1,1,0
48,119,2372.85,186.95,621.1,788.66,1,1,1,1
48,120,969.35,610.88,513.92,613.53,1,1,1,1
48,121,145.54,1197.98,88.79,107.59,1,1,1,0
48,122,2018.42,918.8,74.57,80.36,1,1,1,0
48,123,1884.83,820.45,86.34,111.35,1,1,1,0
48,124,1751.6,891.77,104.12,131.9,1,1,1,0
48,125,500.59,958.88,27.84,31.03,1,1,1,0
49,119,2380.54,188.19,620.19,786.68,1,1,1,1
49,120,968.84,609.79,517.65,616.28,1,1,1,1
49,121,137.63,1198.62,90.54,109.67,1,1,1,0
49,122,2003.66,919.64,72.79,78.99,1,1,1,0
49,123,1899.73,814.12,89.38,114.47,1,1,1,0
49,124,1766.21,888.02,104.77,132.55,1,1,1,0
49,125,491.68,959.34,27.35,30.48,1,1,1,0
50,119,2384.87,190.21,619.23,784.33,1,1,1,1
50,120,971.26,617.92,514.22,609.58,1,1,1,1
50,121,130.94,1202.38,89.77,108.48,1,1,1,0
50,122,1985.98,917.47,73.15,80.08,1,1,1,0
50,123,1914.58,808.96,90.12,114.85,1,1,1,0
50,124,1777.12,885.39,105.91,134.36,1,1,1,0
50,125,481.67,959.86,27.27,30.27,1,1,1,0
51,119,2388.74,193.33,621.39,786.65,1,1,1,1
51,120,973.36,622.59,513.31,606.26,1,1,1,1
51,121,124.98,1204.54,89.17,107.22,1,1,1,0
51,123,1929.79,802.64,92.34,116.53,1,1,1,0
51,124,1789.26,883.22,106.71,135.82,1,1,1,0
51,125,470.22,961.21,28.67,31.8,1,1,1,0
52,119,2392.89,199.04,622.17,787.72,1,1,1,1
52,120,977.52,628.29,510.6,600.25,1,1,1,1
52,121,118.02,1206.09,89.6,107.56,1,1,1,0
52,123,1947.95,793.98,95.76,120.28,1,1,1,0
52,124,1799.0,880.83,108.41,138.71,1,1,1,0
52,125,459.14,960.89,29.81,33.14,1,1,1,0
53,119,2398.73,201.34,620.06,783.95,1,1,1,1
53,120,978.54,630.36,511.03,598.05,1,1,1,1
53,121,112.06,1206.6,88.07,105.3,1,1,1,0
53,123,1967.19,789.16,96.53,120.91,1,1,1,0
53,124,1809.5,878.37,108.72,139.79,1,1,1,0
53,125,444.48,959.17,33.1,36.78,1,1,1,0
54,119,2400.2,198.55,622.89,787.71,1,1,1,1
54,120,978.86,629.46,514.46,599.7,1,1,1,1
54,121,106.29,1206.31,87.36,104.06,1,1,1,0
54,123,1984.09,784.62,98.76,123.45,1,1,1,0
54,124,1819.09,875.49,109.28,140.95,1,1,1,0
54,125,429.46,956.6,35.54,39.68,1,1,1,0
55,119,2403.57,196.84,625.25,791.32,1,1,1,1
55,120,979.86,627.46,517.09,600.38,1,1,1,1
55,121,100.14,1206.95,87.24,103.61,1,1,1,0
55,123,2003.84,783.35,98.63,122.82,1,1,1,0
55,124,1828.32,873.24,110.04,142.15,1,1,1,0
55,125,420.5,955.54,34.45,38.56,1,1,1,0
56,119,2407.23,199.33,621.92,786.32,1,1,1,1
56,120,981.83,621.06,521.21,603.09,1,1,1,1
56,121,94.64,1210.34,86.26,101.86,1,1,1,0
56,123,2023.51,783.36,100.03,124.1,1,1,1,0
56,124,1839.84,871.24,109.17,140.99,1,1,1,0
56,125,411.15,955.46,34.57,38.82,1,1,1,0
57,119,2408.21,193.84,623.6,788.79,1,1,1,1
57,120,983.42,621.0,522.57,602.56,1,1,1,1
57,121,88.49,1209.94,87.47,102.84,1,1,1,0
57,123,2046.86,785.41,99.19,122.97,1,1,1,0
57,124,1850.39,870.13,109.8,141.3,1,1,1,0
57,125,403.03,954.64,35.23,39.68,1,1,1,0
58,119,2407.01,188.37,623.94,789.52,1,1,1,1
58,120,984.4,618.37,525.4,604.18,1,1,1,1
58,121,81.91,1211.35,88.12,103.22,1,1,1,0
58,123,2069.54,785.9,100.19,124.07,1,1,1,0
58,124,1860.72,869.76,110.74,142.18,1,1,1,0
58,125,396.52,953.54,35.36,39.99,1,1,1,0
59,119,2407.53,184.1,624.28,790.79,1,1,1,1
59,120,985.1,615.57,528.87,607.0,1,1,1,1
59,121,76.62,1210.23,87.21,101.79,1,1,1,0
59,123,2093.7,786.14,101.37,125.25,1,1,1,0
59,124,1871.37,870.06,109.41,140.11,1,1,1,0
60,119,2409.86,182.49,623.93,791.26,1,1,1,1
60,120,986.72,612.73,529.34,606.3,1,1,1,1
60,121,68.38,1205.73,89.76,104.48,1,1,1,0
60,123,2115.75,784.71,101.68,125.66,1,1,1,0
60,124,1880.32,871.43,110.85,141.68,1,1,1,0
61,119,2410.89,181.92,622.52,790.62,1,1,1,1
61,120,989.62,612.47,526.0,600.46,1,1,1,1
61,121,60.84,1202.46,90.83,105.48,1,1,1,0
61,123,2139.42,781.85,103.08,127.36,1,1,1,0
61,124,1889.32,872.37,112.02,143.04,1,1,1,0
62,119,2412.17,182.72,620.03,788.18,1,1,1,1
62,120,989.23,611.19,529.17,602.66,1,1,1,1
62,121,53.53,1200.01,93.27,108.64,1,1,1,0
62,123,2166.06,776.08,103.29,127.19,1,1,1,0
62,124,1899.04,871.57,113.25,144.33,1,1,1,0
63,119,2415.17,183.45,617.86,786.06,1,1,1,1
63,120,986.97,606.95,536.46,610.48,1,1,1,1
63,121,49.26,1202.23,91.51,106.69,1,1,1,0
63,123,2188.98,768.79,103.29,127.08,1,1,1,0
63,124,1911.87,868.52,112.01,142.42,1,1,1,0
64,119,2416.0,184.94,616.71,785.66,1,1,1,1
64,120,985.1,604.78,542.33,617.19,1,1,1,1
64,121,41.36,1201.11,92.62,107.91,1,1,1,0
64,123,2213.46,760.94,105.09,128.59,1,1,1,0
64,124,1921.54,864.59,113.79,144.84,1,1,1,0
65,119,2419.43,187.31,614.68,784.12,1,1,1,1
65,120,983.31,602.81,546.6,622.5,1,1,1,1
65,121,30.92,1197.53,94.48,109.94,1,1,1,0
65,123,2233.72,753.32,104.5,127.56,1,1,1,0
65,124,1931.07,858.41,114.59,145.74,1,1,1,0
66,119,2420.93,188.41,611.78,781.36,1,1,1,1
66,120,983.3,601.31,548.35,625.26,1,1,1,1
66,121,22.88,1192.63,95.7,111.1,1,1,1,0
66,123,2252.18,745.37,104.93,127.92,1,1,1,0
66,124,1941.52,852.93,116.23,147.63,1,1,1,0
67,119,2424.56,187.63,609.21,778.34,1,1,1,1
67,120,984.85,599.99,548.97,627.05,1,1,1,1
67,121,13.7,1186.04,97.81,113.11,1,1,1,0
67,123,2271.31,736.94,106.26,129.62,1,1,1,0
67,124,1949.8,848.15,118.51,150.69,1,1,1,0
67,122,1841.82,910.17,58.75,62.44,1,1,1,0
68,119,2426.11,186.93,606.93,775.24,1,1,1,1
68,120,988.24,599.54,545.09,622.9,1,1,1,1
68,121,5.68,1183.17,98.39,113.46,1,1,1,0
68,123,2290.4,731.52,106.94,130.24,1,1,1,0
68,124,1959.72,842.47,117.7,149.48,1,1,1,0
68,122,1835.3,907.76,58.11,61.7,1,1,1,0
69,119,2426.55,187.26,605.44,773.51,1,1,1,1
69,120,989.78,600.62,542.58,620.07,1,1,1,1
69,121,0,1182.92,97.96,113.57,1,1,1,0
69,123,2309.91,729.23,106.48,129.66,1,1,1,0
69,124,1969.26,838.4,119.25,151.34,1,1,1,0
69,122,1825.58,907.42,57.87,61.45,1,1,1,0
70,119,2427.07,188.78,604.86,773.11,1,1,1,1
70,120,990.89,604.85,539.3,615.97,1,1,1,1
70,121,0,1182.49,92.95,114.78,1,1,1,0
70,123,2329.64,729.74,107.07,130.2,1,1,1,0
70,124,1978.28,835.38,120.93,153.59,1,1,1,0
70,122,1815.96,907.83,58.72,62.3,1,1,1,0
71,119,2426.85,190.35,601.38,768.81,1,1,1,1
71,120,990.21,603.09,540.14,617.0,1,1,1,1
71,121,0,1183.56,88.38,115.61,1,1,1,0
71,123,2348.64,732.06,108.15,131.18,1,1,1,0
71,124,1986.37,833.54,122.55,155.99,1,1,1,0
71,122,1805.37,909.31,60.57,64.32,1,1,1,0
72,119,2428.78,190.53,599.94,767.24,1,1,1,1
72,120,989.03,606.42,540.25,617.38,1,1,1,1
72,121,0,1184.81,83.59,115.9,1,1,1,0
72,123,2369.35,735.45,109.35,132.32,1,1,1,0
72,124,1995.24,833.72,123.46,156.87,1,1,1,0
72,122,1795.31,913.17,61.18,65.02,1,1,1,0
73,119,2430.88,188.99,598.98,766.71,1,1,1,1
73,120,985.62,606.1,541.76,619.1,1,1,1,1
73,121,0,1186.12,77.79,115.99,1,1,1,0
73,123,2392.41,738.43,111.18,133.52,1,1,1,0
73,124,2003.99,833.9,124.94,158.74,1,1,1,0
73,122,1785.75,916.65,59.06,62.77,1,1,1,0
74,119,2431.75,187.2,598.38,766.57,1,1,1,1
74,120,985.14,607.58,541.08,618.15,1,1,1,1
74,121,0,1187.05,73.62,117.19,1,1,1,0
74,123,2412.33,741.23,110.25,132.37,1,1,1,0
74,124,2012.5,834.44,130.18,165.71,1,1,1,0
74,122,1773.96,917.47,59.11,62.73,1,1,1,0
75,119,2431.49,183.73,599.28,768.56,1,1,1,1
75,120,983.18,604.96,542.36,619.37,1,1,1,1
75,121,0,1186.23,70.37,116.44,1,1,1,0
75,123,2436.96,742.39,111.48,132.7,1,1,1,0
75,124,2022.66,834.31,134.91,172.98,1,1,1,0
75,122,1763.57,918.13,59.01,62.72,1,1,1,0
76,119,2432.86,181.24,598.19,767.36,1,1,1,1
76,120,987.26,603.17,533.19,607.09,1,1,1,1
76,121,0,1184.75,67.51,114.93,1,1,1,0
76,124,2041.49,833.94,126.46,161.07,1,1,1,0
76,122,1754.42,915.89,57.38,61.08,1,1,1,0
77,119,2433.77,175.73,599.31,769.14,1,1,1,1
77,120,990.19,602.7,528.55,599.8,1,1,1,1
77,121,0,1182.22,66.32,113.95,1,1,1,0
77,124,2058.99,834.32,129.13,164.12,1,1,1,0
77,122,1745.82,912.95,58.26,62.11,1,1,1,0
78,119,2436.59,173.29,598.7,768.65,1,1,1,1
78,120,988.3,599.14,532.78,603.75,1,1,1,1
78,121,0,1181.29,66.12,113.57,1,1,1,0
78,124,2080.57,836.05,126.02,158.9,1,1,1,0
78,122,1738.13,910.66,57.02,60.87,1,1,1,0
79,119,2438.44,176.2,596.04,765.5,1,1,1,1
79,120,987.04,603.01,535.48,606.47,1,1,1,1
79,121,0,1180.58,65.17,113.82,1,1,1,0
79,124,2100.25,838.4,128.2,160.83,1,1,1,0
79,122,1730.04,910.19,56.5,60.41,1,1,1,0
80,119,2437.28,178.55,595.48,765.13,1,1,1,1
80,120,988.48,605.1,530.64,599.76,1,1,1,1
80,121,0,1179.15,62.66,113.51,1,1,1,0
80,124,2122.07,837.71,127.74,159.14,1,1,1,0
80,122,1721.82,909.22,57.79,61.86,1,1,1,0
81,119,2437.09,177.87,595.49,765.03,1,1,1,1
81,120,984.8,598.29,529.66,596.45,1,1,1,1
81,121,0,1177.44,60.54,114.59,1,1,1,0
81,124,2139.89,834.29,136.12,169.64,1,1,1,0
81,122,1714.24,908.47,56.74,60.81,1,1,1,0
82,119,2437.43,174.84,597.01,767.01,1,1,1,1
82,120,976.42,590.14,538.51,605.67,1,1,1,1
82,121,0,1175.24,58.86,113.4,1,1,1,0
82,124,2158.54,830.7,141.09,176.61,1,1,1,0
82,122,1707.93,906.99,57.6,62.01,1,1,1,0
83,119,2435.94,174.12,597.59,767.79,1,1,1,1
83,120,969.61,585.35,546.05,614.5,1,1,1,1
83,121,0,1173.25,58.23,114.14,1,1,1,0
83,124,2181.07,827.01,136.33,169.98,1,1,1,0
83,122,1702.74,906.06,57.77,62.46,1,1,1,0
84,119,2435.4,172.69,598.49,769.29,1,1,1,1
84,120,963.93,583.59,551.98,621.82,1,1,1,1
84,121,0,1171.35,58.25,114.02,1,1,1,0
84,124,2200.56,821.22,138.63,172.78,1,1,1,0
84,122,1698.73,905.72,56.21,61.04,1,1,1,0
84,127,132.45,957.42,27.06,30.13,1,1,1,0
85,119,2435.92,172.18,597.37,767.88,1,1,1,1
85,120,960.06,584.18,553.42,623.39,1,1,1,1
85,121,0,1169.09,58.99,114.77,1,1,1,0
85,124,2221.04,814.39,138.95,173.0,1,1,1,0
85,122,1697.12,906.02,53.34,58.08,1,1,1,0
85,127,126.76,954.81,27.9,31.06,1,1,1,0
85,128,3562.99,591.83,288.41,334.61,1,1,1,0
86,119,2435.04,169.03,598.25,769.14,1,1,1,1
86,120,959.13,583.69,552.16,622.35,1,1,1,1
86,121,0,1167.89,59.37,113.06,1,1,1,0
86,124,2236.34,809.09,145.0,180.93,1,1,1,0
86,122,1694.49,906.16,52.2,56.98,1,1,1,0
86,127,123.34,953.48,28.19,31.38,1,1,1,0
86,128,3499.09,604.29,281.6,325.35,1,1,1,0
87,119,2434.72,167.88,598.53,769.63,1,1,1,1
87,120,959.18,583.77,548.23,617.72,1,1,1,1
87,121,0,1168.29,59.83,112.4,1,1,1,0
87,124,2257.94,804.81,144.41,180.0,1,1,1,0
87,122,1693.32,908.25,51.09,55.78,1,1,1,0
87,127,119.36,953.57,28.32,31.45,1,1,1,0
87,128,3430.31,618.58,272.5,313.04,1,1,1,0
88,119,2434.72,170.07,597.58,768.82,1,1,1,1
88,120,960.17,587.64,543.32,611.35,1,1,1,1
88,121,0,1169.69,61.06,111.76,1,1,1,0
88,124,2279.54,803.65,144.72,180.32,1,1,1,0
88,122,1693.16,911.48,50.69,55.37,1,1,1,0
88,127,118.71,952.37,27.62,30.59,1,1,1,0
88,128,3368.11,626.58,261.23,298.54,1,1,1,0
89,119,2436.61,172.73,598.21,769.91,1,1,1,1
89,120,960.42,589.95,541.85,608.93,1,1,1,1
89,121,0,1171.86,62.64,112.32,1,1,1,0
89,124,2302.55,805.29,142.43,177.23,1,1,1,0
89,122,1694.45,915.49,49.92,54.43,1,1,1,0
89,127,119.24,950.71,28.15,31.13,1,1,1,0
89,128,3321.28,630.3,243.03,275.53,1,1,1,0
90,119,2438.08,180.33,595.33,766.14,1,1,1,1
90,120,960.46,585.85,543.1,610.23,1,1,1,1
90,121,0,1174.7,64.11,112.14,1,1,1,0
90,124,2321.99,809.22,152.16,190.3,1,1,1,0
90,122,1696.85,918.17,49.48,54.1,1,1,1,0
90,127,120.0,951.01,28.39,31.31,1,1,1,0
90,128,3260.99,626.84,241.52,270.73,1,1,1,0
91,119,2438.79,185.6,594.68,765.52,1,1,1,1
91,120,960.61,584.14,542.22,608.93,1,1,1,1
91,121,0,1176.58,65.54,112.08,1,1,1,0
91,124,2346.89,814.53,152.35,190.47,1,1,1,0
91,122,1699.69,919.53,47.36,51.58,1,1,1,0
91,127,120.9,952.39,27.83,30.55,1,1,1,0
91,128,3208.88,622.06,245.31,272.26,1,1,1,0
92,119,2441.41,189.76,592.9,763.11,1,1,1,1
92,120,961.28,582.72,541.13,607.66,1,1,1,1
92,121,0,1176.5,67.15,112.85,1,1,1,0
92,124,2376.45,819.5,145.02,179.42,1,1,1,0
92,122,1702.54,919.57,46.68,50.67,1,1,1,0
92,127,121.47,953.37,27.7,30.26,1,1,1,0
92,128,3159.87,613.31,249.54,274.67,1,1,1,0
93,119,2443.49,192.08,592.41,762.21,1,1,1,1
93,120,961.71,583.03,539.67,605.6,1,1,1,1
93,121,0,1175.28,68.86,114.34,1,1,1,0
93,124,2400.77,821.09,145.74,179.81,1,1,1,0
93,122,1704.42,918.32,46.56,50.37,1,1,1,0
93,127,120.52,952.92,29.13,31.79,1,1,1,0
93,128,3121.47,613.66,241.41,264.43,1,1,1,0
93,123,2970.29,661.14,141.17,155.01,1,1,1,0
94,119,2444.81,193.1,592.72,762.1,1,1,1,1
94,120,960.02,591.16,538.11,603.25,1,1,1,1
94,121,0,1175.21,69.89,115.3,1,1,1,0
94,124,2425.73,823.67,141.44,174.36,1,1,1,0
94,122,1705.13,917.84,46.62,50.29,1,1,1,0
94,127,120.27,953.16,29.69,32.35,1,1,1,0
94,128,3076.44,614.58,239.86,261.1,1,1,1,0
94,123,2989.25,652.44,149.41,164.53,1,1,1,0
95,119,2450.03,195.22,591.3,759.1,1,1,1,1
95,120,956.51,592.45,542.92,608.98,1,1,1,1
95,121,0,1175.19,70.99,116.45,1,1,1,0
95,124,2452.28,823.04,156.01,192.39,1,1,1,0
95,122,1704.61,917.23,46.74,50.29,1,1,1,0
95,127,118.97,954.06,29.91,32.55,1,1,1,0
95,128,3022.34,620.69,250.27,272.63,1,1,1,0
96,119,2447.32,196.16,591.28,758.19,1,1,1,1
96,120,953.64,593.73,545.13,611.94,1,1,1,1
96,121,0,1177.16,70.92,116.48,1,1,1,0
96,122,1703.25,917.79,46.0,49.51,1,1,1,0
96,127,118.21,956.4,29.38,31.83,1,1,1,0
96,128,2974.0,631.28,259.82,284.08,1,1,1,0
97,119,2445.79,196.26,593.02,760.07,1,1,1,1
97,120,950.36,590.02,547.66,615.65,1,1,1,1
97,121,0,1179.9,70.65,116.08,1,1,1,0
97,122,1699.6,918.39,47.27,50.87,1,1,1,0
97,127,117.2,958.51,29.27,31.54,1,1,1,0
97,128,2933.64,641.15,254.1,278.95,1,1,1,0
98,119,2443.97,196.04,592.91,759.42,1,1,1,1
98,120,944.23,587.42,554.11,624.59,1,1,1,1
98,121,0,1182.12,70.87,114.73,1,1,1,0
98,122,1695.92,919.39,47.74,51.38,1,1,1,0
98,127,115.5,960.89,29.23,31.43,1,1,1,0
98,128,2903.1,651.27,229.24,252.86,1,1,1,0
98,123,3117.09,642.49,150.36,165.31,1,1,1,0
99,119,2441.14,195.12,592.33,758.4,1,1,1,1
99,120,939.59,586.84,557.34,629.91,1,1,1,1
99,121,0,1184.54,70.45,113.41,1,1,1,0
99,122,1692.5,920.55,47.31,50.79,1,1,1,0
99,127,112.94,962.96,29.24,31.38,1,1,1,0
99,123,3144.73,644.12,150.64,165.01,1,1,1,0
100,119,2438.2,191.93,593.46,760.03,1,1,1,1
100,120,933.51,589.0,559.38,633.47,1,1,1,1
100,121,0,1185.83,69.53,113.31,1,1,1,0
100,122,1687.04,921.37,47.62,51.38,1,1,1,0
100,127,109.01,965.31,29.25,31.37,1,1,1,0
100,123,3171.7,645.88,153.84,168.23,1,1,1,0
101,119,2437.15,188.51,594.57,761.26,1,1,1,1
101,120,929.53,593.79,557.67,632.37,1,1,1,1
101,121,0,1187.08,68.02,113.28,1,1,1,0
101,122,1682.27,923.25,46.99,50.81,1,1,1,0
101,127,104.47,966.56,29.27,31.36,1,1,1,0
101,123,3199.74,647.77,155.52,169.4,1,1,1,0
102,119,2432.8,185.82,596.55,763.93,1,1,1,1
102,120,925.57,598.8,556.12,631.08,1,1,1,1
102,121,0,1187.51,66.07,113.27,1,1,1,0
102,122,1675.35,924.33,47.57,51.41,1,1,1,0
102,127,99.56,966.6,28.61,30.56,1,1,1,0
102,123,3227.41,648.51,158.19,171.45,1,1,1,0
103,119,2427.9,181.82,599.88,768.72,1,1,1,1
103,120,922.54,600.67,554.78,629.73,1,1,1,1
103,121,0,1187.64,64.46,113.27,1,1,1,0
103,122,1668.2,925.51,47.57,51.63,1,1,1,0
103,127,95.26,965.75,28.38,30.25,1,1,1,0
103,123,3254.41,646.79,162.26,175.41,1,1,1,0
104,119,2424.9,181.91,599.51,768.93,1,1,1,1
104,120,922.5,600.95,551.47,626.39,1,1,1,1
104,121,0,1188.46,63.18,113.27,1,1,1,0
104,122,1660.72,926.72,46.22,50.13,1,1,1,0
104,127,90.09,965.81,29.08,30.94,1,1,1,0
104,123,3284.38,641.4,166.72,179.27,1,1,1,0
105,119,2422.78,181.97,599.02,769.78,1,1,1,1
105,120,924.22,602.81,543.37,616.51,1,1,1,1
105,121,0,1188.74,61.96,113.27,1,1,1,0
105,122,1651.65,926.74,47.22,51.18,1,1,1,0
105,127,84.57,966.21,30.04,32.0,1,1,1,0
105,123,3316.35,633.43,169.55,181.49,1,1,1,0
106,119,2424.29,184.0,594.31,764.91,1,1,1,1
106,120,924.35,596.46,536.76,607.35,1,1,1,1
106,121,0,1188.01,61.11,113.28,1,1,1,0
106,122,1644.29,925.93,46.37,49.98,1,1,1,0
106,127,80.37,965.16,30.29,32.39,1,1,1,0
106,123,3348.6,622.51,172.72,183.88,1,1,1,0
107,119,2424.17,185.39,590.84,761.25,1,1,1,1
107,120,921.98,587.42,538.52,607.76,1,1,1,1
107,121,0,1185.33,60.38,113.28,1,1,1,0
107,122,1637.72,923.97,45.94,49.53,1,1,1,0
107,127,77.02,964.74,29.74,31.75,1,1,1,0
107,123,3381.81,610.92,177.38,187.89,1,1,1,0
108,119,2423.0,185.52,588.67,759.08,1,1,1,1
108,120,920.72,580.87,542.91,611.16,1,1,1,1
108,121,0,1183.5,59.79,111.69,1,1,1,0
108,122,1631.51,921.62,47.3,50.97,1,1,1,0
108,127,74.24,964.55,29.57,31.5,1,1,1,0
108,123,3417.25,598.74,181.96,191.73,1,1,1,0
109,119,2423.17,187.17,586.75,756.28,1,1,1,1
109,120,922.54,574.06,546.53,614.08,1,1,1,1
109,121,0,1181.19,59.15,109.49,1,1,1,0
109,122,1628.86,919.17,47.18,50.72,1,1,1,0
109,127,72.23,963.67,29.52,31.4,1,1,1,0
109,123,3454.86,587.52,186.97,195.5,1,1,1,0
110,119,2422.55,187.39,587.5,757.25,1,1,1,1
110,120,928.92,576.93,541.82,607.44,1,1,1,1
110,121,0,1178.32,59.57,110.68,1,1,1,0
110,122,1627.25,917.03,47.2,50.63,1,1,1,0
110,127,69.12,960.94,30.95,32.96,1,1,1,0
110,123,3494.11,579.06,190.47,198.45,1,1,1,0
111,119,2422.76,187.87,587.01,756.45,1,1,1,1
111,120,925.78,570.3,546.88,611.94,1,1,1,1
111,121,0,1175.68,59.72,107.95,1,1,1,0
111,122,1626.12,915.44,47.04,50.6,1,1,1,0
111,127,66.78,958.36,30.84,32.76,1,1,1,0
111,123,3532.62,572.85,192.96,201.08,1,1,1,0
111,131,132.05,941.75,31.17,33.51,1,1,1,0
112,119,2424.63,189.04,586.52,755.57,1,1,1,1
112,120,926.2,567.28,543.64,605.49,1,1,1,1
112,121,0,1172.69,60.93,108.94,1,1,1,0
112,122,1624.3,914.06,46.91,50.59,1,1,1,0
112,127,64.6,956.17,30.84,32.67,1,1,1,0
112,123,3574.16,568.9,194.63,202.99,1,1,1,0
112,131,127.6,938.71,30.5,32.77,1,1,1,0
113,119,2423.07,188.08,586.96,755.87,1,1,1,1
113,120,929.64,566.43,537.53,595.26,1,1,1,1
113,121,0,1169.22,62.48,110.11,1,1,1,0
113,122,1622.68,912.37,47.44,51.38,1,1,1,0
113,127,62.69,953.37,30.83,32.63,1,1,1,0
113,123,3621.29,567.19,196.53,204.82,1,1,1,0
113,131,122.9,932.95,31.14,33.47,1,1,1,0
113,128,2373.18,741.78,138.96,186.35,1,1,1,0
114,119,2420.31,184.71,589.94,758.99,1,1,1,1
114,120,927.51,561.98,541.74,597.7,1,1,1,1
114,121,0,1165.96,65.07,111.76,1,1,1,0
114,122,1621.35,911.76,47.75,51.69,1,1,1,0
114,127,60.79,950.74,30.88,32.61,1,1,1,0
114,123,3663.29,563.78,200.4,210.36,1,1,1,0
114,131,119.49,929.02,32.14,34.59,1,1,1,0
114,128,2356.86,751.97,137.62,183.96,1,1,1,0
115,119,2418.16,184.24,589.36,757.0,1,1,1,1
115,120,915.72,553.62,557.77,615.04,1,1,1,1
115,121,0,1164.78,66.01,111.6,1,1,1,0
115,122,1620.3,912.35,47.66,51.8,1,1,1,0
115,127,59.29,948.2,30.89,32.6,1,1,1,0
115,123,3701.99,559.9,204.43,217.09,1,1,1,0
115,131,114.61,926.56,34.01,36.67,1,1,1,0
115,128,2335.2,762.05,136.39,181.26,1,1,1,0
116,119,2415.69,184.67,590.14,756.46,1,1,1,1
116,120,909.88,548.2,568.65,627.08,1,1,1,1
116,121,0,1164.4,66.87,112.33,1,1,1,0
116,122,1620.4,913.4,46.89,51.05,1,1,1,0
116,127,57.32,946.48,30.89,32.59,1,1,1,0
116,123,3737.74,566.13,208.74,225.24,1,1,1,0
116,131,110.6,924.16,34.63,37.4,1,1,1,0
116,128,2311.03,770.78,134.64,177.77,1,1,1,0
116,133,346.06,930.05,28.32,30.13,1,1,1,0
117,119,2412.88,184.44,591.08,756.27,1,1,1,1
117,120,903.39,542.69,576.27,635.21,1,1,1,1
117,121,0,1164.31,67.9,112.6,1,1,1,0
117,122,1620.9,915.02,45.93,49.96,1,1,1,0
117,127,54.75,946.27,30.89,32.58,1,1,1,0
117,123,3739.95,558.45,212.94,232.77,1,1,1,0
117,131,107.59,923.83,34.12,36.82,1,1,1,0
117,128,2288.39,775.87,131.74,172.32,1,1,1,0
117,133,344.35,930.43,28.31,30.13,1,1,1,0
117,124,3119.42,735.39,223.81,256.98,1,1,1,0
118,119,2408.79,185.36,591.23,756.41,1,1,1,1
118,120,893.98,533.8,585.21,644.76,1,1,1,1
118,121,0,1164.72,69.28,113.89,1,1,1,0
118,122,1622.0,915.65,45.59,49.55,1,1,1,0
118,127,51.57,946.64,31.64,33.37,1,1,1,0
118,131,104.12,924.27,34.58,37.37,1,1,1,0
118,128,2264.06,780.21,131.43,169.76,1,1,1,0
118,133,341.46,930.08,29.19,31.07,1,1,1,0
118,124,3147.17,728.91,225.26,258.63,1,1,1,0
119,119,2405.86,186.11,590.17,755.28,1,1,1,1
119,120,883.92,527.97,595.73,655.99,1,1,1,1
119,121,0,1166.5,70.45,114.38,1,1,1,0
119,122,1623.61,916.69,44.86,48.6,1,1,1,0
119,127,48.63,947.59,32.69,34.46,1,1,1,0
119,131,101.28,926.13,33.99,36.75,1,1,1,0
119,128,2243.91,780.1,131.31,168.18,1,1,1,0
119,133,338.59,931.3,29.47,31.37,1,1,1,0
119,124,3184.41,724.32,218.93,250.86,1,1,1,0
120,119,2405.27,187.79,588.08,752.27,1,1,1,1
120,120,886.55,528.83,593.2,652.51,1,1,1,1
120,121,0,1169.2,71.01,114.16,1,1,1,0
120,122,1625.06,916.68,44.66,48.26,1,1,1,0
120,127,46.4,950.34,32.43,34.08,1,1,1,0
120,131,98.25,927.76,34.45,37.29,1,1,1,0
120,128,2222.8,777.28,132.7,168.6,1,1,1,0
120,133,335.77,932.58,29.52,31.44,1,1,1,0
120,124,3223.72,721.71,211.22,241.02,1,1,1,0
121,119,2403.68,188.42,586.97,751.16,1,1,1,1
121,120,887.57,528.95,590.78,648.62,1,1,1,1
121,121,0,1168.67,72.2,114.06,1,1,1,0
121,122,1625.63,916.28,44.66,48.14,1,1,1,0
121,127,43.59,952.24,32.24,33.92,1,1,1,0
121,131,95.45,928.81,34.6,37.48,1,1,1,0
121,128,2199.78,769.47,132.81,167.2,1,1,1,0
121,133,332.14,931.74,29.54,31.46,1,1,1,0
121,124,3254.76,721.08,212.03,240.73,1,1,1,0
122,119,2401.23,187.25,588.0,752.56,1,1,1,1
122,120,889.14,529.33,587.62,643.25,1,1,1,1
122,121,0,1166.89,73.93,114.02,1,1,1,0
122,122,1624.36,914.52,44.5,48.1,1,1,1,0
122,127,40.97,952.57,32.12,33.86,1,1,1,0
122,131,93.59,929.25,33.92,36.74,1,1,1,0
122,128,2177.85,758.65,133.86,166.79,1,1,1,0
122,133,328.82,930.17,28.79,30.62,1,1,1,0
122,124,3276.46,721.0,242.13,275.19,1,1,1,0
123,119,2400.75,187.01,587.63,751.32,1,1,1,1
123,120,887.07,524.23,590.27,644.1,1,1,1,1
123,121,0,1165.04,76.6,114.39,1,1,1,0
123,122,1622.73,912.67,45.25,48.9,1,1,1,0
123,127,39.07,953.1,31.42,33.03,1,1,1,0
123,131,92.39,929.47,33.65,36.44,1,1,1,0
123,128,2162.24,752.2,133.24,165.09,1,1,1,0
123,133,325.89,928.33,28.49,30.3,1,1,1,0
123,124,3308.39,722.53,244.54,278.11,1,1,1,0
124,119,2396.86,185.51,588.69,751.47,1,1,1,1
124,120,884.62,519.24,595.08,647.54,1,1,1,1
124,121,0,1163.57,79.77,111.35,1,1,1,0
124,122,1620.25,910.39,46.17,50.0,1,1,1,0
124,127,36.35,952.91,31.15,32.72,1,1,1,0
124,131,91.56,929.17,33.55,36.31,1,1,1,0
124,128,2147.94,749.02,135.62,166.17,1,1,1,0
124,133,321.71,926.85,29.89,31.82,1,1,1,0
124,124,3341.03,722.5,253.4,288.62,1,1,1,0
125,119,2393.9,187.74,588.22,747.96,1,1,1,1
125,120,882.36,516.28,596.89,647.2,1,1,1,1
125,121,0,1163.04,83.87,113.4,1,1,1,0
125,122,1619.01,908.76,45.61,49.63,1,1,1,0
125,127,32.88,951.64,31.8,33.4,1,1,1,0
125,131,90.68,929.08,33.55,36.26,1,1,1,0
125,128,2132.81,750.71,135.12,164.21,1,1,1,0
125,133,318.07,925.53,30.42,32.37,1,1,1,0
125,124,3378.26,725.7,249.2,283.72,1,1,1,0
126,119,2393.25,188.38,588.06,743.66,1,1,1,1
126,120,884.31,514.89,597.59,647.0,1,1,1,1
126,121,4.85,1164.85,85.47,109.0,1,1,1,0
126,122,1618.6,908.16,43.8,47.89,1,1,1,0
126,127,30.21,949.98,32.07,33.65,1,1,1,0
126,131,90.07,928.27,34.23,37.04,1,1,1,0
126,128,2117.01,758.29,132.66,160.3,1,1,1,0
126,133,317.02,925.04,29.77,31.78,1,1,1,0
126,124,3420.11,728.63,240.86,272.69,1,1,1,0
127,119,2392.67,189.02,588.02,740.08,1,1,1,1
127,120,875.45,507.33,610.77,660.38,1,1,1,1
127,121,11.79,1165.19,83.97,105.28,1,1,1,0
127,122,1615.7,907.97,43.87,48.04,1,1,1,0
127,127,28.59,948.17,31.47,32.95,1,1,1,0
127,131,89.74,926.8,34.52,37.32,1,1,1,0
127,128,2103.8,767.23,130.25,156.48,1,1,1,0
127,124,3463.71,729.77,234.11,263.44,1,1,1,0
128,119,2392.48,186.45,591.31,742.79,1,1,1,1
128,120,874.68,504.79,612.24,660.43,1,1,1,1
128,121,10.41,1159.64,87.48,107.18,1,1,1,0
128,122,1613.1,907.92,43.86,48.1,1,1,1,0
128,127,26.23,945.09,32.0,33.48,1,1,1,0
128,131,89.03,924.28,35.3,38.22,1,1,1,0
128,128,2090.41,774.57,128.46,153.52,1,1,1,0
128,124,3508.52,724.51,236.43,263.21,1,1,1,0
129,119,2394.72,182.89,594.4,747.64,1,1,1,1
129,120,876.45,502.37,615.09,662.71,1,1,1,1
129,121,7.79,1157.65,94.28,114.27,1,1,1,0
129,122,1609.8,908.33,43.84,48.13,1,1,1,0
129,127,24.76,941.19,32.15,33.68,1,1,1,0
129,131,88.4,920.98,35.62,38.55,1,1,1,0
129,128,2077.14,783.3,124.87,148.45,1,1,1,0
129,124,3551.05,715.35,237.48,261.49,1,1,1,0
130,119,2397.02,180.17,596.72,753.27,1,1,1,1
130,120,877.38,506.94,612.54,657.35,1,1,1,1
130,121,10.78,1158.1,96.1,114.96,1,1,1,0
130,122,1606.92,908.9,44.03,48.15,1,1,1,0
130,127,22.02,938.55,32.22,33.75,1,1,1,0
130,131,86.9,918.56,35.75,38.66,1,1,1,0
130,128,2061.99,788.05,122.78,145.06,1,1,1,0
130,124,3596.36,707.12,230.89,251.16,1,1,1,0
131,119,2399.19,174.39,598.24,759.38,1,1,1,1
131,120,878.33,510.4,612.79,656.01,1,1,1,1
131,121,19.22,1159.91,93.83,111.26,1,1,1,0
131,122,1602.1,909.14,46.93,51.35,1,1,1,0
131,127,18.97,937.19,32.22,33.77,1,1,1,0
131,131,84.71,917.68,35.8,38.7,1,1,1,0
131,128,2043.59,791.69,124.71,147.21,1,1,1,0
131,124,3638.35,696.78,217.15,235.02,1,1,1,0
132,119,2399.75,171.24,596.98,761.09,1,1,1,1
132,120,877.41,512.99,610.68,651.46,1,1,1,1
132,121,22.72,1159.86,94.15,110.62,1,1,1,0
132,122,1594.86,910.01,49.65,54.09,1,1,1,0
132,127,15.42,936.33,32.13,33.78,1,1,1,0
132,131,81.53,917.0,35.78,38.7,1,1,1,0
132,128,2024.91,793.71,124.72,147.24,1,1,1,0
132,124,3675.2,685.66,205.01,221.68,1,1,1,0
133,119,2394.61,165.92,596.88,763.49,1,1,1,1
133,120,873.46,511.25,611.52,649.7,1,1,1,1
133,121,26.1,1159.46,95.04,110.78,1,1,1,0
133,122,1588.95,909.58,47.72,52.05,1,1,1,0
133,127,11.03,937.25,31.44,32.99,1,1,1,0
133,131,77.38,916.78,35.83,38.69,1,1,1,0
133,128,2009.46,795.54,125.37,148.15,1,1,1,0
133,124,3709.81,676.04,197.61,214.58,1,1,1,0
134,119,2393.15,165.95,592.7,758.4,1,1,1,1
134,120,869.28,510.65,612.5,648.22,1,1,1,1
134,121,35.5,1160.92,91.5,106.06,1,1,1,0
134,122,1582.04,909.02,48.36,52.8,1,1,1,0
134,127,6.96,938.46,31.83,33.48,1,1,1,0
134,131,73.58,917.94,36.57,39.47,1,1,1,0
134,128,1996.2,795.71,121.07,142.93,1,1,1,0
134,124,3741.73,669.53,189.19,206.46,1,1,1,0
135,119,2389.99,167.83,589.21,752.24,1,1,1,1
135,120,860.72,508.08,618.12,651.64,1,1,1,1
135,121,44.23,1163.54,87.83,101.42,1,1,1,0
135,122,1576.3,909.61,48.8,53.06,1,1,1,0
135,127,3.1,941.71,31.25,32.87,1,1,1,0
135,131,69.55,919.19,36.75,39.76,1,1,1,0
135,128,1984.9,791.55,119.2,140.22,1,1,1,0
135,124,3760.25,624.63,225.2,247.02,1,1,1,0
136,119,2386.12,170.4,587.71,748.11,1,1,1,1
136,120,855.03,504.18,624.45,656.69,1,1,1,1
136,121,51.04,1163.7,84.48,97.29,1,1,1,0
136,122,1570.97,909.84,47.6,51.58,1,1,1,0
136,127,0,944.99,29.87,32.64,1,1,1,0
136,131,65.08,921.28,36.8,39.86,1,1,1,0
136,128,1974.89,785.47,116.94,137.68,1,1,1,0
137,119,2382.44,171.41,587.74,746.57,1,1,1,1
137,120,857.41,506.14,621.08,651.63,1,1,1,1
137,121,55.03,1162.93,82.03,94.2,1,1,1,0
137,122,1566.22,910.34,48.06,51.79,1,1,1,0
137,127,0,946.22,24.69,31.75,1,1,1,0
137,131,59.66,923.29,36.72,39.89,1,1,1,0
137,128,1963.53,780.33,116.57,136.83,1,1,1,0
138,119,2378.53,170.62,590.53,750.0,1,1,1,1
138,120,861.33,506.36,605.93,632.31,1,1,1,1
138,121,54.97,1164.3,84.05,96.43,1,1,1,0
138,122,1561.81,910.53,49.0,52.66,1,1,1,0
138,127,0,948.7,18.47,29.81,1,1,1,0
138,131,53.69,925.65,36.0,39.1,1,1,1,0
138,128,1953.13,778.43,115.51,134.98,1,1,1,0
139,119,2376.7,172.94,589.25,749.13,1,1,1,1
139,120,858.02,512.96,605.09,630.64,1,1,1,1
139,121,59.57,1165.59,81.45,93.24,1,1,1,0
139,122,1558.23,910.99,50.28,53.77,1,1,1,0
139,127,0,946.32,13.95,31.56,1,1,1,0
139,131,47.73,927.75,35.77,38.79,1,1,1,0
139,128,1946.0,780.97,113.22,131.94,1,1,1,0
140,119,2377.53,176.83,586.68,747.02,1,1,1,1
140,120,842.95,510.81,615.78,641.1,1,1,1,1
140,121,59.41,1167.71,82.73,94.55,1,1,1,0
140,122,1555.36,911.96,50.88,54.19,1,1,1,0
140,131,40.29,929.33,35.76,38.67,1,1,1,0
140,128,1937.99,786.38,111.41,129.28,1,1,1,0
141,119,2376.1,178.71,585.36,746.24,1,1,1,1
141,120,823.99,508.83,625.55,649.01,1,1,1,1
141,121,58.73,1170.07,83.94,95.86,1,1,1,0
141,122,1551.66,913.51,51.86,55.12,1,1,1,0
141,131,31.88,929.51,36.5,39.42,1,1,1,0
141,128,1928.32,794.05,110.7,127.57,1,1,1,0
142,119,2373.59,179.41,585.77,747.16,1,1,1,1
142,120,824.02,515.43,620.16,642.7,1,1,1,1
142,121,58.48,1171.73,82.49,93.98,1,1,1,0
142,122,1549.89,914.88,51.63,54.68,1,1,1,0
142,131,24.87,929.16,36.14,38.91,1,1,1,0
142,128,1917.85,803.32,109.11,124.59,1,1,1,0
143,119,2374.04,179.06,587.25,748.52,1,1,1,1
143,120,807.4,512.99,628.19,649.66,1,1,1,1
143,121,59.44,1171.52,81.37,92.5,1,1,1,0
143,122,1547.73,915.8,51.63,54.5,1,1,1,0
143,131,17.74,928.21,36.7,39.5,1,1,1,0
143,128,1909.5,812.35,108.89,123.59,1,1,1,0
144,119,2372.92,180.51,586.54,746.66,1,1,1,1
144,120,800.02,516.83,629.42,649.88,1,1,1,1
144,121,60.08,1169.79,82.45,93.61,1,1,1,0
144,122,1547.32,916.13,51.07,53.62,1,1,1,0
144,131,12.39,925.07,37.58,40.51,1,1,1,0
144,128,1901.45,818.38,108.39,122.49,1,1,1,0
145,119,2372.37,182.04,585.86,744.57,1,1,1,1
145,120,794.54,519.29,622.9,640.59,1,1,1,1
145,121,61.7,1167.54,83.62,94.84,1,1,1,0
145,122,1548.48,915.84,50.11,52.48,1,1,1,0
145,131,8.64,922.69,38.6,41.68,1,1,1,0
145,128,1895.87,822.07,107.92,121.36,1,1,1,0
146,119,2371.94,181.0,587.77,746.6,1,1,1,1
146,120,789.52,525.01,619.55,635.45,1,1,1,1
146,121,61.85,1165.09,84.19,95.33,1,1,1,0
146,122,1549.81,915.71,49.8,52.05,1,1,1,0
146,131,5.32,920.61,38.9,42.12,1,1,1,0
146,128,1890.6,825.71,105.4,117.78,1,1,1,0
147,119,2372.54,180.4,588.65,748.37,1,1,1,1
147,120,791.99,536.73,609.22,623.95,1,1,1,1
147,121,62.47,1163.76,83.4,94.33,1,1,1,0
147,122,1550.37,915.65,49.74,51.88,1,1,1,0
147,131,3.09,919.43,37.57,40.71,1,1,1,0
147,128,1885.54,828.11,101.92,113.28,1,1,1,0
148,119,2370.52,181.15,588.01,748.85,1,1,1,1
148,120,779.7,531.83,613.75,626.51,1,1,1,1
148,121,62.16,1162.06,82.83,93.57,1,1,1,0
148,122,1550.3,915.22,50.43,52.63,1,1,1,0
148,131,0,917.8,37.34,40.94,1,1,1,0
148,128,1877.92,826.34,101.66,112.55,1,1,1,0
149,119,2370.26,182.82,586.83,748.44,1,1,1,1
149,120,777.87,534.35,611.15,623.93,1,1,1,1
149,121,61.03,1161.44,82.7,93.31,1,1,1,0
149,122,1550.34,915.05,50.68,52.91,1,1,1,0
149,131,0,919.19,33.42,40.23,1,1,1,0
149,128,1869.8,819.91,101.61,112.37,1,1,1,0
150,119,2370.79,183.83,586.02,747.88,1,1,1,1
150,120,771.78,540.43,613.84,627.43,1,1,1,1
150,121,61.39,1161.63,81.61,92.03,1,1,1,0
150,122,1550.43,914.98,50.77,53.01,1,1,1,0
150,131,0,920.56,30.33,39.95,1,1,1,0
150,128,1861.76,813.81,101.11,111.57,1,1,1,0
151,119,2372.64,185.59,584.88,745.88,1,1,1,1
151,120,772.54,547.83,612.76,627.61,1,1,1,1
151,121,60.2,1162.12,84.24,95.18,1,1,1,0
151,122,1550.84,914.55,50.14,52.25,1,1,1,0
151,131,0,921.48,28.46,39.85,1,1,1,0
151,128,1855.21,807.04,99.16,109.73,1,1,1,0
152,119,2373.9,190.02,583.41,742.54,1,1,1,1
152,120,767.3,545.36,617.43,633.7,1,1,1,1
152,121,59.02,1163.1,86.38,97.93,1,1,1,0
152,122,1550.68,915.18,49.05,51.16,1,1,1,0
152,131,0,923.04,27.3,39.01,1,1,1,0
152,128,1848.87,804.91,97.33,107.5,1,1,1,0
153,119,2375.88,193.26,583.89,742.1,1,1,1,1
153,120,761.71,544.53,623.19,640.98,1,1,1,1
153,121,58.85,1162.7,87.73,99.77,1,1,1,0
153,122,1549.42,916.22,49.52,51.56,1,1,1,0
153,131,0,924.44,27.73,38.69,1,1,1,0
153,128,1837.78,805.36,101.93,112.46,1,1,1,0
154,119,2375.68,198.42,581.22,738.76,1,1,1,1
154,120,770.42,552.27,613.96,632.05,1,1,1,1
154,121,60.35,1163.73,88.42,100.86,1,1,1,0
154,122,1548.63,917.79,50.4,52.51,1,1,1,0
154,131,0,926.16,30.02,39.38,1,1,1,0
154,128,1831.77,810.68,101.61,111.88,1,1,1,0
155,119,2381.1,200.71,580.42,739.53,1,1,1,1
155,120,772.45,551.55,611.81,629.81,1,1,1,1
155,121,63.8,1162.95,87.69,100.09,1,1,1,0
155,122,1547.59,919.17,50.72,52.87,1,1,1,0
155,131,0,925.6,31.03,39.63,1,1,1,0
155,128,1829.32,819.56,97.82,107.71,1,1,1,0
156,119,2389.36,205.3,576.47,738.06,1,1,1,1
156,120,773.49,550.79,611.89,629.39,1,1,1,1
156,121,66.77,1162.25,86.63,98.58,1,1,1,0
156,122,1545.79,920.87,52.13,54.59,1,1,1,0
156,131,0,924.97,31.85,40.53,1,1,1,0
156,128,1823.55,830.2,95.58,105.37,1,1,1,0
157,119,2396.61,209.35,573.07,737.53,1,1,1,1
157,120,774.95,550.04,613.6,630.45,1,1,1,1
157,121,68.12,1162.79,86.36,98.0,1,1,1,0
157,122,1544.74,923.06,51.89,54.45,1,1,1,0
157,131,0,923.94,28.16,40.86,1,1,1,0
157,128,1815.65,836.46,95.61,105.38,1,1,1,0
158,119,2403.53,213.98,569.71,736.56,1,1,1,1
158,120,783.66,557.65,610.44,626.89,1,1,1,1
158,121,72.31,1167.39,83.75,94.98,1,1,1,0
158,122,1543.12,926.26,49.56,52.01,1,1,1,0
158,128,1803.94,843.49,96.07,106.23,1,1,1,0
159,119,2411.95,218.82,565.49,735.03,1,1,1,1
159,120,782.4,556.87,616.5,633.15,1,1,1,1
159,121,71.8,1169.13,85.66,97.07,1,1,1,0
159,122,1540.58,929.47,47.76,50.25,1,1,1,0
159,128,1793.54,849.6,96.12,106.59,1,1,1,0
160,119,2419.31,220.15,563.35,735.69,1,1,1,1
160,120,776.31,549.96,623.72,640.08,1,1,1,1
160,121,75.48,1171.35,84.2,95.45,1,1,1,0
160,122,1536.48,931.82,47.04,49.61,1,1,1,0
160,128,1783.07,855.75,93.93,104.36,1,1,1,0
161,119,2424.05,219.54,560.02,734.57,1,1,1,1
161,120,787.1,558.18,613.78,629.82,1,1,1,1
161,121,76.46,1174.57,83.62,94.83,1,1,1,0
161,122,1532.2,933.85,47.61,50.19,1,1,1,0
161,128,1772.91,859.11,91.8,101.95,1,1,1,0
162,119,2433.57,227.59,553.45,728.19,1,1,1,1
162,120,785.55,561.28,619.01,636.27,1,1,1,1
162,121,75.69,1176.95,83.1,94.21,1,1,1,0
162,122,1526.23,936.15,48.72,51.21,1,1,1,0
162,128,1763.31,859.38,92.1,102.72,1,1,1,0
163,119,2439.66,234.13,549.74,725.42,1,1,1,1
163,120,775.01,557.02,625.8,643.63,1,1,1,1
163,121,72.8,1178.6,83.76,94.79,1,1,1,0
163,122,1519.02,936.96,48.11,50.81,1,1,1,0
163,128,1755.67,856.15,91.41,102.23,1,1,1,0
164,119,2439.5,228.27,556.19,737.03,1,1,1,1
164,120,768.29,554.55,625.13,644.03,1,1,1,1
164,121,70.51,1181.17,83.62,94.61,1,1,1,0
164,122,1511.89,939.2,48.87,51.45,1,1,1,0
164,128,1746.55,852.39,89.98,101.28,1,1,1,0
165,119,2439.95,226.18,556.57,740.01,1,1,1,1
165,120,770.02,557.74,618.36,639.57,1,1,1,1
165,121,70.3,1184.88,80.49,90.96,1,1,1,0
165,122,1506.22,940.78,49.0,51.7,1,1,1,0
165,128,1739.44,850.08,87.94,99.35,1,1,1,0
166,119,2446.72,236.62,546.45,727.44,1,1,1,1
166,120,751.92,551.54,626.7,649.6,1,1,1,1
166,121,68.1,1187.03,80.15,90.4,1,1,1,0
166,122,1500.72,942.11,49.65,52.59,1,1,1,0
166,128,1732.02,850.35,86.2,97.87,1,1,1,0
167,119,2451.4,239.7,542.13,722.65,1,1,1,1
167,120,748.2,567.78,621.45,646.21,1,1,1,1
167,121,65.09,1187.76,80.75,91.01,1,1,1,0
167,122,1495.66,942.17,49.79,52.92,1,1,1,0
167,128,1724.77,852.01,85.6,97.36,1,1,1,0
168,119,2448.4,241.35,539.39,719.51,1,1,1,1
168,120,732.2,569.21,624.59,651.22,1,1,1,1
168,121,62.87,1187.57,80.1,90.06,1,1,1,0
168,122,1490.76,942.13,49.74,53.04,1,1,1,0
168,128,1719.45,857.01,83.27,94.79,1,1,1,0
169,119,2434.19,241.27,541.93,724.19,1,1,1,1
169,120,729.32,582.56,615.74,644.94,1,1,1,1
169,121,59.45,1186.63,80.1,89.72,1,1,1,0
169,122,1485.92,942.06,49.64,53.08,1,1,1,0
169,128,1713.22,863.68,80.35,91.45,1,1,1,0
170,119,2416.71,255.68,541.62,726.19,1,1,1,1
170,120,714.13,582.38,627.78,665.22,1,1,1,1
170,121,57.27,1186.23,80.17,89.61,1,1,1,0
170,122,1483.45,941.99,48.01,51.51,1,1,1,0
170,128,1706.5,868.09,79.1,90.27,1,1,1,0
171,119,2392.61,280.14,535.06,719.82,1,1,1,1
171,120,701.43,574.18,630.47,676.08,1,1,1,1
171,121,56.49,1185.64,79.89,89.19,1,1,1,0
171,122,1482.26,942.31,46.67,50.1,1,1,1,0
171,128,1702.5,874.07,75.9,86.65,1,1,1,0
172,119,2362.53,291.03,525.89,709.64,1,1,1,1
172,120,692.76,576.23,629.63,684.29,1,1,1,1
172,121,52.24,1183.78,82.01,91.45,1,1,1,0
172,122,1480.75,942.39,47.04,50.38,1,1,1,0
172,128,1698.75,877.38,73.53,83.74,1,1,1,0
173,119,2328.33,295.87,518.1,700.46,1,1,1,1
173,120,693.88,581.09,612.2,673.72,1,1,1,1
173,121,47.81,1183.07,83.8,93.1,1,1,1,0
173,122,1481.39,942.79,46.59,49.69,1,1,1,0
173,128,1694.48,878.85,72.61,82.76,1,1,1,0
174,119,2289.31,305.86,510.51,691.9,1,1,1,1
174,120,696.72,584.08,594.06,661.11,1,1,1,1
174,121,46.13,1181.99,84.58,93.73,1,1,1,0
174,122,1483.34,942.91,46.54,49.44,1,1,1,0
174,128,1690.56,880.08,71.07,80.85,1,1,1,0
175,119,2244.59,320.78,505.46,684.22,1,1,1,1
175,120,701.48,588.73,580.37,653.45,1,1,1,1
175,121,48.69,1182.36,82.9,91.59,1,1,1,0
175,122,1486.54,943.33,46.62,49.35,1,1,1,0
175,128,1689.18,880.81,69.41,78.59,1,1,1,0
176,119,2207.14,334.72,481.25,646.69,1,1,1,1
176,120,697.69,585.98,574.85,653.36,1,1,1,1
176,121,49.47,1182.89,84.24,92.77,1,1,1,0
176,122,1491.46,944.66,47.39,50.13,1,1,1,0
176,128,1686.62,878.91,68.59,77.84,1,1,1,0
177,119,2150.95,353.67,491.18,659.29,1,1,1,1
177,120,700.92,584.88,566.7,649.34,1,1,1,1
177,121,52.53,1182.29,83.45,91.62,1,1,1,0
177,122,1496.19,945.53,48.35,51.22,1,1,1,0
177,128,1685.44,876.51,67.65,76.83,1,1,1,0
178,119,2092.82,370.83,515.96,695.35,1,1,1,1
178,120,707.06,591.79,557.07,642.83,1,1,1,1
178,121,53.87,1181.25,88.48,96.77,1,1,1,0
178,122,1502.34,945.44,49.54,52.43,1,1,1,0
178,128,1685.22,870.66,67.34,76.53,1,1,1,0
179,119,2051.72,387.18,526.16,710.39,1,1,1,1
179,120,712.79,586.1,555.85,646.21,1,1,1,1
179,121,62.77,1179.3,90.05,97.89,1,1,1,0
179,122,1509.51,944.99,49.79,52.88,1,1,1,0
179,128,1686.95,864.03,67.26,76.47,1,1,1,0
180,119,2026.72,403.53,524.58,707.38,1,1,1,1
180,120,719.09,579.14,556.94,650.69,1,1,1,1
180,121,74.87,1176.57,91.05,97.91,1,1,1,0
180,122,1518.97,943.6,50.65,53.84,1,1,1,0
180,128,1691.4,860.37,66.42,75.7,1,1,1,0
181,119,2012.57,412.5,525.27,705.38,1,1,1,1
181,120,728.29,573.09,558.64,654.99,1,1,1,1
181,121,91.82,1173.16,93.4,99.48,1,1,1,0
181,122,1531.16,941.88,49.45,52.63,1,1,1,0
181,128,1697.58,858.23,65.46,74.66,1,1,1,0
182,119,2001.76,414.45,537.03,719.11,1,1,1,1
182,120,739.91,569.81,555.89,654.03,1,1,1,1
182,121,112.14,1169.52,93.62,99.27,1,1,1,0
182,122,1543.01,939.2,50.46,53.74,1,1,1,0
182,128,1704.13,857.88,64.9,74.32,1,1,1,0
183,119,1998.6,414.85,545.96,728.96,1,1,1,1
183,120,746.1,563.6,557.32,657.43,1,1,1,1
183,121,136.52,1166.97,92.15,97.19,1,1,1,0
183,122,1555.97,937.02,49.32,52.57,1,1,1,0
183,128,1710.57,859.4,64.81,74.24,1,1,1,0
184,119,1999.64,415.02,553.77,737.79,1,1,1,1
184,120,757.82,567.05,549.38,648.57,1,1,1,1
184,121,157.05,1164.84,92.83,97.57,1,1,1,0
184,122,1566.27,935.39,49.08,52.11,1,1,1,0
184,128,1717.3,863.22,64.2,73.45,1,1,1,0
185,119,2002.72,413.17,561.63,749.73,1,1,1,1
185,120,765.67,566.82,546.29,645.18,1,1,1,1
185,121,175.96,1162.9,95.08,99.69,1,1,1,0
185,122,1577.08,933.2,49.09,51.93,1,1,1,0
185,128,1722.9,865.88,62.62,71.58,1,1,1,0
186,119,2006.37,405.88,570.4,762.82,1,1,1,1
186,120,772.52,564.37,545.56,644.72,1,1,1,1
186,121,189.13,1160.24,102.99,108.75,1,1,1,0
186,122,1585.46,930.8,49.6,52.66,1,1,1,0
186,128,1726.23,866.47,62.7,71.74,1,1,1,0
187,119,2013.13,397.74,574.37,772.0,1,1,1,1
187,120,777.57,560.29,548.94,649.37,1,1,1,1
187,121,202.83,1154.66,106.69,113.68,1,1,1,0
187,122,1592.41,926.75,49.69,52.94,1,1,1,0
187,128,1729.93,864.66,62.5,71.83,1,1,1,0
188,119,2033.86,394.99,565.78,765.71,1,1,1,1
188,120,782.45,554.81,550.39,651.13,1,1,1,1
188,121,217.89,1148.25,103.89,111.37,1,1,1,0
188,122,1598.03,921.68,49.64,53.04,1,1,1,0
188,128,1732.3,860.77,61.94,71.09,1,1,1,0
189,119,2049.59,408.8,554.31,754.33,1,1,1,1
189,120,782.57,550.6,552.96,654.39,1,1,1,1
189,121,229.57,1143.81,104.06,112.31,1,1,1,0
189,122,1601.0,919.01,50.63,53.87,1,1,1,0
189,128,1734.29,858.51,60.96,70.04,1,1,1,0
190,119,2060.81,429.82,544.16,744.26,1,1,1,1
190,120,782.95,545.51,556.59,659.19,1,1,1,1
190,121,240.16,1141.8,101.29,109.89,1,1,1,0
190,122,1602.29,918.85,50.25,53.38,1,1,1,0
190,128,1734.96,856.88,60.6,69.69,1,1,1,0
191,119,2066.26,439.53,539.22,741.17,1,1,1,1
191,120,786.91,552.58,550.08,650.08,1,1,1,1
191,121,249.48,1138.76,98.07,106.51,1,1,1,0
191,122,1604.09,917.67,50.13,53.19,1,1,1,0
191,128,1735.95,851.88,60.46,69.59,1,1,1,0
192,119,2072.9,444.52,529.34,729.6,1,1,1,1
192,120,792.97,561.57,541.44,637.57,1,1,1,1
192,121,261.23,1135.71,96.06,104.79,1,1,1,0
192,122,1607.38,915.29,49.25,52.32,1,1,1,0
192,128,1738.86,845.63,60.04,68.77,1,1,1,0
193,119,2073.06,447.72,523.5,723.59,1,1,1,1
193,120,794.6,558.17,543.65,638.91,1,1,1,1
193,121,280.86,1132.67,88.52,96.93,1,1,1,0
193,122,1614.35,911.26,48.24,51.18,1,1,1,0
193,128,1743.73,840.94,58.62,66.88,1,1,1,0
193,136,1428.56,919.45,30.43,32.79,1,1,1,0
194,119,2072.25,453.47,520.93,722.17,1,1,1,1
194,120,800.34,550.73,547.2,642.45,1,1,1,1
194,121,291.69,1129.61,88.56,97.21,1,1,1,0
194,122,1619.6,907.8,47.01,49.96,1,1,1,0
194,128,1747.83,838.87,58.24,66.21,1,1,1,0
194,136,1434.99,916.35,31.08,33.54,1,1,1,0
195,119,2069.38,450.59,529.4,736.88,1,1,1,1
195,120,809.5,541.99,549.85,645.42,1,1,1,1
195,121,304.13,1127.39,86.86,95.71,1,1,1,0
195,122,1624.26,904.98,47.17,50.32,1,1,1,0
195,128,1750.42,838.6,57.4,65.19,1,1,1,0
195,136,1444.47,913.94,29.58,31.92,1,1,1,0
196,119,2071.06,439.23,539.15,753.28,1,1,1,1
196,120,824.57,539.14,549.26,645.76,1,1,1,1
196,121,311.53,1125.86,88.31,97.6,1,1,1,0
196,122,1628.26,902.81,47.14,50.45,1,1,1,0
196,128,1751.25,839.8,57.15,64.85,1,1,1,0
196,136,1451.9,912.84,28.98,31.38,1,1,1,0
197,119,2083.18,428.63,533.49,744.7,1,1,1,1
197,120,838.15,539.55,544.91,641.32,1,1,1,1
197,121,317.04,1125.78,90.17,99.91,1,1,1,0
197,122,1631.96,902.08,45.54,48.92,1,1,1,0
197,128,1751.87,843.55,56.27,63.94,1,1,1,0
197,136,1455.75,913.02,28.74,31.23,1,1,1,0
198,119,2093.97,402.86,529.64,730.12,1,1,1,1
198,120,847.62,536.39,547.71,646.64,1,1,1,1
198,121,321.03,1124.65,91.43,101.58,1,1,1,0
198,122,1634.78,901.51,44.87,48.34,1,1,1,0
198,128,1751.41,848.23,55.55,62.83,1,1,1,0
198,136,1460.24,914.01,28.59,31.2,1,1,1,0
199,119,2101.28,381.44,538.6,730.98,1,1,1,1
199,120,853.28,523.75,556.46,659.78,1,1,1,1
199,121,327.99,1123.5,87.77,97.47,1,1,1,0
199,122,1637.61,900.97,43.91,47.33,1,1,1,0
199,128,1749.88,852.84,54.6,61.65,1,1,1,0
199,136,1464.04,913.99,28.61,31.21,1,1,1,0
200,119,2107.27,360.78,560.06,753.65,1,1,1,1
200,120,865.17,523.6,554.04,658.6,1,1,1,1
200,121,332.13,1122.78,86.37,95.86,1,1,1,0
200,122,1639.28,900.85,43.56,46.98,1,1,1,0
200,128,1749.44,856.98,52.26,58.81,1,1,1,0
200,136,1465.15,914.84,28.63,31.22,1,1,1,0
201,119,2112.31,346.28,573.38,767.42,1,1,1,1
201,120,873.68,518.72,556.13,663.45,1,1,1,1
201,121,334.86,1122.18,85.21,94.48,1,1,1,0
201,122,1640.67,901.27,43.2,46.86,1,1,1,0
201,128,1747.52,859.72,51.53,57.8,1,1,1,0
201,136,1466.16,915.58,28.66,31.24,1,1,1,0
202,119,2117.22,355.68,572.31,762.58,1,1,1,1
202,120,890.65,534.21,539.98,644.44,1,1,1,1
202,121,335.6,1121.62,85.47,94.8,1,1,1,0
202,122,1641.9,901.07,42.95,46.83,1,1,1,0
202,128,1745.74,861.08,50.13,55.85,1,1,1,0
202,136,1467.15,915.45,28.69,31.25,1,1,1,0
203,119,2118.44,363.35,574.46,762.35,1,1,1,1
203,120,902.87,538.29,530.87,633.46,1,1,1,1
203,121,334.42,1119.47,88.72,98.94,1,1,1,0
203,122,1642.17,900.65,42.98,46.84,1,1,1,0
203,128,1741.54,858.24,51.75,57.66,1,1,1,0
203,136,1468.17,914.6,28.71,31.26,1,1,1,0
204,119,2118.6,367.4,577.95,764.36,1,1,1,1
204,120,909.85,531.41,531.26,635.45,1,1,1,1
204,121,333.35,1117.93,90.88,102.05,1,1,1,0
204,122,1641.33,900.13,43.02,46.85,1,1,1,0
204,128,1735.49,851.2,55.05,61.53,1,1,1,0
204,136,1468.79,913.08,29.58,32.08,1,1,1,0
205,119,2117.95,370.44,584.37,771.57,1,1,1,1
205,120,918.93,531.68,525.09,629.45,1,1,1,1
205,121,332.33,1117.39,91.31,103.25,1,1,1,0
205,122,1641.01,900.38,42.83,46.87,1,1,1,0
205,128,1728.67,844.27,57.62,64.54,1,1,1,0
205,136,1467.4,910.54,29.77,32.39,1,1,1,0
206,119,2114.72,372.47,590.15,778.18,1,1,1,1
206,120,919.75,530.63,525.71,630.86,1,1,1,1
206,121,330.11,1117.25,91.12,103.69,1,1,1,0
206,122,1640.42,900.11,43.51,47.68,1,1,1,0
206,128,1722.41,840.42,56.53,63.38,1,1,1,0
207,119,2108.92,373.11,601.21,793.04,1,1,1,1
207,120,920.46,531.48,524.23,628.65,1,1,1,1
207,121,327.32,1117.64,90.62,103.84,1,1,1,0
207,122,1638.56,900.83,43.74,48.0,1,1,1,0
207,128,1715.26,838.17,56.07,62.91,1,1,1,0
208,119,2104.72,374.39,603.7,796.41,1,1,1,1
208,120,929.1,536.84,515.2,616.48,1,1,1,1
208,121,322.51,1118.24,92.08,106.26,1,1,1,0
208,122,1633.89,901.53,45.27,49.71,1,1,1,0
208,128,1708.91,840.56,53.83,60.35,1,1,1,0
209,119,2100.38,374.15,600.4,791.21,1,1,1,1
209,120,941.14,548.15,500.93,596.68,1,1,1,1
209,121,319.29,1120.07,90.52,104.8,1,1,1,0
209,122,1630.11,902.2,46.66,51.13,1,1,1,0
209,128,1699.84,841.54,53.61,60.19,1,1,1,0
210,119,2096.11,370.72,602.58,794.4,1,1,1,1
210,120,951.34,556.84,494.62,586.18,1,1,1,1
210,121,316.96,1122.02,87.87,101.82,1,1,1,0
210,122,1627.52,902.87,47.86,52.46,1,1,1,0
210,128,1691.84,844.73,53.51,60.14,1,1,1,0
211,119,2092.63,368.27,605.48,798.66,1,1,1,1
211,120,960.38,557.13,491.81,580.91,1,1,1,1
211,121,314.01,1123.19,86.8,100.67,1,1,1,0
211,122,1624.29,903.14,48.07,52.97,1,1,1,0
211,128,1683.52,850.75,51.62,57.73,1,1,1,0
212,119,2094.67,368.18,596.62,785.91,1,1,1,1
212,120,973.96,559.79,482.73,567.26,1,1,1,1
212,121,311.07,1123.24,87.61,101.84,1,1,1,0
212,122,1622.5,903.64,47.63,52.36,1,1,1,0
212,128,1673.71,854.27,51.67,57.65,1,1,1,0
213,119,2096.34,367.01,591.41,776.89,1,1,1,1
213,120,982.05,555.81,481.24,562.44,1,1,1,1
213,121,309.93,1123.27,87.16,101.48,1,1,1,0
213,122,1620.08,904.64,49.36,54.49,1,1,1,0
213,128,1665.85,857.95,50.92,56.83,1,1,1,0
214,119,2095.97,365.22,592.24,775.25,1,1,1,1
214,120,998.32,554.09,477.07,554.23,1,1,1,1
214,121,309.35,1122.89,86.85,101.34,1,1,1,0
214,122,1617.8,904.62,48.08,52.94,1,1,1,0
214,128,1655.04,859.29,52.35,58.16,1,1,1,0
215,119,2092.96,359.0,605.45,792.17,1,1,1,1
215,120,1018.8,554.82,469.95,543.97,1,1,1,1
215,121,308.4,1121.95,86.57,101.29,1,1,1,0
215,122,1615.87,904.22,44.91,49.11,1,1,1,0
215,128,1646.01,861.34,52.17,57.86,1,1,1,0
216,119,2089.88,353.76,612.71,801.44,1,1,1,1
216,120,1029.78,562.16,468.35,538.22,1,1,1,1
216,121,306.11,1119.62,86.35,101.27,1,1,1,0
216,128,1636.91,858.07,52.78,58.56,1,1,1,0
217,119,2087.61,351.23,612.1,799.17,1,1,1,1
217,120,1044.47,572.11,466.42,533.95,1,1,1,1
217,121,303.88,1117.15,86.21,101.26,1,1,1,0
217,128,1627.68,854.42,52.4,58.04,1,1,1,0
217,137,400.21,890.52,31.65,33.51,1,1,1,0
218,119,2086.47,342.61,611.58,796.79,1,1,1,1
218,120,1050.98,573.68,470.91,538.31,1,1,1,1
218,121,301.91,1114.65,86.04,101.26,1,1,1,0
218,128,1618.91,849.01,53.77,59.45,1,1,1,0
218,137,396.33,889.32,32.68,34.61,1,1,1,0
219,119,2084.75,337.45,609.15,791.82,1,1,1,1
219,120,1045.57,566.54,485.54,555.37,1,1,1,1
219,121,300.71,1112.54,84.65,99.66,1,1,1,0
219,128,1610.59,843.83,53.72,59.18,1,1,1,0
219,137,391.55,888.45,33.05,34.99,1,1,1,0
220,119,2082.94,328.04,604.19,782.7,1,1,1,1
220,120,1032.71,565.41,501.04,572.93,1,1,1,1
220,121,296.55,1110.59,85.87,101.46,1,1,1,0
220,128,1600.99,840.67,54.42,59.88,1,1,1,0
220,137,386.31,887.31,33.11,35.08,1,1,1,0
221,119,2076.5,317.43,603.47,779.22,1,1,1,1
221,120,1028.73,554.9,517.16,595.23,1,1,1,1
221,121,293.54,1109.1,84.85,100.55,1,1,1,0
221,128,1592.86,837.54,54.73,60.14,1,1,1,0
221,137,379.81,883.5,34.71,36.82,1,1,1,0
222,119,2069.8,309.61,606.25,781.12,1,1,1,1
222,120,1030.16,551.63,518.97,601.41,1,1,1,1
222,121,290.97,1106.98,83.11,98.6,1,1,1,0
222,128,1586.8,836.0,53.41,58.66,1,1,1,0
222,137,373.52,880.57,34.47,36.58,1,1,1,0
223,119,2067.31,310.63,603.35,776.06,1,1,1,1
223,120,1030.41,558.04,508.71,590.55,1,1,1,1
223,121,286.72,1105.03,84.32,100.28,1,1,1,0
223,128,1577.93,837.08,52.3,57.28,1,1,1,0
223,137,368.03,878.32,32.87,34.8,1,1,1,0
224,119,2060.43,308.82,603.91,774.96,1,1,1,1
224,120,1030.68,566.1,495.87,574.3,1,1,1,1
224,121,281.27,1101.97,87.86,104.87,1,1,1,0
224,128,1571.19,838.75,51.33,55.97,1,1,1,0
224,137,361.31,876.34,33.02,34.94,1,1,1,0
225,119,2050.37,301.31,609.66,780.36,1,1,1,1
225,120,1032.06,573.95,485.25,559.3,1,1,1,1
225,121,278.49,1100.85,88.4,105.82,1,1,1,0
225,128,1560.54,839.81,51.74,56.3,1,1,1,0
225,137,355.59,873.66,33.93,35.81,1,1,1,0
226,119,2038.86,294.86,613.17,784.2,1,1,1,1
226,120,1029.75,576.82,481.39,552.13,1,1,1,1
226,121,276.05,1099.7,88.44,106.16,1,1,1,0
226,128,1554.81,841.83,52.82,57.24,1,1,1,0
226,137,349.8,871.94,34.36,36.12,1,1,1,0
227,119,2029.95,279.27,612.71,787.04,1,1,1,1
227,120,1021.84,576.2,483.81,551.99,1,1,1,1
227,121,274.99,1099.31,88.29,106.28,1,1,1,0
227,128,1548.65,841.81,52.25,56.8,1,1,1,0
227,137,345.65,870.97,35.27,37.03,1,1,1,0
227,138,3630.77,420.79,266.65,344.25,1,1,1,0
228,119,2038.14,281.9,592.89,764.25,1,1,1,1
228,120,1009.71,572.31,501.76,572.86,1,1,1,1
228,121,275.92,1099.22,87.49,105.51,1,1,1,0
228,128,1542.14,845.81,49.84,54.24,1,1,1,0
228,137,343.44,871.07,34.88,36.57,1,1,1,0
228,138,3581.01,421.39,269.36,345.76,1,1,1,0
229,119,2038.15,295.47,585.55,758.15,1,1,1,1
229,120,998.01,567.87,516.45,591.87,1,1,1,1
229,121,277.49,1099.24,87.11,105.2,1,1,1,0
229,128,1536.4,848.56,49.78,54.09,1,1,1,0
229,137,341.5,870.8,35.4,37.18,1,1,1,0
229,138,3506.38,431.59,277.22,351.63,1,1,1,0
229,122,1597.19,877.31,45.76,49.41,1,1,1,0
230,119,2021.41,291.01,600.56,783.24,1,1,1,1
230,120,1003.47,568.69,510.01,587.18,1,1,1,1
230,121,281.77,1100.09,83.89,101.09,1,1,1,0
230,128,1532.73,850.35,48.55,52.44,1,1,1,0
230,137,339.75,872.33,35.56,37.4,1,1,1,0
230,138,3411.99,447.75,277.29,347.22,1,1,1,0
230,122,1597.92,876.93,46.77,50.26,1,1,1,0
231,119,2025.97,276.8,561.17,727.82,1,1,1,1
231,120,1006.73,566.41,503.63,581.46,1,1,1,1
231,121,284.13,1100.47,82.86,99.52,1,1,1,0
231,128,1529.64,849.37,47.37,51.03,1,1,1,0
231,137,338.63,874.96,34.87,36.68,1,1,1,0
231,138,3327.26,463.41,266.03,328.13,1,1,1,0
231,122,1599.17,876.78,46.62,49.74,1,1,1,0
232,119,1990.53,268.56,620.8,812.02,1,1,1,1
232,120,1010.4,563.34,497.91,575.85,1,1,1,1
232,121,286.53,1101.04,83.1,99.75,1,1,1,0
232,128,1524.68,847.35,47.03,50.54,1,1,1,0
232,137,338.03,877.22,34.54,36.39,1,1,1,0
232,138,3243.2,477.87,254.09,307.59,1,1,1,0
232,122,1601.22,876.39,46.7,49.54,1,1,1,0
233,119,1994.22,292.22,602.42,792.74,1,1,1,1
233,120,1015.36,567.17,493.36,571.12,1,1,1,1
233,121,290.08,1101.28,82.71,99.05,1,1,1,0
233,128,1522.26,843.77,46.99,50.39,1,1,1,0
233,137,337.16,879.29,34.38,36.27,1,1,1,0
233,138,3162.98,496.08,250.21,299.21,1,1,1,0
233,122,1604.36,876.29,46.84,49.46,1,1,1,0
234,120,1427.16,152.72,881.8,1186.67,1,1,1,1
234,119,3216.33,0,798.53,1044.32,1,1,1,1
234,121,80.5,1211.38,167.16,191.89,1,1,1,0
234,143,2496.49,806.26,76.27,83.41,1,1,1,0
234,144,2322.46,735.27,81.05,87.03,1,1,1,0
234,137,167.42,814.1,64.49,66.29,1,1,1,0
235,120,1427.16,152.72,881.8,1186.67,1,1,1,1
235,119,3216.33,0,798.53,1044.32,1,1,1,1
235,121,80.5,1211.38,167.16,191.89,1,1,1,0
235,143,2496.49,806.26,76.27,83.41,1,1,1,0
235,144,2322.46,735.27,81.05,87.03,1,1,1,0
235,137,167.42,814.1,64.49,66.29,1,1,1,0
236,120,1445.76,154.85,872.81,1175.08,1,1,1,1
236,119,3197.38,3.58,796.83,1049.08,1,1,1,1
236,121,86.11,1212.74,168.0,193.07,1,1,1,0
236,143,2501.88,808.22,75.2,82.29,1,1,1,0
236,144,2319.75,737.6,78.27,84.04,1,1,1,0
236,137,167.44,811.87,66.27,68.15,1,1,1,0
237,120,1451.73,151.8,872.2,1174.96,1,1,1,1
237,119,3182.25,4.83,776.06,1023.21,1,1,1,1
237,121,90.97,1213.69,167.66,193.03,1,1,1,0
237,143,2506.98,810.29,75.76,82.87,1,1,1,0
237,144,2314.93,740.76,75.63,81.15,1,1,1,0
237,137,167.24,808.81,66.81,68.78,1,1,1,0
238,120,1461.29,158.5,861.23,1161.21,1,1,1,1
238,119,3212.11,10.39,719.85,947.59,1,1,1,1
238,121,95.36,1214.85,164.2,189.39,1,1,1,0
238,143,2509.8,812.22,76.77,83.98,1,1,1,0
238,144,2306.78,744.86,77.46,83.17,1,1,1,0
238,137,166.87,806.99,65.98,68.03,1,1,1,0
239,120,1469.55,161.14,857.25,1157.36,1,1,1,1
239,119,3212.0,0,756.1,987.22,1,1,1,1
239,121,97.17,1215.19,162.8,188.18,1,1,1,0
239,143,2514.4,813.66,76.36,83.48,1,1,1,0
239,144,2295.71,749.11,79.66,85.59,1,1,1,0
239,137,164.84,806.05,66.42,68.61,1,1,1,0
240,120,1478.28,160.04,850.33,1149.73,1,1,1,1
240,119,3202.92,0,765.16,987.05,1,1,1,1
240,121,96.6,1214.84,163.19,189.08,1,1,1,0
240,143,2517.5,813.65,76.24,83.29,1,1,1,0
240,144,2283.39,756.36,84.4,90.67,1,1,1,0
240,137,160.67,804.11,66.57,68.79,1,1,1,0
241,120,1487.07,149.89,856.07,1160.38,1,1,1,1
241,119,3185.31,0,720.8,924.35,1,1,1,1
241,121,92.81,1211.77,166.25,193.2,1,1,1,0
241,143,2520.08,813.58,76.24,83.22,1,1,1,0
241,137,156.69,802.25,67.27,69.67,1,1,1,0
242,119,1583.71,120.88,899.9,1220.27,1,1,1,1
242,120,0,546.27,749.08,1255.74,1,1,1,1
242,147,2844.71,718.15,383.65,423.32,1,1,1,0
242,148,935.96,1256.46,84.38,94.02,1,1,1,0
243,119,1617.59,127.23,875.07,1183.56,1,1,1,1
243,120,0,546.27,749.08,1255.74,1,1,1,1
243,147,2844.71,718.15,383.65,423.32,1,1,1,0
243,148,935.96,1256.46,84.38,94.02,1,1,1,0
244,119,1631.24,139.24,853.0,1149.85,1,1,1,1
244,120,0,552.58,757.42,1245.72,1,1,1,1
244,147,2790.21,761.34,341.29,376.31,1,1,1,0
244,148,939.22,1260.74,84.35,94.02,1,1,1,0
245,119,1646.21,169.79,830.11,1113.1,1,1,1,1
245,120,0,552.34,776.63,1251.3,1,1,1,1
245,147,2687.51,774.25,344.49,380.36,1,1,1,0
245,148,942.66,1264.98,84.35,94.02,1,1,1,0
246,119,1619.96,140.83,879.11,1181.04,1,1,1,1
246,120,0,568.35,801.58,1256.91,1,1,1,1
246,147,2596.83,778.47,328.08,361.55,1,1,1,0
246,148,948.18,1268.89,84.31,94.02,1,1,1,0
247,119,1604.57,123.82,909.86,1226.93,1,1,1,1
247,120,0,576.98,821.31,1257.03,1,1,1,1
247,147,2532.28,794.08,294.87,323.58,1,1,1,0
247,148,956.1,1272.64,85.78,95.76,1,1,1,0
248,119,1622.95,104.55,893.08,1203.83,1,1,1,1
248,120,0,578.8,832.41,1261.26,1,1,1,1
248,147,2467.25,802.57,283.74,310.95,1,1,1,0
248,148,963.42,1273.79,87.73,98.04,1,1,1,0
249,119,1657.36,100.19,848.1,1139.76,1,1,1,1
249,120,0,571.23,834.72,1272.29,1,1,1,1
249,147,2411.44,804.2,283.16,309.64,1,1,1,0
249,148,971.25,1274.07,88.35,98.84,1,1,1,0
250,120,1544.54,126.54,956.53,1289.29,1,1,1,1
250,119,3317.04,0,753.93,820.59,1,1,1,1
250,148,2653.69,907.63,86.83,102.46,1,1,1,0
251,120,1503.48,136.35,977.87,1320.46,1,1,1,1
251,148,2653.69,907.63,86.83,102.46,1,1,1,0
251,119,3349.76,0,769.18,829.56,1,1,1,1
252,120,1470.15,141.62,989.49,1335.93,1,1,1,1
252,148,2652.2,908.56,86.83,102.46,1,1,1,0
252,119,3288.49,0,757.82,891.19,1,1,1,1
253,120,1441.43,136.25,998.7,1350.33,1,1,1,1
253,148,2649.83,910.75,86.83,102.46,1,1,1,0
253,119,3214.55,0,758.03,953.28,1,1,1,1
254,120,1383.77,127.9,1026.61,1388.21,1,1,1,1
254,148,2645.15,912.76,87.56,103.36,1,1,1,0
254,119,3166.45,0,773.39,1005.08,1,1,1,1
255,120,1330.11,104.08,1061.74,1440.01,1,1,1,1
255,148,2641.52,915.54,88.67,104.52,1,1,1,0
255,119,3171.62,0,795.57,1051.16,1,1,1,1
