1,1662,503.24,140.05,174.78,204.08,1,1,1,1
1,1663,1500.67,179.3,96.43,106.07,1,1,1,0
1,1664,1707.99,27.8,245.89,265.4,1,1,1,1
2,1662,501.6,140.51,174.38,203.62,1,1,1,1
2,1663,1499.16,179.43,95.27,104.76,1,1,1,0
2,1664,1710.34,26.16,247.47,267.04,1,1,1,1
3,1662,498.64,140.47,175.21,204.6,1,1,1,1
3,1663,1496.93,179.57,95.24,104.78,1,1,1,0
3,1664,1710.46,23.19,250.18,269.9,1,1,1,1
4,1662,495.26,140.79,177.0,206.87,1,1,1,1
4,1663,1493.84,179.84,96.41,106.19,1,1,1,0
4,1664,1711.44,21.93,250.88,270.54,1,1,1,1
5,1662,491.92,140.78,177.37,207.47,1,1,1,1
5,1663,1491.33,180.14,96.43,106.2,1,1,1,0
5,1664,1714.0,22.5,250.03,269.56,1,1,1,1
6,1662,489.13,140.93,176.26,206.39,1,1,1,1
6,1663,1488.35,181.21,95.7,105.33,1,1,1,0
6,1664,1714.25,22.76,249.12,268.74,1,1,1,1
7,1662,485.59,140.66,176.56,206.91,1,1,1,1
7,1663,1486.46,180.83,95.65,105.22,1,1,1,0
7,1664,1713.72,23.68,248.22,268.06,1,1,1,1
8,1662,482.65,140.72,177.35,208.17,1,1,1,1
8,1663,1484.21,180.78,95.67,105.18,1,1,1,0
8,1664,1714.28,23.52,247.97,268.12,1,1,1,1
9,1662,480.52,140.69,176.91,208.04,1,1,1,1
9,1663,1482.25,180.24,94.87,103.93,1,1,1,0
9,1664,1714.06,23.93,247.03,267.37,1,1,1,1
10,1662,478.97,141.28,176.05,207.36,1,1,1,1
10,1663,1479.8,180.54,94.95,103.68,1,1,1,0
10,1664,1713.79,23.64,247.0,267.65,1,1,1,1
11,1662,476.85,141.65,175.19,206.53,1,1,1,1
11,1663,1477.36,181.36,95.01,103.39,1,1,1,0
11,1664,1714.47,22.98,247.03,268.01,1,1,1,1
12,1662,472.88,141.43,177.41,209.59,1,1,1,1
12,1663,1473.69,181.26,95.88,104.11,1,1,1,0
12,1664,1714.7,24.31,245.44,266.88,1,1,1,1
13,1662,470.32,141.55,177.97,210.92,1,1,1,1
13,1663,1471.47,181.81,94.89,102.57,1,1,1,0
13,1664,1714.54,23.91,245.31,267.17,1,1,1,1
14,1662,467.74,142.03,178.23,211.74,1,1,1,1
14,1663,1468.69,182.32,93.77,100.78,1,1,1,0
14,1664,1714.26,23.01,245.68,267.83,1,1,1,1
15,1662,464.98,142.07,178.9,213.18,1,1,1,1
15,1663,1463.85,182.09,96.33,103.17,1,1,1,0
15,1664,1713.63,22.82,245.25,267.53,1,1,1,1
16,1662,462.26,141.87,178.92,213.7,1,1,1,1
16,1663,1459.38,182.0,99.61,106.44,1,1,1,0
16,1664,1713.03,22.41,245.81,268.16,1,1,1,1
17,1662,460.21,142.24,178.17,213.21,1,1,1,1
17,1663,1456.41,183.05,98.86,105.31,1,1,1,0
17,1664,1712.15,22.01,245.74,268.05,1,1,1,1
18,1662,457.46,142.43,177.67,212.76,1,1,1,1
18,1663,1452.73,183.44,99.1,105.06,1,1,1,0
18,1664,1709.62,24.12,243.72,265.76,1,1,1,1
19,1662,454.42,142.34,177.27,212.31,1,1,1,1
19,1663,1448.38,184.78,98.95,104.36,1,1,1,0
19,1664,1708.75,22.92,244.4,266.1,1,1,1,1
20,1662,450.81,142.61,177.07,212.03,1,1,1,1
20,1663,1443.03,184.07,100.14,105.3,1,1,1,0
20,1664,1705.65,20.92,247.05,268.18,1,1,1,1
21,1662,447.38,143.25,176.95,211.76,1,1,1,1
21,1663,1439.76,184.99,100.17,104.65,1,1,1,0
21,1664,1702.56,19.73,248.74,269.31,1,1,1,1
22,1662,443.5,143.73,176.72,210.99,1,1,1,1
22,1663,1434.65,185.33,100.19,104.0,1,1,1,0
22,1664,1697.8,18.5,250.27,270.44,1,1,1,1
23,1662,440.47,144.16,174.4,207.46,1,1,1,1
23,1663,1430.38,186.14,100.37,103.56,1,1,1,0
23,1664,1695.97,14.77,254.14,273.83,1,1,1,1
24,1662,437.99,144.86,171.63,202.96,1,1,1,1
24,1663,1425.6,186.53,100.66,102.99,1,1,1,0
24,1664,1692.65,16.55,253.02,271.93,1,1,1,1
25,1662,434.98,145.52,169.39,198.87,1,1,1,1
25,1663,1420.02,186.16,102.21,103.99,1,1,1,0
25,1664,1687.72,18.06,252.05,270.68,1,1,1,1
26,1662,433.71,147.01,166.31,193.7,1,1,1,1
26,1663,1413.04,187.1,103.29,104.56,1,1,1,0
26,1664,1683.73,19.25,252.85,270.7,1,1,1,1
27,1662,431.93,149.43,164.01,189.36,1,1,1,1
27,1663,1406.51,188.05,103.79,104.58,1,1,1,0
27,1664,1678.71,24.24,249.19,266.07,1,1,1,1
28,1662,431.32,151.36,161.73,184.93,1,1,1,1
28,1663,1400.84,188.69,104.35,104.98,1,1,1,0
28,1664,1673.28,27.44,247.02,263.2,1,1,1,1
29,1662,430.47,153.0,159.96,181.21,1,1,1,1
29,1663,1395.01,189.91,104.31,104.73,1,1,1,0
29,1664,1666.84,33.48,242.4,258.49,1,1,1,1
30,1662,429.38,155.1,159.09,178.41,1,1,1,1
30,1663,1389.57,191.44,104.74,105.04,1,1,1,0
30,1664,1660.27,37.62,237.97,254.34,1,1,1,1
31,1662,428.36,157.14,159.84,177.59,1,1,1,1
31,1663,1383.64,193.89,103.44,103.36,1,1,1,0
31,1664,1655.54,35.17,242.83,258.69,1,1,1,1
32,1662,427.85,160.58,161.79,178.49,1,1,1,1
32,1663,1374.24,197.29,104.85,104.72,1,1,1,0
32,1664,1648.21,39.7,241.68,256.94,1,1,1,1
33,1662,427.76,165.02,164.51,180.52,1,1,1,1
33,1663,1365.24,201.31,103.99,103.84,1,1,1,0
33,1664,1638.23,48.33,236.77,251.26,1,1,1,1
34,1662,431.74,171.32,166.43,182.03,1,1,1,1
34,1663,1353.83,207.38,104.12,104.3,1,1,1,0
34,1664,1625.0,54.63,236.55,250.27,1,1,1,1
35,1662,438.4,180.1,165.72,180.76,1,1,1,1
35,1663,1341.81,214.28,102.55,102.78,1,1,1,0
35,1664,1612.97,60.43,236.71,248.6,1,1,1,1
36,1662,445.91,189.42,163.95,178.42,1,1,1,1
36,1663,1328.81,221.71,101.78,102.31,1,1,1,0
36,1664,1597.39,66.75,236.95,246.78,1,1,1,1
37,1662,455.31,198.71,160.57,174.27,1,1,1,1
37,1663,1317.4,232.19,97.54,97.94,1,1,1,0
37,1664,1579.85,75.76,235.34,243.59,1,1,1,1
38,1662,464.76,208.17,157.05,169.85,1,1,1,1
38,1663,1306.95,240.46,94.38,94.67,1,1,1,0
38,1664,1562.55,86.83,231.15,238.23,1,1,1,1
39,1662,470.68,214.92,155.23,167.27,1,1,1,1
39,1663,1297.12,246.07,94.56,95.24,1,1,1,0
39,1664,1548.14,97.44,225.28,231.26,1,1,1,1
40,1662,477.29,220.64,151.76,162.96,1,1,1,1
40,1663,1289.93,251.29,92.76,93.76,1,1,1,0
40,1664,1535.52,108.41,219.11,224.15,1,1,1,1
41,1662,480.96,224.56,148.42,158.81,1,1,1,1
41,1663,1284.36,255.46,90.56,91.62,1,1,1,0
41,1664,1526.37,112.89,217.11,221.36,1,1,1,1
42,1662,483.63,227.6,144.9,154.33,1,1,1,1
42,1663,1279.56,257.61,91.13,92.5,1,1,1,0
42,1664,1520.53,117.73,214.15,217.21,1,1,1,1
43,1662,484.62,229.0,141.3,149.43,1,1,1,1
43,1663,1275.81,258.46,91.03,92.64,1,1,1,0
43,1664,1516.31,120.27,213.32,215.01,1,1,1,1
44,1662,484.59,230.21,139.32,146.23,1,1,1,1
44,1663,1272.06,259.21,91.52,93.73,1,1,1,0
44,1664,1511.91,119.66,214.7,215.86,1,1,1,1
45,1662,483.52,230.68,138.11,143.77,1,1,1,1
45,1663,1268.76,260.16,91.24,93.96,1,1,1,0
45,1664,1508.42,120.6,214.84,215.11,1,1,1,1
46,1662,482.02,231.1,138.75,143.41,1,1,1,1
46,1663,1267.1,262.77,87.73,90.27,1,1,1,0
46,1664,1504.19,118.95,216.68,216.36,1,1,1,1
47,1662,480.28,231.94,140.08,143.99,1,1,1,1
47,1663,1264.7,264.61,85.78,88.08,1,1,1,0
47,1664,1500.3,120.09,216.19,215.6,1,1,1,1
48,1662,478.43,232.33,141.49,144.7,1,1,1,1
48,1663,1261.86,266.37,84.62,86.91,1,1,1,0
48,1664,1496.78,119.67,217.58,216.7,1,1,1,1
49,1662,478.01,232.98,140.23,142.44,1,1,1,1
49,1663,1258.78,266.3,85.47,87.72,1,1,1,0
49,1664,1492.26,122.2,215.45,214.37,1,1,1,1
50,1662,475.75,233.31,140.29,141.27,1,1,1,1
50,1663,1256.2,266.79,85.83,88.05,1,1,1,0
50,1664,1489.02,120.62,216.72,215.77,1,1,1,1
51,1662,473.31,233.95,141.08,140.71,1,1,1,1
51,1663,1253.13,267.48,85.79,88.21,1,1,1,0
51,1664,1487.25,122.44,215.6,214.24,1,1,1,1
52,1662,471.59,234.51,142.02,140.77,1,1,1,1
52,1663,1250.77,268.05,85.37,87.89,1,1,1,0
52,1664,1485.3,123.08,215.06,213.27,1,1,1,1
53,1662,469.31,234.65,144.47,142.86,1,1,1,1
53,1663,1247.73,269.48,85.08,87.69,1,1,1,0
53,1664,1481.87,124.34,214.3,212.25,1,1,1,1
54,1662,468.05,235.64,145.03,143.29,1,1,1,1
54,1663,1246.22,270.25,84.47,87.33,1,1,1,0
54,1664,1477.95,125.53,213.29,211.12,1,1,1,1
55,1662,466.29,235.95,145.06,143.29,1,1,1,1
55,1663,1244.57,270.56,83.53,86.52,1,1,1,0
55,1664,1475.84,126.95,211.42,208.89,1,1,1,1
56,1662,465.3,236.41,144.96,143.12,1,1,1,1
56,1663,1242.75,271.31,82.71,85.73,1,1,1,0
56,1664,1473.36,125.65,212.9,210.06,1,1,1,1
57,1662,464.24,236.53,145.15,143.49,1,1,1,1
57,1663,1240.46,271.33,82.72,85.85,1,1,1,0
57,1664,1471.34,126.55,212.8,209.29,1,1,1,1
58,1662,463.41,236.63,144.56,142.75,1,1,1,1
58,1663,1238.2,271.19,82.6,85.82,1,1,1,0
58,1664,1467.98,127.58,211.93,207.89,1,1,1,1
59,1662,461.54,236.52,145.09,143.2,1,1,1,1
59,1663,1236.82,271.18,82.28,85.52,1,1,1,0
59,1664,1463.42,126.41,213.72,209.72,1,1,1,1
60,1662,459.89,236.75,144.87,142.69,1,1,1,1
60,1663,1235.28,271.34,81.26,84.63,1,1,1,0
60,1664,1460.06,128.42,211.63,207.54,1,1,1,1
61,1662,459.43,236.5,143.72,141.22,1,1,1,1
61,1663,1232.87,270.55,81.2,84.71,1,1,1,0
61,1664,1456.31,128.68,211.34,207.2,1,1,1,1
62,1662,458.0,236.57,143.89,141.09,1,1,1,1
62,1663,1231.86,271.23,80.41,83.96,1,1,1,0
62,1664,1454.48,129.09,210.81,206.55,1,1,1,1
63,1662,458.68,236.77,141.59,138.06,1,1,1,1
63,1663,1230.01,270.65,80.09,83.69,1,1,1,0
63,1664,1450.24,128.35,211.63,207.39,1,1,1,1
64,1662,458.72,236.82,140.44,136.14,1,1,1,1
64,1663,1228.86,270.21,79.89,83.61,1,1,1,0
64,1664,1447.58,128.24,211.2,207.13,1,1,1,1
65,1662,458.34,236.81,140.89,135.87,1,1,1,1
65,1663,1226.44,269.32,80.4,84.29,1,1,1,0
65,1664,1444.82,129.21,210.05,206.01,1,1,1,1
66,1662,456.96,236.69,143.18,137.71,1,1,1,1
66,1663,1225.15,268.88,79.96,83.86,1,1,1,0
66,1664,1443.01,129.55,209.87,205.62,1,1,1,1
67,1662,455.39,236.63,144.62,138.82,1,1,1,1
67,1663,1223.96,268.3,79.79,83.71,1,1,1,0
67,1664,1440.84,130.15,209.86,205.39,1,1,1,1
68,1662,455.21,236.8,144.4,138.26,1,1,1,1
68,1663,1223.04,268.67,79.66,83.66,1,1,1,0
68,1664,1439.0,131.25,208.98,204.43,1,1,1,1
69,1662,454.37,237.04,145.11,138.86,1,1,1,1
69,1663,1221.02,269.2,79.13,83.26,1,1,1,0
69,1664,1437.84,132.03,208.26,203.29,1,1,1,1
70,1662,454.23,237.52,146.28,140.1,1,1,1,1
70,1663,1219.85,270.1,78.73,83.01,1,1,1,0
70,1664,1435.27,133.65,207.7,202.54,1,1,1,1
71,1662,454.3,237.69,146.12,139.98,1,1,1,1
71,1663,1218.52,269.73,78.91,83.43,1,1,1,0
71,1664,1433.56,134.63,207.64,202.28,1,1,1,1
72,1662,454.51,237.64,146.14,140.03,1,1,1,1
72,1663,1218.16,269.78,78.87,83.6,1,1,1,0
72,1664,1431.41,135.26,207.66,202.11,1,1,1,1
73,1662,454.77,237.61,145.43,139.46,1,1,1,1
73,1663,1217.12,269.79,78.81,83.66,1,1,1,0
73,1664,1429.85,135.87,207.79,202.07,1,1,1,1
74,1662,454.9,237.79,145.52,139.85,1,1,1,1
74,1663,1216.37,269.69,78.43,83.4,1,1,1,0
74,1664,1428.43,136.01,208.12,202.53,1,1,1,1
75,1662,455.62,237.85,145.04,139.6,1,1,1,1
75,1663,1216.78,270.14,77.44,82.4,1,1,1,0
75,1664,1427.71,135.39,208.82,203.17,1,1,1,1
76,1662,457.76,238.46,144.33,139.11,1,1,1,1
76,1663,1216.05,270.61,76.96,82.13,1,1,1,0
76,1664,1426.52,136.82,207.92,202.33,1,1,1,1
77,1662,460.34,238.68,143.32,138.34,1,1,1,1
77,1663,1215.67,270.77,76.72,82.04,1,1,1,0
77,1664,1425.1,138.69,206.51,201.07,1,1,1,1
78,1662,462.35,238.65,142.87,138.15,1,1,1,1
78,1663,1216.08,272.03,76.02,81.42,1,1,1,0
78,1664,1424.8,139.91,205.68,200.07,1,1,1,1
79,1662,463.78,238.43,142.51,137.89,1,1,1,1
79,1663,1216.04,272.19,75.84,81.29,1,1,1,0
79,1664,1424.93,140.39,205.05,199.46,1,1,1,1
80,1662,464.94,238.44,142.3,137.7,1,1,1,1
80,1663,1216.31,272.44,75.7,81.25,1,1,1,0
80,1664,1425.1,140.63,204.74,199.15,1,1,1,1
81,1662,465.68,238.44,143.59,139.23,1,1,1,1
81,1663,1216.79,272.92,74.95,80.45,1,1,1,0
81,1664,1425.17,140.6,204.73,199.15,1,1,1,1
82,1662,467.0,238.43,143.92,140.01,1,1,1,1
82,1663,1217.16,273.49,74.36,79.76,1,1,1,0
82,1664,1424.34,142.05,203.38,197.88,1,1,1,1
83,1662,468.74,237.93,144.29,141.0,1,1,1,1
83,1663,1218.0,272.89,74.01,79.51,1,1,1,0
83,1664,1423.95,142.27,203.12,197.71,1,1,1,1
84,1662,469.43,237.83,145.51,143.06,1,1,1,1
84,1663,1218.55,273.05,74.27,79.83,1,1,1,0
84,1664,1424.12,142.88,202.52,197.12,1,1,1,1
85,1662,472.15,237.8,143.37,141.46,1,1,1,1
85,1663,1218.77,272.7,74.35,79.96,1,1,1,0
85,1664,1424.26,143.18,202.23,196.82,1,1,1,1
86,1662,473.22,237.28,143.21,141.93,1,1,1,1
86,1663,1219.84,272.76,74.05,79.62,1,1,1,0
86,1664,1424.41,143.61,202.02,196.58,1,1,1,1
87,1662,474.75,236.29,142.41,141.7,1,1,1,1
87,1663,1219.54,271.78,74.96,80.7,1,1,1,0
87,1664,1424.73,144.1,201.49,195.95,1,1,1,1
88,1662,476.18,235.52,141.52,141.21,1,1,1,1
88,1663,1219.99,271.61,74.57,80.32,1,1,1,0
88,1664,1424.49,144.81,200.48,194.99,1,1,1,1
89,1662,476.99,234.64,141.77,142.01,1,1,1,1
89,1663,1219.27,271.34,74.24,80.17,1,1,1,0
89,1664,1423.47,144.76,200.44,194.75,1,1,1,1
90,1662,479.21,234.22,139.55,140.03,1,1,1,1
90,1663,1219.33,270.54,73.46,79.43,1,1,1,0
90,1664,1422.52,144.86,200.01,194.32,1,1,1,1
91,1662,481.15,233.67,137.41,138.07,1,1,1,1
91,1663,1219.42,270.15,73.04,79.05,1,1,1,0
91,1664,1420.99,145.13,199.07,193.54,1,1,1,1
92,1662,481.68,233.57,136.75,137.43,1,1,1,1
92,1663,1218.29,269.2,73.23,79.31,1,1,1,0
92,1664,1421.56,145.51,198.1,192.36,1,1,1,1
93,1662,482.24,233.15,136.49,137.21,1,1,1,1
93,1663,1217.88,268.65,73.28,79.42,1,1,1,0
93,1664,1420.73,147.89,195.1,189.29,1,1,1,1
94,1662,482.66,232.5,136.1,136.84,1,1,1,1
94,1663,1217.95,268.56,72.88,78.97,1,1,1,0
94,1664,1419.29,146.95,196.31,190.17,1,1,1,1
95,1662,482.83,231.97,135.48,136.21,1,1,1,1
95,1663,1218.14,268.13,72.43,78.4,1,1,1,0
95,1664,1418.45,145.64,197.43,191.08,1,1,1,1
96,1662,482.8,231.39,135.96,136.79,1,1,1,1
96,1663,1217.5,267.58,72.9,78.8,1,1,1,0
96,1664,1417.22,146.07,196.56,190.09,1,1,1,1
97,1662,483.34,231.28,136.39,137.32,1,1,1,1
97,1663,1217.6,267.78,72.01,77.76,1,1,1,0
97,1664,1415.48,147.17,195.67,188.99,1,1,1,1
98,1662,483.84,230.96,136.52,137.62,1,1,1,1
98,1663,1217.03,267.97,71.33,76.87,1,1,1,0
98,1664,1414.39,148.48,194.69,187.7,1,1,1,1
99,1662,484.57,230.55,135.82,137.05,1,1,1,1
99,1663,1216.74,267.75,71.23,76.65,1,1,1,0
99,1664,1413.06,148.4,194.66,187.39,1,1,1,1
100,1662,484.91,230.21,136.18,137.63,1,1,1,1
100,1663,1216.08,267.38,71.13,76.47,1,1,1,0
100,1664,1411.58,148.25,195.1,187.6,1,1,1,1
101,1662,485.51,230.2,134.54,135.77,1,1,1,1
101,1663,1215.99,267.24,70.81,76.02,1,1,1,0
101,1664,1409.56,149.63,193.49,186.06,1,1,1,1
102,1662,486.52,229.71,133.29,134.36,1,1,1,1
102,1663,1214.93,266.9,71.16,76.36,1,1,1,0
102,1664,1406.8,150.68,192.18,184.95,1,1,1,1
103,1662,487.48,229.43,132.23,133.15,1,1,1,1
103,1663,1214.54,266.38,71.31,76.5,1,1,1,0
103,1664,1406.07,152.01,191.19,183.81,1,1,1,1
104,1662,488.55,229.45,131.56,132.21,1,1,1,1
104,1663,1213.72,266.3,71.15,76.26,1,1,1,0
104,1664,1403.95,152.33,191.45,183.96,1,1,1,1
105,1662,489.73,229.36,131.52,131.98,1,1,1,1
105,1663,1213.45,266.37,71.05,76.08,1,1,1,0
105,1664,1401.93,151.88,192.52,184.79,1,1,1,1
106,1662,491.19,229.24,130.83,131.21,1,1,1,1
106,1663,1211.72,266.81,70.3,75.22,1,1,1,0
106,1664,1399.85,151.94,192.48,184.48,1,1,1,1
107,1662,491.92,229.41,131.37,131.75,1,1,1,1
107,1663,1211.24,267.18,69.74,74.51,1,1,1,0
107,1664,1397.5,152.24,192.55,184.28,1,1,1,1
108,1662,494.24,229.58,129.01,129.07,1,1,1,1
108,1663,1210.67,267.63,69.13,73.75,1,1,1,0
108,1664,1395.84,152.24,192.64,184.13,1,1,1,1
109,1662,495.69,229.86,128.33,128.08,1,1,1,1
109,1663,1209.72,268.2,69.24,73.88,1,1,1,0
109,1664,1392.68,151.67,193.1,184.63,1,1,1,1
110,1662,498.3,230.26,126.68,126.23,1,1,1,1
110,1663,1208.79,269.11,68.88,73.44,1,1,1,0
110,1664,1390.93,152.84,191.34,182.45,1,1,1,1
111,1662,500.41,230.62,125.54,124.96,1,1,1,1
111,1663,1207.19,269.35,68.91,73.59,1,1,1,0
111,1664,1388.03,154.12,190.5,181.38,1,1,1,1
112,1662,502.2,230.96,124.44,123.72,1,1,1,1
112,1663,1206.76,269.54,68.63,73.36,1,1,1,0
112,1664,1385.81,155.19,189.41,180.2,1,1,1,1
113,1662,502.96,231.18,123.57,122.59,1,1,1,1
113,1663,1205.96,269.3,68.27,72.98,1,1,1,0
113,1664,1383.67,154.42,190.18,180.74,1,1,1,1
114,1662,503.56,231.17,122.93,121.71,1,1,1,1
114,1663,1205.85,269.2,67.81,72.45,1,1,1,0
114,1664,1381.9,153.91,190.97,181.36,1,1,1,1
115,1662,503.19,230.65,123.21,121.72,1,1,1,1
115,1663,1204.91,268.86,67.92,72.56,1,1,1,0
115,1664,1380.85,153.96,190.6,180.76,1,1,1,1
116,1662,502.9,230.26,123.15,121.55,1,1,1,1
116,1663,1204.88,268.73,67.75,72.41,1,1,1,0
116,1664,1379.89,154.26,190.15,180.05,1,1,1,1
117,1662,502.9,230.12,123.27,121.53,1,1,1,1
117,1663,1205.38,269.08,67.14,71.77,1,1,1,0
117,1664,1378.39,154.77,189.21,179.0,1,1,1,1
118,1662,502.89,229.96,123.48,121.64,1,1,1,1
118,1663,1204.4,268.81,67.3,71.94,1,1,1,0
118,1664,1377.4,153.75,189.87,179.63,1,1,1,1
119,1662,502.63,229.31,123.83,121.91,1,1,1,1
119,1663,1204.28,268.31,67.31,72.01,1,1,1,0
119,1664,1377.29,153.4,189.72,179.43,1,1,1,1
120,1662,501.62,228.47,124.35,122.43,1,1,1,1
120,1663,1204.09,268.12,66.85,71.65,1,1,1,0
120,1664,1376.03,153.02,189.04,178.62,1,1,1,1
121,1662,501.14,227.96,124.73,122.85,1,1,1,1
121,1663,1203.37,268.05,67.22,72.12,1,1,1,0
121,1664,1374.52,151.92,189.39,178.88,1,1,1,1
122,1662,500.56,227.28,125.24,123.51,1,1,1,1
122,1663,1203.14,267.73,66.92,72.01,1,1,1,0
122,1664,1373.63,151.51,188.67,178.0,1,1,1,1
123,1662,499.63,226.63,125.85,124.17,1,1,1,1
123,1663,1203.17,267.11,66.63,71.87,1,1,1,0
123,1664,1373.18,150.31,188.76,177.93,1,1,1,1
124,1662,498.94,226.3,125.96,124.33,1,1,1,1
124,1663,1202.37,267.08,66.18,71.42,1,1,1,0
124,1664,1372.81,150.37,187.72,176.62,1,1,1,1
125,1662,498.51,225.99,125.92,124.39,1,1,1,1
125,1663,1201.56,266.77,65.86,71.16,1,1,1,0
125,1664,1372.29,149.05,188.2,176.89,1,1,1,1
126,1662,497.93,225.39,126.35,124.91,1,1,1,1
126,1663,1201.14,266.06,66.02,71.47,1,1,1,0
126,1664,1370.89,147.51,189.27,177.85,1,1,1,1
127,1662,497.59,224.88,126.17,124.81,1,1,1,1
127,1663,1200.35,265.11,66.21,71.89,1,1,1,0
127,1664,1370.85,147.5,188.81,177.48,1,1,1,1
128,1662,497.14,224.1,125.75,124.38,1,1,1,1
128,1663,1199.78,264.46,66.46,72.35,1,1,1,0
128,1664,1368.96,146.56,189.29,178.1,1,1,1,1
129,1662,496.63,223.62,125.68,124.21,1,1,1,1
129,1663,1198.9,263.63,66.72,72.92,1,1,1,0
129,1664,1367.15,144.98,190.15,179.19,1,1,1,1
130,1662,495.97,223.06,125.62,124.15,1,1,1,1
130,1663,1198.44,262.83,66.33,72.84,1,1,1,0
130,1664,1365.63,143.26,190.64,179.95,1,1,1,1
131,1662,495.91,222.37,125.23,123.83,1,1,1,1
131,1663,1197.91,262.14,66.54,73.41,1,1,1,0
131,1664,1365.14,141.74,190.75,180.34,1,1,1,1
132,1662,496.21,221.82,124.45,123.02,1,1,1,1
132,1663,1197.29,261.41,66.32,73.52,1,1,1,0
132,1664,1364.19,140.6,190.81,180.68,1,1,1,1
133,1662,495.77,221.14,124.29,122.81,1,1,1,1
133,1663,1197.28,261.14,65.03,72.37,1,1,1,0
133,1664,1362.85,138.95,191.3,181.25,1,1,1,1
134,1662,495.1,220.6,124.07,122.44,1,1,1,1
134,1663,1196.03,260.06,65.08,72.72,1,1,1,0
134,1664,1363.47,138.02,190.89,180.62,1,1,1,1
135,1662,494.16,220.02,124.18,122.51,1,1,1,1
135,1663,1196.46,259.38,63.75,71.37,1,1,1,0
135,1664,1362.53,136.25,191.57,181.42,1,1,1,1
136,1662,493.34,219.62,124.57,122.94,1,1,1,1
136,1663,1194.85,258.94,63.65,71.45,1,1,1,0
136,1664,1361.3,135.28,192.06,182.06,1,1,1,1
137,1662,492.73,218.99,125.16,123.61,1,1,1,1
137,1663,1193.17,259.0,64.61,72.69,1,1,1,0
137,1664,1360.24,135.0,191.91,182.05,1,1,1,1
138,1662,492.63,218.77,124.77,123.27,1,1,1,1
138,1663,1192.49,258.44,64.33,72.56,1,1,1,0
138,1664,1359.42,135.13,191.18,181.64,1,1,1,1
139,1662,491.74,218.01,125.55,124.23,1,1,1,1
139,1663,1191.82,257.45,63.93,72.31,1,1,1,0
139,1664,1359.26,134.96,190.66,181.13,1,1,1,1
140,1662,491.55,217.84,125.19,124.1,1,1,1,1
140,1663,1191.19,257.2,63.0,71.32,1,1,1,0
140,1664,1359.42,134.93,190.1,180.54,1,1,1,1
141,1662,491.31,217.5,125.02,124.15,1,1,1,1
141,1663,1190.53,257.43,62.34,70.64,1,1,1,0
141,1664,1358.77,134.65,189.79,180.41,1,1,1,1
142,1662,491.1,217.39,124.44,123.77,1,1,1,1
142,1663,1189.61,256.63,62.31,70.5,1,1,1,0
142,1664,1359.15,133.42,190.08,180.91,1,1,1,1
143,1662,490.8,216.96,124.29,123.82,1,1,1,1
143,1663,1188.02,256.25,62.47,70.75,1,1,1,0
143,1664,1358.7,133.03,189.83,180.85,1,1,1,1
144,1662,490.44,216.82,123.95,123.64,1,1,1,1
144,1663,1186.93,255.72,62.77,71.05,1,1,1,0
144,1664,1358.2,132.07,190.45,181.47,1,1,1,1
145,1662,490.44,216.68,123.59,123.47,1,1,1,1
145,1663,1185.71,255.24,63.37,71.86,1,1,1,0
145,1664,1358.09,131.63,190.58,181.61,1,1,1,1
146,1662,490.17,216.55,123.62,123.71,1,1,1,1
146,1663,1184.9,254.88,63.18,71.77,1,1,1,0
146,1664,1358.92,130.79,190.52,181.56,1,1,1,1
147,1662,489.69,216.31,123.63,124.0,1,1,1,1
147,1663,1183.87,254.76,63.05,71.74,1,1,1,0
147,1664,1359.0,129.16,190.99,182.08,1,1,1,1
148,1662,489.0,216.03,123.88,124.51,1,1,1,1
148,1663,1182.02,254.14,63.19,72.12,1,1,1,0
148,1664,1358.68,128.67,190.32,181.38,1,1,1,1
149,1662,488.48,215.94,124.13,125.1,1,1,1,1
149,1663,1180.62,253.52,63.14,72.27,1,1,1,0
149,1664,1358.32,128.76,188.97,179.87,1,1,1,1
150,1662,487.99,215.72,124.04,125.31,1,1,1,1
150,1663,1179.94,253.5,61.9,71.13,1,1,1,0
150,1664,1358.24,128.48,188.37,179.04,1,1,1,1
151,1662,486.94,215.45,124.17,125.79,1,1,1,1
151,1663,1178.69,252.81,60.72,69.99,1,1,1,0
151,1664,1357.07,127.35,188.87,179.39,1,1,1,1
152,1662,486.44,215.46,124.06,126.06,1,1,1,1
152,1663,1177.25,253.07,61.1,70.88,1,1,1,0
152,1664,1355.77,126.9,189.22,179.88,1,1,1,1
153,1662,486.01,215.47,124.15,126.56,1,1,1,1
153,1663,1175.87,252.79,60.62,70.81,1,1,1,0
153,1664,1355.04,126.16,189.86,180.46,1,1,1,1
154,1662,485.08,215.19,124.55,127.43,1,1,1,1
154,1663,1173.74,252.39,60.56,71.09,1,1,1,0
154,1664,1354.68,124.86,191.92,182.43,1,1,1,1
155,1662,483.89,214.89,125.23,128.55,1,1,1,1
155,1663,1171.73,251.76,59.87,70.5,1,1,1,0
155,1664,1353.48,123.94,193.26,183.81,1,1,1,1
156,1662,483.01,214.78,125.59,129.35,1,1,1,1
156,1663,1169.51,251.93,60.24,71.28,1,1,1,0
156,1664,1352.84,124.62,192.59,183.34,1,1,1,1
157,1662,482.94,214.85,124.86,128.95,1,1,1,1
157,1663,1167.07,251.81,60.51,71.97,1,1,1,0
157,1664,1350.83,124.55,192.72,183.69,1,1,1,1
158,1662,482.5,214.99,124.24,128.69,1,1,1,1
158,1663,1164.26,251.98,59.73,71.24,1,1,1,0
158,1664,1349.71,123.96,193.52,184.81,1,1,1,1
159,1662,482.19,215.04,123.15,127.78,1,1,1,1
159,1663,1161.06,251.75,59.85,71.65,1,1,1,0
159,1664,1349.46,123.85,193.52,185.12,1,1,1,1
160,1662,481.59,215.07,122.55,127.42,1,1,1,1
160,1663,1158.61,251.78,60.13,72.31,1,1,1,0
160,1664,1348.02,122.93,194.68,186.71,1,1,1,1
161,1662,481.05,215.49,122.19,127.28,1,1,1,1
161,1663,1156.33,252.19,59.13,71.36,1,1,1,0
161,1664,1347.25,123.05,194.02,186.66,1,1,1,1
162,1662,480.63,215.55,121.36,126.53,1,1,1,1
162,1663,1152.09,252.06,60.07,72.69,1,1,1,0
162,1664,1345.84,122.23,194.46,187.51,1,1,1,1
163,1662,479.26,215.27,121.51,126.74,1,1,1,1
163,1663,1148.96,251.22,60.47,73.39,1,1,1,0
163,1664,1344.36,122.23,193.41,186.73,1,1,1,1
164,1662,478.01,215.27,121.9,127.32,1,1,1,1
164,1663,1146.67,251.11,59.83,72.66,1,1,1,0
164,1664,1343.5,121.4,193.67,187.06,1,1,1,1
165,1662,476.34,215.37,122.9,128.63,1,1,1,1
165,1663,1141.75,250.78,60.7,73.66,1,1,1,0
165,1664,1342.0,121.26,192.99,186.63,1,1,1,1
166,1662,474.56,215.61,123.26,129.12,1,1,1,1
166,1663,1137.82,250.76,61.39,74.53,1,1,1,0
166,1664,1339.85,121.02,192.78,186.65,1,1,1,1
167,1662,472.2,215.9,124.84,131.29,1,1,1,1
167,1663,1133.4,251.15,62.17,75.45,1,1,1,0
167,1664,1338.46,120.55,192.34,186.65,1,1,1,1
168,1662,469.75,216.01,127.04,134.47,1,1,1,1
168,1663,1128.25,251.02,63.27,76.28,1,1,1,0
168,1664,1337.48,120.49,191.58,186.24,1,1,1,1
169,1662,468.53,216.35,127.34,135.56,1,1,1,1
169,1663,1125.87,251.46,62.35,74.71,1,1,1,0
169,1664,1335.66,120.29,191.11,186.08,1,1,1,1
170,1662,467.54,216.87,127.0,135.76,1,1,1,1
170,1663,1124.46,251.94,60.88,72.59,1,1,1,0
170,1664,1333.53,121.02,190.71,186.21,1,1,1,1
171,1662,465.91,217.17,127.08,136.3,1,1,1,1
171,1663,1120.41,251.32,62.0,73.6,1,1,1,0
171,1664,1331.49,120.32,191.55,187.45,1,1,1,1
172,1662,464.62,217.87,126.54,136.08,1,1,1,1
172,1663,1117.22,251.09,61.99,73.17,1,1,1,0
172,1664,1329.82,121.55,190.59,186.72,1,1,1,1
173,1662,463.09,218.53,126.51,136.37,1,1,1,1
173,1663,1115.15,252.2,60.76,71.21,1,1,1,0
173,1664,1327.91,122.13,191.29,187.53,1,1,1,1
174,1662,462.71,219.07,125.4,135.37,1,1,1,1
174,1663,1112.33,252.43,60.62,70.47,1,1,1,0
174,1664,1324.97,122.45,191.34,187.93,1,1,1,1
175,1662,461.03,219.16,125.36,135.66,1,1,1,1
175,1663,1109.55,251.4,61.06,70.51,1,1,1,0
175,1664,1322.92,121.58,193.35,190.06,1,1,1,1
176,1662,459.56,218.99,125.11,135.75,1,1,1,1
176,1663,1107.8,250.82,60.45,69.33,1,1,1,0
176,1664,1319.74,121.85,192.7,189.87,1,1,1,1
177,1662,457.76,218.62,124.43,135.28,1,1,1,1
177,1663,1104.73,250.81,62.09,71.11,1,1,1,0
177,1664,1316.82,121.31,192.81,190.22,1,1,1,1
178,1662,456.26,218.17,124.31,135.58,1,1,1,1
178,1663,1102.27,250.51,61.53,70.29,1,1,1,0
178,1664,1313.94,121.11,191.79,189.55,1,1,1,1
179,1662,454.99,217.3,124.17,135.79,1,1,1,1
179,1663,1099.53,249.5,61.96,70.88,1,1,1,0
179,1664,1310.18,121.78,190.5,188.74,1,1,1,1
180,1662,452.92,216.67,124.22,136.35,1,1,1,1
180,1663,1097.44,249.43,61.25,70.01,1,1,1,0
180,1664,1307.99,121.74,190.15,188.32,1,1,1,1
181,1662,451.84,216.34,123.75,136.26,1,1,1,1
181,1663,1095.35,249.51,59.82,68.38,1,1,1,0
181,1664,1303.93,120.98,190.28,188.7,1,1,1,1
182,1662,450.22,216.31,122.93,135.51,1,1,1,1
182,1663,1092.55,249.25,58.72,66.87,1,1,1,0
182,1664,1301.58,121.94,188.95,187.4,1,1,1,1
183,1662,448.8,216.31,121.56,134.03,1,1,1,1
183,1663,1089.7,248.65,58.93,66.83,1,1,1,0
183,1664,1297.18,121.71,189.29,187.91,1,1,1,1
184,1662,447.56,216.31,120.96,133.46,1,1,1,1
184,1663,1087.48,248.14,58.32,65.73,1,1,1,0
184,1664,1292.96,121.42,189.97,189.09,1,1,1,1
185,1662,446.66,216.72,120.54,133.05,1,1,1,1
185,1663,1084.76,248.16,57.27,64.12,1,1,1,0
185,1664,1290.77,123.05,188.45,187.8,1,1,1,1
186,1662,445.5,217.27,120.14,132.7,1,1,1,1
186,1663,1082.01,247.87,56.54,62.84,1,1,1,0
186,1664,1286.88,123.58,187.84,187.4,1,1,1,1
187,1662,443.6,217.08,121.05,133.97,1,1,1,1
187,1663,1079.0,248.08,56.45,62.3,1,1,1,0
187,1664,1282.72,125.71,186.86,186.51,1,1,1,1
188,1662,442.05,217.6,121.16,134.26,1,1,1,1
188,1663,1076.25,248.37,56.69,62.32,1,1,1,0
188,1664,1278.94,125.56,187.94,187.92,1,1,1,1
189,1662,440.59,218.2,121.49,134.76,1,1,1,1
189,1663,1072.84,247.98,58.57,64.47,1,1,1,0
189,1664,1275.03,127.87,185.62,186.26,1,1,1,1
190,1662,439.18,218.62,121.45,134.75,1,1,1,1
190,1663,1069.97,248.14,59.46,65.58,1,1,1,0
190,1664,1272.61,128.24,186.86,187.73,1,1,1,1
191,1662,437.97,219.27,121.3,134.44,1,1,1,1
191,1663,1067.73,248.4,59.14,65.22,1,1,1,0
191,1664,1271.15,129.9,185.51,186.55,1,1,1,1
192,1662,436.44,219.91,121.92,135.12,1,1,1,1
192,1663,1065.73,248.61,59.14,65.38,1,1,1,0
192,1664,1269.48,131.5,184.28,185.1,1,1,1,1
193,1662,435.32,220.84,122.14,135.28,1,1,1,1
193,1663,1063.09,249.58,59.14,65.55,1,1,1,0
193,1664,1266.31,133.98,182.77,183.46,1,1,1,1
194,1662,434.41,221.97,122.11,135.13,1,1,1,1
194,1663,1061.19,250.95,58.76,65.22,1,1,1,0
194,1664,1263.89,134.83,183.29,183.51,1,1,1,1
195,1662,433.07,223.19,122.22,134.87,1,1,1,1
195,1663,1058.49,251.76,58.8,65.4,1,1,1,0
195,1664,1262.86,133.46,185.56,185.39,1,1,1,1
196,1662,432.29,224.32,122.12,134.28,1,1,1,1
196,1663,1055.73,252.35,59.3,66.16,1,1,1,0
196,1664,1261.43,134.21,185.52,184.81,1,1,1,1
197,1662,432.04,225.43,122.09,133.55,1,1,1,1
197,1663,1053.8,253.96,59.08,66.06,1,1,1,0
197,1664,1258.86,134.87,186.6,185.79,1,1,1,1
198,1662,431.75,226.23,122.57,133.48,1,1,1,1
198,1663,1052.08,255.15,58.78,65.82,1,1,1,0
198,1664,1256.61,136.18,186.57,185.87,1,1,1,1
199,1662,431.38,227.1,122.94,133.26,1,1,1,1
199,1663,1049.73,255.98,59.08,66.32,1,1,1,0
199,1664,1255.35,137.95,185.96,185.0,1,1,1,1
200,1662,430.68,228.2,123.51,133.18,1,1,1,1
200,1663,1047.61,257.27,58.66,65.92,1,1,1,0
200,1664,1253.59,139.83,185.32,184.03,1,1,1,1
201,1662,429.76,229.28,124.29,133.45,1,1,1,1
201,1663,1045.58,258.43,57.97,65.27,1,1,1,0
201,1664,1251.44,141.1,185.03,183.67,1,1,1,1
202,1662,429.07,230.46,124.94,133.56,1,1,1,1
202,1663,1043.7,260.94,57.73,65.12,1,1,1,0
202,1664,1250.16,142.19,184.46,182.69,1,1,1,1
203,1662,427.97,231.28,125.74,133.8,1,1,1,1
203,1663,1041.38,262.26,57.85,65.27,1,1,1,0
203,1664,1248.57,144.36,183.44,181.14,1,1,1,1
204,1662,426.61,232.55,126.79,134.29,1,1,1,1
204,1663,1038.95,264.61,58.0,65.63,1,1,1,0
204,1664,1247.32,147.49,181.33,178.21,1,1,1,1
205,1662,425.43,233.89,127.79,134.77,1,1,1,1
205,1663,1036.66,266.05,58.58,66.56,1,1,1,0
205,1664,1245.22,150.27,180.77,176.88,1,1,1,1
206,1662,424.21,235.36,128.57,134.95,1,1,1,1
206,1663,1034.69,267.16,58.81,67.11,1,1,1,0
206,1664,1242.84,151.5,182.33,178.17,1,1,1,1
207,1662,423.42,236.68,129.99,136.01,1,1,1,1
207,1663,1032.34,269.02,59.11,67.61,1,1,1,0
207,1664,1238.79,154.05,181.42,177.33,1,1,1,1
208,1662,423.22,238.82,129.59,134.92,1,1,1,1
208,1663,1030.15,271.17,58.79,67.5,1,1,1,0
208,1664,1236.71,156.15,182.35,178.24,1,1,1,1
209,1662,422.57,240.6,129.45,133.7,1,1,1,1
209,1663,1027.37,273.63,58.78,67.75,1,1,1,0
209,1664,1233.96,158.27,182.03,177.8,1,1,1,1
210,1662,419.93,242.12,131.84,135.33,1,1,1,1
210,1663,1025.39,275.8,58.43,67.54,1,1,1,0
210,1664,1231.51,159.81,182.92,178.65,1,1,1,1
211,1662,417.91,243.04,134.44,137.53,1,1,1,1
211,1663,1023.94,277.06,58.27,67.55,1,1,1,0
211,1664,1229.89,161.12,183.63,179.18,1,1,1,1
212,1662,416.33,243.65,135.14,137.67,1,1,1,1
212,1663,1022.48,278.28,57.83,67.16,1,1,1,0
212,1664,1228.95,162.64,183.16,178.7,1,1,1,1
213,1662,413.8,243.93,137.33,139.59,1,1,1,1
213,1663,1021.06,278.38,57.97,67.5,1,1,1,0
213,1664,1227.36,163.95,182.42,178.12,1,1,1,1
214,1662,410.95,243.8,139.64,141.89,1,1,1,1
214,1663,1019.71,277.97,58.24,68.03,1,1,1,0
214,1664,1226.07,164.28,182.51,178.21,1,1,1,1
215,1662,407.87,243.32,141.41,143.53,1,1,1,1
215,1663,1018.17,277.67,58.16,68.12,1,1,1,0
215,1664,1225.03,164.54,182.19,177.86,1,1,1,1
216,1662,406.24,242.81,142.68,144.82,1,1,1,1
216,1663,1016.74,277.02,58.38,68.45,1,1,1,0
216,1664,1223.72,163.19,183.28,178.93,1,1,1,1
217,1662,405.05,242.39,143.18,145.29,1,1,1,1
217,1663,1015.82,276.14,58.57,68.77,1,1,1,0
217,1664,1222.99,162.84,183.1,178.74,1,1,1,1
218,1662,404.81,242.2,143.43,145.44,1,1,1,1
218,1663,1014.81,275.68,58.52,68.78,1,1,1,0
218,1664,1222.48,163.66,181.66,177.28,1,1,1,1
219,1662,404.7,242.01,143.63,145.56,1,1,1,1
219,1663,1013.37,275.08,59.15,69.58,1,1,1,0
219,1664,1222.98,164.13,180.26,175.54,1,1,1,1
220,1662,404.69,241.92,143.72,145.58,1,1,1,1
220,1663,1012.54,274.75,59.29,69.77,1,1,1,0
220,1664,1221.41,164.28,179.78,174.89,1,1,1,1
221,1662,404.29,242.07,143.82,145.57,1,1,1,1
221,1663,1011.86,274.11,59.4,69.94,1,1,1,0
221,1664,1219.56,163.5,179.83,174.67,1,1,1,1
222,1662,403.56,242.22,144.27,146.03,1,1,1,1
222,1663,1011.21,273.26,59.56,70.19,1,1,1,0
222,1664,1217.55,162.38,180.6,175.2,1,1,1,1
223,1662,402.41,241.96,144.65,146.49,1,1,1,1
223,1663,1010.21,272.43,59.63,70.18,1,1,1,0
223,1664,1215.79,160.94,181.03,175.61,1,1,1,1
224,1662,402.27,242.35,144.27,146.15,1,1,1,1
224,1663,1009.65,272.02,59.33,69.67,1,1,1,0
224,1664,1214.68,160.09,181.4,175.88,1,1,1,1
225,1662,402.02,241.99,144.17,146.09,1,1,1,1
225,1663,1009.1,271.16,59.2,69.37,1,1,1,0
225,1664,1212.95,159.17,181.9,176.19,1,1,1,1
226,1662,402.05,241.95,144.34,146.36,1,1,1,1
226,1663,1008.9,270.45,59.22,69.25,1,1,1,0
226,1664,1211.13,159.51,181.34,175.61,1,1,1,1
227,1662,403.1,242.42,142.76,144.56,1,1,1,1
227,1663,1008.99,269.39,59.0,68.81,1,1,1,0
227,1664,1208.88,159.34,181.18,175.7,1,1,1,1
228,1662,403.92,242.19,142.97,144.66,1,1,1,1
228,1663,1009.13,268.59,59.58,69.44,1,1,1,0
228,1664,1207.78,158.19,182.14,176.83,1,1,1,1
229,1662,405.49,242.3,142.55,143.89,1,1,1,1
229,1663,1009.11,268.01,60.01,69.77,1,1,1,0
229,1664,1206.68,157.55,182.4,177.27,1,1,1,1
230,1662,407.11,242.53,141.94,142.8,1,1,1,1
230,1663,1009.66,267.7,59.91,69.6,1,1,1,0
230,1664,1206.27,156.62,183.0,177.93,1,1,1,1
231,1662,407.56,242.62,143.66,144.39,1,1,1,1
231,1663,1010.76,267.3,60.52,70.23,1,1,1,0
231,1664,1204.4,156.48,183.19,178.37,1,1,1,1
232,1662,409.65,242.74,143.23,143.5,1,1,1,1
232,1663,1011.5,266.97,60.93,70.66,1,1,1,0
232,1664,1204.31,155.74,183.73,179.23,1,1,1,1
233,1662,411.91,243.18,143.3,143.15,1,1,1,1
233,1663,1012.72,267.25,60.82,70.42,1,1,1,0
233,1664,1203.91,156.46,182.75,178.36,1,1,1,1
234,1662,413.54,243.24,144.15,143.72,1,1,1,1
234,1663,1013.82,267.57,61.11,70.72,1,1,1,0
234,1664,1204.46,157.44,181.49,177.12,1,1,1,1
235,1662,415.08,243.26,144.55,143.94,1,1,1,1
235,1663,1014.46,268.0,61.56,71.13,1,1,1,0
235,1664,1204.78,157.72,181.27,176.75,1,1,1,1
236,1662,416.75,243.06,145.26,144.42,1,1,1,1
236,1663,1015.86,268.67,61.01,70.38,1,1,1,0
236,1664,1203.96,157.63,180.75,176.42,1,1,1,1
237,1662,418.42,242.98,145.36,144.2,1,1,1,1
237,1663,1017.27,268.83,60.62,69.79,1,1,1,0
237,1664,1203.84,157.6,180.65,176.29,1,1,1,1
238,1662,419.95,242.54,145.91,144.51,1,1,1,1
238,1663,1018.8,268.99,60.05,69.07,1,1,1,0
238,1664,1203.23,156.49,181.81,177.35,1,1,1,1
239,1662,420.91,241.98,146.87,145.42,1,1,1,1
239,1663,1020.07,268.65,60.01,69.0,1,1,1,0
239,1664,1202.81,156.57,181.11,176.65,1,1,1,1
240,1662,422.22,241.57,147.25,145.76,1,1,1,1
240,1663,1020.45,267.83,60.95,70.08,1,1,1,0
240,1664,1201.33,155.21,181.55,177.39,1,1,1,1
241,1662,423.65,241.22,147.81,146.28,1,1,1,1
241,1663,1021.26,266.83,61.52,70.78,1,1,1,0
241,1664,1201.2,152.97,182.9,179.01,1,1,1,1
242,1662,425.11,240.69,147.68,146.07,1,1,1,1
242,1663,1022.01,266.16,62.38,71.93,1,1,1,0
242,1664,1201.2,151.79,183.37,179.76,1,1,1,1
243,1662,426.57,239.99,147.7,145.89,1,1,1,1
243,1663,1023.76,266.01,62.11,71.68,1,1,1,0
243,1664,1201.22,149.97,183.56,180.24,1,1,1,1
244,1662,427.87,239.04,147.73,145.51,1,1,1,1
244,1663,1025.16,265.97,61.27,70.77,1,1,1,0
244,1664,1202.13,148.5,183.46,180.41,1,1,1,1
245,1662,429.23,238.29,147.48,144.97,1,1,1,1
245,1663,1025.85,264.66,62.18,72.12,1,1,1,0
245,1664,1202.15,146.84,184.09,181.41,1,1,1,1
246,1662,429.84,237.62,147.9,145.16,1,1,1,1
246,1663,1026.35,263.1,62.77,73.31,1,1,1,0
246,1664,1201.7,144.75,184.89,182.87,1,1,1,1
247,1662,430.0,237.09,148.48,145.52,1,1,1,1
247,1663,1027.09,261.73,62.61,73.56,1,1,1,0
247,1664,1202.66,143.74,184.51,183.06,1,1,1,1
248,1662,429.93,236.5,148.88,145.66,1,1,1,1
248,1663,1027.58,260.63,62.09,73.44,1,1,1,0
248,1664,1203.2,143.4,184.06,183.11,1,1,1,1
249,1662,429.72,235.99,149.7,146.21,1,1,1,1
249,1663,1028.3,259.74,60.75,72.3,1,1,1,0
249,1664,1203.43,142.76,184.24,183.66,1,1,1,1
250,1662,429.77,235.62,149.69,145.82,1,1,1,1
250,1663,1028.64,259.42,60.04,71.85,1,1,1,0
250,1664,1203.62,142.35,184.1,183.86,1,1,1,1
251,1662,429.04,235.2,149.91,145.56,1,1,1,1
251,1663,1029.05,258.93,59.16,71.08,1,1,1,0
251,1664,1203.84,141.73,183.77,183.82,1,1,1,1
252,1662,428.6,234.65,150.25,145.47,1,1,1,1
252,1663,1029.5,258.37,59.0,71.19,1,1,1,0
252,1664,1202.65,140.64,184.58,185.08,1,1,1,1
253,1662,428.25,234.27,150.31,145.03,1,1,1,1
253,1663,1029.84,257.79,58.55,71.03,1,1,1,0
253,1664,1203.06,139.76,184.78,185.44,1,1,1,1
254,1662,427.79,233.74,150.54,144.86,1,1,1,1
254,1663,1030.61,257.49,57.85,70.48,1,1,1,0
254,1664,1204.14,139.46,184.59,185.36,1,1,1,1
255,1662,426.89,232.96,150.84,144.8,1,1,1,1
255,1663,1030.52,256.6,58.32,71.47,1,1,1,0
255,1664,1205.49,139.23,184.22,185.07,1,1,1,1
256,1662,426.44,232.18,150.35,143.88,1,1,1,1
256,1663,1031.13,256.19,57.96,71.34,1,1,1,0
256,1664,1206.83,139.07,184.01,184.65,1,1,1,1
257,1662,425.71,231.51,150.47,143.54,1,1,1,1
257,1663,1031.44,255.76,57.64,71.4,1,1,1,0
257,1664,1207.59,139.24,183.01,183.48,1,1,1,1
258,1662,424.45,230.88,150.89,143.42,1,1,1,1
258,1663,1032.66,255.32,56.87,70.92,1,1,1,0
258,1664,1209.33,139.38,182.1,182.18,1,1,1,1
259,1662,423.19,229.36,152.21,144.27,1,1,1,1
259,1663,1033.51,254.28,56.56,70.84,1,1,1,0
259,1664,1209.93,137.26,183.03,182.89,1,1,1,1
260,1662,422.35,228.72,152.25,143.9,1,1,1,1
260,1663,1034.54,253.51,55.79,70.21,1,1,1,0
260,1664,1210.53,135.93,183.01,182.91,1,1,1,1
261,1662,421.28,227.5,152.97,144.37,1,1,1,1
261,1663,1035.76,252.14,55.41,69.87,1,1,1,0
261,1664,1211.08,134.11,183.5,183.46,1,1,1,1
262,1662,419.3,226.67,154.45,145.54,1,1,1,1
262,1663,1036.89,250.66,55.48,70.15,1,1,1,0
262,1664,1211.98,132.21,183.87,183.92,1,1,1,1
263,1662,417.49,225.59,155.54,146.18,1,1,1,1
263,1663,1037.66,249.13,55.56,70.46,1,1,1,0
263,1664,1213.15,130.14,183.9,184.29,1,1,1,1
264,1662,416.38,224.81,156.04,146.22,1,1,1,1
264,1663,1038.33,247.69,55.58,70.68,1,1,1,0
264,1664,1214.58,126.11,185.06,185.72,1,1,1,1
265,1662,414.78,224.24,157.03,146.72,1,1,1,1
265,1663,1039.56,246.88,55.17,70.27,1,1,1,0
265,1664,1216.18,123.09,186.1,186.79,1,1,1,1
266,1662,412.96,223.16,158.7,148.0,1,1,1,1
266,1663,1040.25,245.71,55.31,70.61,1,1,1,0
266,1664,1217.91,120.62,186.59,187.19,1,1,1,1
267,1662,411.55,221.99,160.4,149.66,1,1,1,1
267,1663,1040.96,243.82,56.01,71.64,1,1,1,0
267,1664,1219.95,119.29,186.71,186.88,1,1,1,1
268,1662,411.99,220.98,160.33,149.69,1,1,1,1
268,1663,1042.12,242.64,56.02,71.72,1,1,1,0
268,1664,1221.82,117.46,187.65,187.55,1,1,1,1
269,1662,412.28,219.83,160.11,149.68,1,1,1,1
269,1663,1043.52,241.94,55.65,71.26,1,1,1,0
269,1664,1223.44,116.04,188.08,187.79,1,1,1,1
270,1662,412.8,218.44,160.03,149.86,1,1,1,1
270,1663,1045.28,240.52,55.38,70.88,1,1,1,0
270,1664,1224.65,113.03,190.13,189.7,1,1,1,1
271,1662,413.78,216.95,159.67,149.92,1,1,1,1
271,1663,1046.47,239.13,55.74,71.23,1,1,1,0
271,1664,1226.41,111.95,189.78,189.03,1,1,1,1
272,1662,415.22,216.03,159.01,149.92,1,1,1,1
272,1663,1048.25,238.04,55.53,70.97,1,1,1,0
272,1664,1226.91,111.31,189.08,188.05,1,1,1,1
273,1662,416.87,215.12,158.95,150.71,1,1,1,1
273,1663,1049.43,236.78,55.97,71.46,1,1,1,0
273,1664,1227.72,111.29,187.85,186.72,1,1,1,1
274,1662,417.55,213.92,159.6,152.29,1,1,1,1
274,1663,1050.68,235.65,56.03,71.45,1,1,1,0
274,1664,1228.72,109.35,188.69,187.61,1,1,1,1
275,1662,418.83,212.31,159.37,153.07,1,1,1,1
275,1663,1051.62,234.37,56.61,72.24,1,1,1,0
275,1664,1229.44,107.28,189.84,188.94,1,1,1,1
276,1662,420.05,211.24,158.2,152.85,1,1,1,1
276,1663,1053.07,233.73,56.95,72.73,1,1,1,0
276,1664,1230.31,105.16,190.96,190.42,1,1,1,1
277,1662,421.11,210.38,157.74,153.25,1,1,1,1
277,1663,1054.98,233.53,56.65,72.32,1,1,1,0
277,1664,1232.17,104.02,191.4,190.98,1,1,1,1
278,1662,421.27,209.6,158.41,154.87,1,1,1,1
278,1663,1056.52,233.1,56.41,71.96,1,1,1,0
278,1664,1233.83,101.96,192.75,192.36,1,1,1,1
279,1662,421.31,208.94,158.28,155.66,1,1,1,1
279,1663,1057.78,232.58,56.47,72.02,1,1,1,0
279,1664,1235.11,100.89,193.43,193.12,1,1,1,1
280,1662,421.46,208.53,157.54,155.75,1,1,1,1
280,1663,1059.05,232.21,56.39,72.04,1,1,1,0
280,1664,1235.45,99.85,193.89,193.68,1,1,1,1
281,1662,421.98,207.62,156.69,155.76,1,1,1,1
281,1663,1060.44,231.81,56.04,71.65,1,1,1,0
281,1664,1235.6,98.82,193.9,193.77,1,1,1,1
282,1662,421.81,206.91,156.3,156.14,1,1,1,1
282,1663,1061.74,231.29,55.86,71.3,1,1,1,0
282,1664,1236.52,98.29,193.66,193.59,1,1,1,1
283,1662,421.67,206.28,155.49,156.07,1,1,1,1
283,1663,1063.08,230.53,55.58,70.77,1,1,1,0
283,1664,1237.03,97.6,193.15,193.06,1,1,1,1
284,1662,421.35,205.68,154.11,155.03,1,1,1,1
284,1663,1064.58,229.47,55.79,70.77,1,1,1,0
284,1664,1237.97,96.44,192.97,192.59,1,1,1,1
285,1662,421.19,205.19,152.85,153.92,1,1,1,1
285,1663,1065.89,229.01,55.87,70.77,1,1,1,0
285,1664,1239.26,95.95,192.55,192.1,1,1,1,1
286,1662,420.66,204.43,152.51,153.7,1,1,1,1
286,1663,1067.11,228.56,55.94,70.78,1,1,1,0
286,1664,1239.81,94.32,193.76,193.2,1,1,1,1
287,1662,419.61,203.28,152.52,153.91,1,1,1,1
287,1663,1068.56,228.12,56.28,71.18,1,1,1,0
287,1664,1239.68,91.32,196.42,195.85,1,1,1,1
288,1662,418.27,202.48,152.42,153.79,1,1,1,1
288,1663,1070.38,227.39,56.17,71.13,1,1,1,0
288,1664,1239.6,89.83,197.41,196.83,1,1,1,1
289,1662,417.13,202.11,152.07,153.44,1,1,1,1
289,1663,1071.69,226.74,56.35,71.52,1,1,1,0
289,1664,1239.09,89.27,197.07,196.65,1,1,1,1
290,1662,415.64,201.41,152.11,153.31,1,1,1,1
290,1663,1073.25,225.92,56.59,71.66,1,1,1,0
290,1664,1239.2,89.01,196.25,195.86,1,1,1,1
291,1662,414.47,200.57,151.77,152.86,1,1,1,1
291,1663,1074.47,224.84,56.9,72.11,1,1,1,0
291,1664,1238.82,87.67,196.72,196.24,1,1,1,1
292,1662,413.12,199.69,151.92,152.89,1,1,1,1
292,1663,1075.88,224.46,56.59,71.68,1,1,1,0
292,1664,1238.25,85.72,197.71,197.26,1,1,1,1
293,1662,411.21,199.19,152.83,153.7,1,1,1,1
293,1663,1077.09,224.15,56.62,71.72,1,1,1,0
293,1664,1238.15,85.97,196.22,195.5,1,1,1,1
294,1662,409.29,198.53,154.05,154.9,1,1,1,1
294,1663,1079.01,223.76,56.79,72.13,1,1,1,0
294,1664,1237.85,86.82,194.52,193.62,1,1,1,1
295,1662,408.17,197.81,153.76,154.46,1,1,1,1
295,1663,1080.33,222.94,57.14,72.68,1,1,1,0
295,1664,1236.69,86.04,194.36,193.35,1,1,1,1
296,1662,407.05,196.88,153.93,154.58,1,1,1,1
296,1663,1082.04,222.65,56.32,71.69,1,1,1,0
296,1664,1235.53,85.73,194.15,193.0,1,1,1,1
297,1662,406.21,196.65,153.3,153.73,1,1,1,1
297,1663,1083.58,222.37,55.71,70.91,1,1,1,0
297,1664,1234.19,83.25,195.86,194.87,1,1,1,1
298,1662,405.32,196.09,153.09,153.3,1,1,1,1
298,1663,1084.9,221.79,55.49,70.62,1,1,1,0
298,1664,1233.28,81.16,197.32,196.37,1,1,1,1
299,1662,403.4,195.31,153.86,153.94,1,1,1,1
299,1663,1085.33,221.09,56.23,71.91,1,1,1,0
299,1664,1231.93,79.76,198.32,197.47,1,1,1,1
300,1662,401.89,194.35,153.4,153.28,1,1,1,1
300,1663,1086.65,221.15,55.69,71.21,1,1,1,0
300,1664,1230.1,79.13,198.16,197.34,1,1,1,1
301,1662,399.93,194.11,153.3,152.94,1,1,1,1
301,1663,1087.69,220.8,55.88,71.54,1,1,1,0
301,1664,1228.88,77.49,199.57,198.81,1,1,1,1
302,1662,398.67,193.75,153.2,152.71,1,1,1,1
302,1663,1089.11,220.88,55.41,71.06,1,1,1,0
302,1664,1227.56,76.17,200.26,199.6,1,1,1,1
303,1662,396.44,192.84,153.17,152.42,1,1,1,1
303,1663,1089.96,221.23,55.29,70.88,1,1,1,0
303,1664,1226.24,75.56,200.22,199.54,1,1,1,1
304,1662,394.24,192.33,153.98,153.12,1,1,1,1
304,1663,1090.96,221.28,55.39,71.02,1,1,1,0
304,1664,1224.91,76.12,198.72,198.06,1,1,1,1
305,1662,392.5,191.66,154.61,153.68,1,1,1,1
305,1663,1092.49,221.31,55.42,71.07,1,1,1,0
305,1664,1224.2,76.28,198.19,197.48,1,1,1,1
306,1662,391.86,190.64,154.94,154.09,1,1,1,1
306,1663,1094.08,221.14,55.7,71.49,1,1,1,0
306,1664,1224.16,77.37,196.42,195.46,1,1,1,1
307,1662,390.46,189.68,155.47,154.65,1,1,1,1
307,1663,1095.31,220.09,56.05,72.05,1,1,1,0
307,1664,1222.62,76.26,196.86,196.05,1,1,1,1
308,1662,389.88,188.94,155.48,154.85,1,1,1,1
308,1663,1096.75,219.0,56.51,72.65,1,1,1,0
308,1664,1222.13,75.07,197.3,196.47,1,1,1,1
309,1662,390.59,188.5,154.92,154.53,1,1,1,1
309,1663,1098.5,218.41,56.56,72.88,1,1,1,0
309,1664,1221.72,75.25,196.39,195.63,1,1,1,1
310,1662,391.89,188.06,153.53,153.3,1,1,1,1
310,1663,1100.6,218.3,55.99,72.17,1,1,1,0
310,1664,1221.66,75.24,195.92,195.22,1,1,1,1
311,1662,393.06,187.52,153.31,153.44,1,1,1,1
311,1663,1102.83,217.28,56.78,73.08,1,1,1,0
311,1664,1222.55,75.32,195.56,194.61,1,1,1,1
312,1662,394.99,186.94,152.71,153.09,1,1,1,1
312,1663,1105.45,216.32,57.37,73.82,1,1,1,0
312,1664,1223.62,75.26,195.22,194.19,1,1,1,1
313,1662,398.21,186.85,151.12,151.67,1,1,1,1
313,1663,1109.81,216.36,57.08,73.31,1,1,1,0
313,1664,1224.81,75.01,195.56,194.59,1,1,1,1
314,1662,401.34,186.84,150.32,151.13,1,1,1,1
314,1663,1113.3,215.91,57.17,73.5,1,1,1,0
314,1664,1226.23,74.98,195.36,194.4,1,1,1,1
315,1662,404.85,186.76,148.96,149.64,1,1,1,1
315,1663,1117.32,215.65,57.19,73.76,1,1,1,0
315,1664,1227.7,73.4,197.0,196.12,1,1,1,1
316,1662,408.39,186.85,147.19,147.59,1,1,1,1
316,1663,1121.48,216.07,57.32,73.86,1,1,1,0
316,1664,1230.17,73.36,198.16,197.12,1,1,1,1
317,1662,411.44,187.3,145.02,144.83,1,1,1,1
317,1663,1124.55,216.54,57.39,73.89,1,1,1,0
317,1664,1232.76,73.76,198.05,196.7,1,1,1,1
318,1662,413.77,187.69,144.2,143.62,1,1,1,1
318,1663,1127.9,217.53,56.82,73.3,1,1,1,0
318,1664,1234.55,73.93,198.33,196.54,1,1,1,1
319,1662,415.52,188.35,143.64,142.71,1,1,1,1
319,1663,1130.9,218.11,56.92,73.47,1,1,1,0
319,1664,1235.84,74.31,198.76,196.57,1,1,1,1
320,1662,415.89,188.7,145.54,144.71,1,1,1,1
320,1663,1133.53,218.93,56.93,73.53,1,1,1,0
320,1664,1235.32,75.36,198.87,196.48,1,1,1,1
321,1662,417.8,189.63,144.6,143.88,1,1,1,1
321,1663,1134.9,220.13,56.77,73.15,1,1,1,0
321,1664,1235.5,77.3,198.49,195.9,1,1,1,1
322,1662,419.51,190.49,143.38,142.69,1,1,1,1
322,1663,1136.15,221.19,56.64,72.81,1,1,1,0
322,1664,1234.58,78.84,198.27,195.68,1,1,1,1
323,1662,421.08,191.21,143.0,142.47,1,1,1,1
323,1663,1137.48,222.07,57.07,73.28,1,1,1,0
323,1664,1234.45,79.21,199.29,196.59,1,1,1,1
324,1662,423.84,191.97,142.01,141.91,1,1,1,1
324,1663,1140.06,222.8,56.86,72.86,1,1,1,0
324,1664,1234.35,79.39,200.15,197.48,1,1,1,1
325,1662,426.79,192.45,141.33,141.73,1,1,1,1
325,1663,1142.51,223.75,56.87,72.9,1,1,1,0
325,1664,1234.54,79.79,199.96,197.27,1,1,1,1
326,1662,428.28,192.82,142.2,143.48,1,1,1,1
326,1663,1144.27,224.3,57.39,73.71,1,1,1,0
326,1664,1234.9,80.98,199.29,196.73,1,1,1,1
327,1662,429.78,193.34,141.73,144.15,1,1,1,1
327,1663,1146.4,224.68,57.67,74.41,1,1,1,0
327,1664,1235.32,81.57,198.43,196.18,1,1,1,1
328,1662,430.97,193.83,141.37,145.11,1,1,1,1
328,1663,1148.05,225.31,57.51,74.47,1,1,1,0
328,1664,1234.64,81.72,198.16,196.22,1,1,1,1
329,1662,433.28,194.3,139.8,144.78,1,1,1,1
329,1663,1149.13,226.13,57.96,75.29,1,1,1,0
329,1664,1235.01,81.86,198.38,196.53,1,1,1,1
330,1662,434.56,194.36,138.68,144.96,1,1,1,1
330,1663,1150.22,227.41,57.41,74.8,1,1,1,0
330,1664,1234.44,83.64,196.68,194.91,1,1,1,1
331,1662,436.28,194.28,134.88,141.75,1,1,1,1
331,1663,1152.5,228.17,56.46,73.81,1,1,1,0
331,1664,1234.69,81.56,198.27,196.64,1,1,1,1
332,1662,435.78,193.52,133.22,140.63,1,1,1,1
332,1663,1153.15,228.24,56.37,73.83,1,1,1,0
332,1664,1234.3,81.01,198.25,196.95,1,1,1,1
333,1662,433.81,192.94,132.49,140.33,1,1,1,1
333,1663,1153.42,228.64,56.15,73.63,1,1,1,0
333,1664,1233.44,80.99,198.06,197.06,1,1,1,1
334,1662,430.84,191.91,133.41,141.84,1,1,1,1
334,1663,1154.52,228.97,55.52,72.76,1,1,1,0
334,1664,1233.75,80.53,198.31,197.65,1,1,1,1
335,1662,428.36,191.03,132.88,141.72,1,1,1,1
335,1663,1154.74,228.67,55.54,72.64,1,1,1,0
335,1664,1233.21,80.06,198.12,197.76,1,1,1,1
336,1662,425.09,189.6,133.35,142.78,1,1,1,1
336,1663,1155.34,228.34,56.0,73.19,1,1,1,0
336,1664,1233.64,79.43,198.36,198.35,1,1,1,1
337,1662,421.28,188.47,133.52,143.39,1,1,1,1
337,1663,1156.16,228.5,55.69,72.81,1,1,1,0
337,1664,1233.19,79.09,198.09,198.37,1,1,1,1
338,1662,416.97,186.76,134.2,144.71,1,1,1,1
338,1663,1156.75,228.15,55.7,72.86,1,1,1,0
338,1664,1233.02,79.16,198.0,198.57,1,1,1,1
339,1662,412.29,185.14,135.48,146.8,1,1,1,1
339,1663,1157.27,227.61,55.82,73.08,1,1,1,0
339,1664,1233.12,78.7,197.63,198.44,1,1,1,1
340,1662,408.02,183.66,137.08,149.65,1,1,1,1
340,1663,1158.23,227.2,55.83,73.17,1,1,1,0
340,1664,1233.22,78.53,197.37,198.38,1,1,1,1
341,1662,405.19,182.52,137.06,150.73,1,1,1,1
341,1663,1159.28,226.94,55.96,73.6,1,1,1,0
341,1664,1232.9,78.91,196.79,198.01,1,1,1,1
342,1662,400.72,181.72,139.6,154.87,1,1,1,1
342,1663,1160.34,226.54,55.4,73.17,1,1,1,0
342,1664,1232.57,79.16,196.61,197.96,1,1,1,1
343,1662,396.52,181.44,140.98,157.98,1,1,1,1
343,1663,1161.76,226.49,54.67,72.4,1,1,1,0
343,1664,1233.63,79.51,196.17,197.39,1,1,1,1
344,1662,394.42,181.36,140.66,159.15,1,1,1,1
344,1663,1162.09,225.86,54.7,72.52,1,1,1,0
344,1664,1233.05,79.39,196.37,197.53,1,1,1,1
345,1662,392.71,181.75,139.75,159.35,1,1,1,1
345,1663,1162.41,225.53,55.05,72.96,1,1,1,0
345,1664,1232.07,79.45,196.4,197.48,1,1,1,1
346,1662,390.23,181.83,140.04,161.06,1,1,1,1
346,1663,1162.77,225.41,55.44,73.33,1,1,1,0
346,1664,1231.21,79.37,196.58,197.76,1,1,1,1
347,1662,387.81,182.17,139.71,161.97,1,1,1,1
347,1663,1162.98,224.87,56.16,74.26,1,1,1,0
347,1664,1231.26,78.94,196.72,197.86,1,1,1,1
348,1662,385.97,182.71,139.21,162.47,1,1,1,1
348,1663,1163.23,224.77,56.82,75.21,1,1,1,0
348,1664,1230.83,78.73,196.88,198.15,1,1,1,1
349,1662,384.79,183.33,138.15,162.22,1,1,1,1
349,1663,1164.11,224.64,57.02,75.37,1,1,1,0
349,1664,1230.97,78.25,197.17,198.46,1,1,1,1
350,1662,383.79,183.97,137.44,162.48,1,1,1,1
350,1663,1164.91,224.79,56.9,75.22,1,1,1,0
350,1664,1229.9,77.98,197.14,198.57,1,1,1,1
351,1662,383.0,184.52,136.95,163.04,1,1,1,1
351,1663,1166.36,225.26,56.08,74.16,1,1,1,0
351,1664,1229.77,77.88,197.0,198.61,1,1,1,1
352,1662,381.78,184.63,136.39,163.52,1,1,1,1
352,1663,1167.68,225.54,55.76,73.75,1,1,1,0
352,1664,1229.67,77.5,197.06,198.87,1,1,1,1
353,1662,381.64,184.68,134.87,162.68,1,1,1,1
353,1663,1168.73,225.94,55.25,73.2,1,1,1,0
353,1664,1229.01,77.66,197.17,199.26,1,1,1,1
354,1662,381.71,184.6,133.41,161.63,1,1,1,1
354,1663,1169.33,225.89,55.39,73.39,1,1,1,0
354,1664,1228.97,78.02,196.8,199.11,1,1,1,1
355,1662,381.68,184.47,132.31,160.91,1,1,1,1
355,1663,1169.99,225.97,55.3,73.07,1,1,1,0
355,1664,1228.79,78.01,197.01,199.59,1,1,1,1
356,1662,382.69,184.62,129.97,158.43,1,1,1,1
356,1663,1171.03,226.1,55.21,72.75,1,1,1,0
356,1664,1228.47,78.21,196.83,199.77,1,1,1,1
357,1662,383.44,185.08,128.49,156.88,1,1,1,1
357,1663,1171.41,226.65,55.14,72.43,1,1,1,0
357,1664,1228.42,80.03,195.04,198.29,1,1,1,1
358,1662,383.88,185.25,127.32,155.5,1,1,1,1
358,1663,1171.75,226.85,55.46,72.72,1,1,1,0
358,1664,1229.75,81.37,194.08,197.48,1,1,1,1
359,1662,384.43,185.22,126.22,153.89,1,1,1,1
359,1663,1172.28,227.23,55.51,72.63,1,1,1,0
359,1664,1230.07,82.06,193.7,197.17,1,1,1,1
360,1662,385.59,185.1,124.36,150.99,1,1,1,1
360,1663,1173.07,227.96,55.09,72.0,1,1,1,0
360,1664,1230.1,82.16,194.15,197.61,1,1,1,1
361,1662,386.46,185.26,123.71,149.32,1,1,1,1
361,1663,1173.12,228.03,55.36,72.37,1,1,1,0
361,1664,1230.77,82.19,194.23,197.58,1,1,1,1
362,1662,386.45,185.11,124.18,148.94,1,1,1,1
362,1663,1173.19,228.05,55.32,72.31,1,1,1,0
362,1664,1231.33,82.98,193.65,196.78,1,1,1,1
363,1662,385.24,184.66,125.21,148.82,1,1,1,1
363,1663,1173.52,228.15,55.43,72.29,1,1,1,0
363,1664,1231.63,83.42,193.24,196.13,1,1,1,1
364,1662,385.89,184.49,126.64,149.41,1,1,1,1
364,1663,1173.46,227.98,55.8,72.68,1,1,1,0
364,1664,1231.23,83.07,193.73,196.69,1,1,1,1
365,1662,387.43,184.22,129.04,151.66,1,1,1,1
365,1663,1173.93,228.01,55.72,72.44,1,1,1,0
365,1664,1231.89,82.23,194.66,197.7,1,1,1,1
366,1662,389.65,184.03,130.23,152.61,1,1,1,1
366,1663,1174.12,228.02,55.61,72.15,1,1,1,0
366,1664,1232.03,81.96,194.84,197.84,1,1,1,1
367,1662,398.03,183.76,120.78,139.67,1,1,1,1
367,1663,1174.95,228.22,55.62,71.84,1,1,1,0
367,1664,1233.1,82.59,194.46,197.34,1,1,1,1
368,1662,402.25,183.66,118.44,135.06,1,1,1,1
368,1663,1175.64,228.29,55.64,71.73,1,1,1,0
368,1664,1233.32,82.68,194.67,197.5,1,1,1,1
369,1662,404.59,183.53,118.32,132.98,1,1,1,1
369,1663,1176.17,228.11,55.85,72.09,1,1,1,0
369,1664,1232.74,81.51,195.67,198.56,1,1,1,1
370,1662,407.72,183.89,118.1,130.88,1,1,1,1
370,1663,1176.77,228.04,55.88,72.03,1,1,1,0
370,1664,1233.0,81.61,195.85,198.61,1,1,1,1
371,1662,408.76,184.03,119.36,130.39,1,1,1,1
371,1663,1177.08,228.01,55.69,71.81,1,1,1,0
371,1664,1233.71,82.1,195.49,198.18,1,1,1,1
372,1662,411.72,184.38,120.23,129.77,1,1,1,1
372,1663,1177.58,228.1,55.61,71.72,1,1,1,0
372,1664,1233.38,82.28,195.33,198.01,1,1,1,1
373,1662,414.25,184.62,121.2,129.31,1,1,1,1
373,1663,1177.75,228.33,55.57,71.7,1,1,1,0
373,1664,1233.94,81.8,195.48,198.2,1,1,1,1
374,1662,417.62,184.7,120.58,126.99,1,1,1,1
374,1663,1178.08,228.31,55.8,71.89,1,1,1,0
374,1664,1234.07,81.32,195.69,198.46,1,1,1,1
375,1662,415.51,184.93,129.77,136.52,1,1,1,1
375,1663,1178.57,228.4,55.91,71.76,1,1,1,0
375,1664,1233.79,80.94,196.4,199.36,1,1,1,1
376,1662,416.89,185.6,130.71,137.02,1,1,1,1
376,1663,1178.61,228.33,56.19,71.92,1,1,1,0
376,1664,1234.14,81.39,195.75,198.7,1,1,1,1
377,1662,419.87,186.06,130.75,136.43,1,1,1,1
377,1663,1178.8,227.81,57.11,72.97,1,1,1,0
377,1664,1234.84,81.22,195.95,198.99,1,1,1,1
378,1662,420.21,186.73,132.59,137.91,1,1,1,1
378,1663,1178.7,227.51,57.77,73.76,1,1,1,0
378,1664,1235.27,81.25,195.66,199.0,1,1,1,1
379,1662,420.34,187.07,135.12,140.15,1,1,1,1
379,1663,1178.57,227.3,58.17,74.26,1,1,1,0
379,1664,1235.16,80.62,196.09,199.55,1,1,1,1
380,1662,422.67,187.39,136.11,140.8,1,1,1,1
380,1663,1178.67,227.12,58.4,74.64,1,1,1,0
380,1664,1235.83,80.03,196.39,200.0,1,1,1,1
381,1662,425.14,188.0,136.35,140.15,1,1,1,1
381,1663,1178.35,226.86,58.77,75.17,1,1,1,0
381,1664,1235.65,80.51,195.78,199.67,1,1,1,1
382,1662,425.81,188.42,137.62,140.09,1,1,1,1
382,1663,1178.86,226.76,58.81,75.17,1,1,1,0
382,1664,1235.95,81.25,194.77,198.79,1,1,1,1
383,1662,427.55,188.67,138.92,140.36,1,1,1,1
383,1663,1178.97,226.43,58.96,75.36,1,1,1,0
383,1664,1237.27,80.58,195.16,199.2,1,1,1,1
384,1662,429.31,189.34,139.46,139.86,1,1,1,1
384,1663,1179.46,226.21,58.91,75.42,1,1,1,0
384,1664,1237.01,80.43,195.22,199.26,1,1,1,1
385,1662,431.24,190.19,138.96,138.08,1,1,1,1
385,1663,1179.66,226.13,58.82,75.43,1,1,1,0
385,1664,1237.36,79.97,195.91,200.07,1,1,1,1
386,1662,433.75,190.89,138.24,136.0,1,1,1,1
386,1663,1180.38,226.3,58.66,75.23,1,1,1,0
386,1664,1238.6,80.5,195.52,199.68,1,1,1,1
387,1662,434.74,191.34,138.91,135.42,1,1,1,1
387,1663,1180.42,226.37,58.65,75.15,1,1,1,0
387,1664,1238.84,80.16,195.81,199.78,1,1,1,1
388,1662,435.57,192.19,139.7,134.92,1,1,1,1
388,1663,1180.61,226.9,58.27,74.52,1,1,1,0
388,1664,1240.01,79.14,196.92,200.61,1,1,1,1
389,1662,436.85,193.09,139.1,132.75,1,1,1,1
389,1663,1181.03,227.4,58.2,74.47,1,1,1,0
389,1664,1240.46,79.0,197.28,200.67,1,1,1,1
390,1662,437.62,193.91,138.94,131.04,1,1,1,1
390,1663,1181.59,227.49,58.13,74.26,1,1,1,0
390,1664,1241.0,77.96,198.23,201.48,1,1,1,1
391,1662,437.66,194.3,140.03,130.73,1,1,1,1
391,1663,1181.57,227.82,58.57,74.77,1,1,1,0
391,1664,1241.37,78.03,198.21,201.24,1,1,1,1
392,1662,437.06,194.62,141.95,131.45,1,1,1,1
392,1663,1182.04,227.84,58.93,75.16,1,1,1,0
392,1664,1242.38,78.31,198.02,200.79,1,1,1,1
393,1662,436.81,195.32,143.81,132.33,1,1,1,1
393,1663,1182.91,228.74,58.46,74.51,1,1,1,0
393,1664,1242.76,78.62,197.91,200.41,1,1,1,1
394,1662,436.22,195.67,146.21,133.98,1,1,1,1
394,1663,1184.09,228.98,58.94,75.06,1,1,1,0
394,1664,1242.92,79.4,197.78,200.02,1,1,1,1
395,1662,434.6,196.08,149.41,136.9,1,1,1,1
395,1663,1184.6,229.06,59.35,75.66,1,1,1,0
395,1664,1243.58,79.44,198.08,200.12,1,1,1,1
396,1662,434.2,196.31,150.91,138.29,1,1,1,1
396,1663,1184.96,229.69,59.56,76.09,1,1,1,0
396,1664,1242.96,80.06,198.31,200.15,1,1,1,1
397,1662,434.11,196.78,151.28,138.62,1,1,1,1
397,1663,1185.63,230.41,59.31,76.04,1,1,1,0
397,1664,1242.53,80.39,198.74,200.46,1,1,1,1
398,1662,434.4,196.94,151.47,138.93,1,1,1,1
398,1663,1186.55,230.58,59.03,75.82,1,1,1,0
398,1664,1242.69,81.21,198.21,199.69,1,1,1,1
399,1662,434.83,197.08,151.24,138.74,1,1,1,1
399,1663,1187.21,230.83,58.67,75.54,1,1,1,0
399,1664,1242.91,80.37,199.28,200.74,1,1,1,1
400,1662,435.49,197.12,150.89,138.46,1,1,1,1
400,1663,1188.43,230.62,58.53,75.62,1,1,1,0
400,1664,1242.94,80.25,199.76,200.93,1,1,1,1
401,1662,436.48,197.22,150.01,137.64,1,1,1,1
401,1663,1189.13,230.53,58.75,76.05,1,1,1,0
401,1664,1243.32,81.09,199.18,200.21,1,1,1,1
402,1662,438.21,197.24,147.7,135.34,1,1,1,1
402,1663,1189.63,230.78,58.72,76.21,1,1,1,0
402,1664,1243.78,80.62,199.87,200.93,1,1,1,1
403,1662,439.63,197.13,146.04,133.56,1,1,1,1
403,1663,1190.34,230.87,58.81,76.46,1,1,1,0
403,1664,1244.48,81.57,199.07,199.95,1,1,1,1
404,1662,440.47,197.28,145.13,132.5,1,1,1,1
404,1663,1191.71,231.5,58.59,76.36,1,1,1,0
404,1664,1245.03,80.94,199.76,200.38,1,1,1,1
405,1662,441.59,197.43,144.73,132.02,1,1,1,1
405,1663,1193.1,232.12,58.3,76.11,1,1,1,0
405,1664,1245.05,80.35,200.37,200.79,1,1,1,1
406,1662,441.9,197.57,144.76,131.96,1,1,1,1
406,1663,1194.7,232.35,58.39,76.22,1,1,1,0
406,1664,1245.55,81.46,199.58,199.9,1,1,1,1
407,1662,441.4,197.52,145.95,133.25,1,1,1,1
407,1663,1195.85,232.03,59.24,77.25,1,1,1,0
407,1664,1245.93,82.43,198.87,199.01,1,1,1,1
408,1662,440.11,197.39,147.76,135.43,1,1,1,1
408,1663,1196.77,231.5,60.12,78.43,1,1,1,0
408,1664,1245.97,82.24,198.77,199.03,1,1,1,1
409,1662,438.43,197.24,150.39,138.74,1,1,1,1
409,1663,1198.18,231.69,60.24,78.67,1,1,1,0
409,1664,1245.97,82.07,198.75,199.14,1,1,1,1
410,1662,437.41,197.17,151.72,140.97,1,1,1,1
410,1663,1199.32,231.66,59.81,78.26,1,1,1,0
410,1664,1246.07,82.39,198.51,198.99,1,1,1,1
411,1662,436.99,196.85,152.26,142.5,1,1,1,1
411,1663,1200.31,231.45,59.63,78.09,1,1,1,0
411,1664,1246.22,82.36,198.17,198.69,1,1,1,1
412,1662,437.58,196.82,151.35,142.57,1,1,1,1
412,1663,1201.77,231.26,59.71,78.12,1,1,1,0
412,1664,1247.01,83.39,196.56,197.13,1,1,1,1
413,1662,438.16,196.81,151.06,143.17,1,1,1,1
413,1663,1202.95,231.98,59.6,78.12,1,1,1,0
413,1664,1248.47,84.47,195.22,195.45,1,1,1,1
414,1662,439.14,196.8,150.2,143.17,1,1,1,1
414,1663,1204.89,231.66,60.05,78.71,1,1,1,0
414,1664,1249.14,85.02,194.46,194.58,1,1,1,1
415,1662,440.63,196.5,148.41,142.06,1,1,1,1
415,1663,1206.42,232.03,60.16,78.83,1,1,1,0
415,1664,1249.6,84.31,195.33,195.27,1,1,1,1
416,1662,442.72,196.28,145.46,139.52,1,1,1,1
416,1663,1207.7,232.56,59.89,78.67,1,1,1,0
416,1664,1250.35,83.88,196.07,195.9,1,1,1,1
417,1662,444.28,196.3,142.78,137.05,1,1,1,1
417,1663,1208.46,233.26,59.13,77.71,1,1,1,0
417,1664,1251.62,84.16,195.96,195.6,1,1,1,1
418,1662,445.55,196.11,140.76,135.12,1,1,1,1
418,1663,1210.26,234.21,58.13,76.44,1,1,1,0
418,1664,1252.02,84.66,196.02,195.49,1,1,1,1
419,1662,445.62,195.64,140.8,135.21,1,1,1,1
419,1663,1212.96,236.17,56.81,74.56,1,1,1,0
419,1664,1252.7,83.99,196.55,196.21,1,1,1,1
420,1662,445.75,195.46,140.97,135.46,1,1,1,1
420,1663,1214.39,236.89,56.61,74.47,1,1,1,0
420,1664,1253.22,84.28,196.19,195.94,1,1,1,1
421,1662,446.75,195.4,140.71,135.36,1,1,1,1
421,1663,1215.41,236.83,57.06,75.35,1,1,1,0
421,1664,1254.37,85.23,195.69,195.2,1,1,1,1
422,1662,448.01,195.18,139.23,133.94,1,1,1,1
422,1663,1216.34,236.7,57.24,75.78,1,1,1,0
422,1664,1254.76,85.69,195.55,194.82,1,1,1,1
423,1662,448.75,195.0,138.9,133.72,1,1,1,1
423,1663,1218.58,237.62,56.61,75.36,1,1,1,0
423,1664,1255.81,86.5,195.24,194.24,1,1,1,1
424,1662,449.55,194.64,138.11,132.95,1,1,1,1
424,1663,1221.26,238.46,56.2,74.9,1,1,1,0
424,1664,1254.88,85.7,196.14,195.03,1,1,1,1
425,1662,450.32,194.41,137.64,132.57,1,1,1,1
425,1663,1224.16,239.46,55.76,74.43,1,1,1,0
425,1664,1255.4,86.03,196.3,194.79,1,1,1,1
426,1662,450.39,194.43,137.88,132.95,1,1,1,1
426,1663,1225.78,239.71,56.0,74.97,1,1,1,0
426,1664,1255.54,86.25,196.43,194.8,1,1,1,1
427,1662,451.32,194.54,136.51,131.6,1,1,1,1
427,1663,1227.47,238.99,57.01,76.37,1,1,1,0
427,1664,1256.14,86.27,196.94,195.26,1,1,1,1
428,1662,452.06,194.49,136.0,131.01,1,1,1,1
428,1663,1229.28,238.6,57.32,76.99,1,1,1,0
428,1664,1256.14,85.83,197.55,195.89,1,1,1,1
429,1662,452.47,194.57,135.9,130.91,1,1,1,1
429,1663,1230.61,238.24,57.6,77.63,1,1,1,0
429,1664,1256.88,85.95,197.85,196.23,1,1,1,1
430,1662,452.76,194.71,135.98,130.98,1,1,1,1
430,1663,1232.58,238.0,58.22,78.56,1,1,1,0
430,1664,1258.1,86.34,197.65,196.0,1,1,1,1
431,1662,453.0,194.66,135.7,130.73,1,1,1,1
431,1663,1233.42,238.69,58.16,78.51,1,1,1,0
431,1664,1259.05,87.78,196.55,194.73,1,1,1,1
432,1662,452.99,194.65,135.78,130.85,1,1,1,1
432,1663,1234.05,238.35,58.55,79.07,1,1,1,0
432,1664,1259.81,88.27,196.88,194.99,1,1,1,1
433,1662,453.64,194.64,135.27,130.31,1,1,1,1
433,1663,1235.14,238.02,58.87,79.67,1,1,1,0
433,1664,1261.18,89.78,196.4,194.35,1,1,1,1
434,1662,454.03,194.84,134.77,129.71,1,1,1,1
434,1663,1236.12,237.59,59.34,80.19,1,1,1,0
434,1664,1261.54,90.74,196.48,194.31,1,1,1,1
435,1662,453.71,194.32,135.48,130.5,1,1,1,1
435,1663,1237.24,238.11,59.49,80.28,1,1,1,0
435,1664,1261.61,91.18,196.58,194.3,1,1,1,1
436,1662,453.7,194.02,135.9,131.11,1,1,1,1
436,1663,1238.4,236.43,61.14,82.38,1,1,1,0
436,1664,1261.94,91.78,195.97,193.75,1,1,1,1
437,1662,453.27,193.82,137.29,132.84,1,1,1,1
437,1663,1239.47,235.5,61.98,83.46,1,1,1,0
437,1664,1261.81,91.64,196.2,194.1,1,1,1,1
438,1662,452.64,193.74,137.95,133.89,1,1,1,1
438,1663,1240.48,234.95,62.56,84.25,1,1,1,0
438,1664,1262.23,90.57,196.91,195.03,1,1,1,1
439,1662,452.28,193.42,138.82,135.37,1,1,1,1
439,1663,1241.64,234.64,62.71,84.43,1,1,1,0
439,1664,1262.66,90.9,196.59,194.84,1,1,1,1
440,1662,452.18,193.2,139.05,136.23,1,1,1,1
440,1663,1242.5,235.82,61.82,83.0,1,1,1,0
440,1664,1263.72,91.26,196.24,194.32,1,1,1,1
441,1662,452.3,193.03,138.81,136.64,1,1,1,1
441,1663,1243.27,235.28,62.05,83.22,1,1,1,0
441,1664,1263.71,91.98,195.29,193.33,1,1,1,1
442,1662,452.31,192.87,138.39,136.88,1,1,1,1
442,1663,1243.82,235.68,61.54,82.3,1,1,1,0
442,1664,1264.03,92.6,194.25,192.41,1,1,1,1
443,1662,451.74,192.41,138.96,138.15,1,1,1,1
443,1663,1245.03,235.23,62.41,83.14,1,1,1,0
443,1664,1264.96,92.61,193.82,192.07,1,1,1,1
444,1662,451.56,192.25,138.72,138.61,1,1,1,1
444,1663,1245.44,235.07,62.77,83.64,1,1,1,0
444,1664,1265.08,92.16,194.08,192.5,1,1,1,1
445,1662,450.87,191.89,138.66,139.27,1,1,1,1
445,1663,1245.5,235.21,62.99,83.63,1,1,1,0
445,1664,1265.23,92.17,193.93,192.47,1,1,1,1
446,1662,449.52,191.47,139.23,140.59,1,1,1,1
446,1663,1246.22,235.27,63.18,83.61,1,1,1,0
446,1664,1265.73,92.97,192.96,191.47,1,1,1,1
447,1662,448.46,190.92,140.15,142.46,1,1,1,1
447,1663,1245.91,234.4,64.32,85.08,1,1,1,0
447,1664,1266.52,92.06,194.57,193.1,1,1,1,1
448,1662,448.04,190.52,140.15,143.34,1,1,1,1
448,1663,1245.57,234.08,65.14,86.22,1,1,1,0
448,1664,1265.93,91.61,195.34,193.92,1,1,1,1
449,1662,447.71,190.38,140.11,144.25,1,1,1,1
449,1663,1246.31,234.45,65.23,86.35,1,1,1,0
449,1664,1266.13,92.43,194.74,193.23,1,1,1,1
450,1662,447.06,190.04,139.98,145.06,1,1,1,1
450,1663,1246.6,234.5,65.19,86.28,1,1,1,0
450,1664,1265.73,92.04,195.43,193.97,1,1,1,1
451,1662,446.09,189.52,140.2,146.13,1,1,1,1
451,1663,1246.45,234.43,65.61,86.93,1,1,1,0
451,1664,1266.72,91.39,196.57,195.04,1,1,1,1
452,1662,445.53,189.04,139.52,146.22,1,1,1,1
452,1663,1246.46,234.6,65.6,86.97,1,1,1,0
452,1664,1267.25,92.33,195.09,193.46,1,1,1,1
453,1662,445.6,188.77,138.69,146.12,1,1,1,1
453,1663,1247.15,234.57,65.75,87.27,1,1,1,0
453,1664,1266.54,91.19,196.3,194.85,1,1,1,1
454,1662,445.08,188.28,138.72,147.05,1,1,1,1
454,1663,1247.57,234.86,65.44,86.87,1,1,1,0
454,1664,1267.44,92.4,194.42,193.03,1,1,1,1
455,1662,444.58,188.21,137.8,146.88,1,1,1,1
455,1663,1247.49,234.28,65.76,87.4,1,1,1,0
455,1664,1266.83,92.61,193.97,192.69,1,1,1,1
456,1662,443.7,188.09,137.26,147.09,1,1,1,1
456,1663,1247.52,234.26,65.7,87.4,1,1,1,0
456,1664,1267.66,92.94,193.27,192.01,1,1,1,1
457,1662,443.39,188.06,136.65,147.15,1,1,1,1
457,1663,1247.44,234.15,65.83,87.68,1,1,1,0
457,1664,1267.96,93.05,193.01,191.76,1,1,1,1
458,1662,442.64,187.76,136.13,147.25,1,1,1,1
458,1663,1247.51,234.22,65.64,87.48,1,1,1,0
458,1664,1267.94,92.99,193.17,191.98,1,1,1,1
459,1662,442.07,187.26,135.75,147.47,1,1,1,1
459,1663,1247.57,234.54,65.47,87.29,1,1,1,0
459,1664,1267.29,92.12,194.51,193.31,1,1,1,1
460,1662,441.44,186.88,135.7,148.13,1,1,1,1
460,1663,1247.55,234.77,65.45,87.31,1,1,1,0
460,1664,1268.25,92.38,194.16,192.82,1,1,1,1
461,1662,441.28,186.85,134.77,147.67,1,1,1,1
461,1663,1247.55,235.05,65.42,87.32,1,1,1,0
461,1664,1268.12,91.04,196.61,195.27,1,1,1,1
462,1662,440.88,186.65,133.94,147.08,1,1,1,1
462,1663,1247.07,236.15,64.75,86.32,1,1,1,0
462,1664,1267.42,91.47,195.65,194.56,1,1,1,1
463,1662,439.68,186.38,134.2,147.64,1,1,1,1
463,1663,1246.82,236.47,64.6,86.03,1,1,1,0
463,1664,1268.86,93.23,193.44,192.29,1,1,1,1
464,1662,439.24,186.19,133.51,146.95,1,1,1,1
464,1663,1246.81,236.88,64.38,85.63,1,1,1,0
464,1664,1268.15,92.8,193.49,192.42,1,1,1,1
465,1662,438.41,186.13,133.43,146.88,1,1,1,1
465,1663,1246.81,237.13,64.28,85.37,1,1,1,0
465,1664,1268.09,92.69,193.09,192.03,1,1,1,1
466,1662,438.24,186.32,131.99,145.05,1,1,1,1
466,1663,1247.48,236.71,64.49,85.58,1,1,1,0
466,1664,1269.59,92.14,193.08,191.79,1,1,1,1
467,1662,437.27,186.4,131.71,144.56,1,1,1,1
467,1663,1247.85,236.75,64.33,85.26,1,1,1,0
467,1664,1269.84,92.73,192.12,190.7,1,1,1,1
468,1662,436.55,186.43,131.18,143.77,1,1,1,1
468,1663,1247.92,236.66,64.39,85.25,1,1,1,0
468,1664,1270.44,92.66,192.32,190.6,1,1,1,1
469,1662,435.84,186.85,130.72,142.89,1,1,1,1
469,1663,1248.05,237.02,64.19,84.84,1,1,1,0
469,1664,1270.38,92.18,192.95,191.02,1,1,1,1
470,1662,435.0,187.01,130.96,142.76,1,1,1,1
470,1663,1247.46,237.75,63.79,84.1,1,1,1,0
470,1664,1270.37,92.19,193.13,190.99,1,1,1,1
471,1662,433.69,187.08,131.1,142.32,1,1,1,1
471,1663,1247.39,238.62,63.33,83.22,1,1,1,0
471,1664,1270.11,91.75,193.71,191.43,1,1,1,1
472,1662,432.12,186.9,131.77,142.57,1,1,1,1
472,1663,1247.61,239.54,62.66,82.3,1,1,1,0
472,1664,1269.73,91.24,194.48,192.15,1,1,1,1
473,1662,430.15,186.84,132.86,143.07,1,1,1,1
473,1663,1247.88,240.27,62.03,81.36,1,1,1,0
473,1664,1270.0,91.84,193.93,191.43,1,1,1,1
474,1662,429.39,187.21,132.97,142.67,1,1,1,1
474,1663,1248.48,241.74,60.81,79.42,1,1,1,0
474,1664,1270.04,92.37,193.82,191.15,1,1,1,1
475,1662,430.11,187.76,130.67,139.33,1,1,1,1
475,1663,1248.11,240.85,61.53,79.92,1,1,1,0
475,1664,1270.29,91.68,194.91,192.25,1,1,1,1
476,1662,429.04,188.16,130.56,138.28,1,1,1,1
476,1663,1247.17,240.41,61.82,80.23,1,1,1,0
476,1664,1270.69,91.86,194.68,192.22,1,1,1,1
477,1662,428.21,188.91,130.25,136.9,1,1,1,1
477,1663,1245.59,239.24,62.76,81.56,1,1,1,0
477,1664,1271.01,92.68,194.26,191.65,1,1,1,1
478,1662,426.46,189.39,131.88,137.82,1,1,1,1
478,1663,1245.42,239.78,62.3,80.87,1,1,1,0
478,1664,1270.74,92.09,194.86,192.24,1,1,1,1
479,1662,425.18,189.56,133.01,138.38,1,1,1,1
479,1663,1244.74,240.39,61.76,80.02,1,1,1,0
479,1664,1270.11,90.48,196.13,193.65,1,1,1,1
480,1662,423.7,189.72,134.3,139.11,1,1,1,1
480,1663,1244.04,241.41,60.87,78.91,1,1,1,0
480,1664,1269.91,89.87,196.51,194.18,1,1,1,1
481,1662,424.52,190.66,132.9,136.71,1,1,1,1
481,1663,1244.03,242.48,60.06,77.8,1,1,1,0
481,1664,1269.96,89.94,196.4,194.18,1,1,1,1
482,1662,424.03,191.22,133.24,136.01,1,1,1,1
482,1663,1243.2,242.27,59.84,77.81,1,1,1,0
482,1664,1269.77,89.63,196.77,194.72,1,1,1,1
483,1662,423.37,191.51,134.79,136.87,1,1,1,1
483,1663,1242.68,241.48,60.2,78.33,1,1,1,0
483,1664,1270.45,89.32,196.98,195.11,1,1,1,1
484,1662,423.25,191.61,135.16,136.41,1,1,1,1
484,1663,1241.71,240.97,60.33,78.54,1,1,1,0
484,1664,1270.41,88.82,197.63,196.05,1,1,1,1
485,1662,422.77,191.93,135.83,136.15,1,1,1,1
485,1663,1240.59,240.47,60.34,78.93,1,1,1,0
485,1664,1270.82,89.63,197.04,195.6,1,1,1,1
486,1662,422.99,192.14,135.7,134.97,1,1,1,1
486,1663,1239.88,238.89,60.95,79.88,1,1,1,0
486,1664,1270.9,89.99,196.94,195.66,1,1,1,1
487,1662,422.27,192.41,135.71,133.54,1,1,1,1
487,1663,1238.74,237.9,61.38,80.64,1,1,1,0
487,1664,1270.09,90.14,196.97,195.87,1,1,1,1
488,1662,422.04,192.6,136.06,132.52,1,1,1,1
488,1663,1238.05,236.34,62.11,81.92,1,1,1,0
488,1664,1269.64,89.84,197.27,196.39,1,1,1,1
489,1662,422.25,192.76,136.85,132.06,1,1,1,1
489,1663,1236.23,235.75,62.38,82.6,1,1,1,0
489,1664,1268.12,89.44,198.47,198.27,1,1,1,1
490,1662,422.29,193.01,136.84,130.71,1,1,1,1
490,1663,1235.41,235.45,62.77,83.15,1,1,1,0
490,1664,1267.89,89.64,198.26,198.62,1,1,1,1
491,1662,421.47,193.19,138.14,130.73,1,1,1,1
491,1663,1234.65,235.54,62.28,82.76,1,1,1,0
491,1664,1269.06,89.71,197.25,197.75,1,1,1,1
492,1662,420.79,193.45,138.98,130.36,1,1,1,1
492,1663,1234.28,235.5,62.31,83.09,1,1,1,0
492,1664,1270.34,90.0,196.79,197.15,1,1,1,1
493,1662,420.27,193.84,139.44,129.55,1,1,1,1
493,1663,1233.59,236.18,61.9,83.12,1,1,1,0
493,1664,1269.85,89.71,196.96,197.51,1,1,1,1
494,1662,420.4,194.38,139.8,128.86,1,1,1,1
494,1663,1233.78,237.25,60.89,82.12,1,1,1,0
494,1664,1267.97,89.65,197.24,198.29,1,1,1,1
495,1662,419.37,194.67,141.3,129.33,1,1,1,1
495,1663,1233.06,237.76,60.54,82.04,1,1,1,0
495,1664,1267.58,90.18,196.7,198.13,1,1,1,1
496,1662,418.94,195.36,141.97,128.93,1,1,1,1
496,1663,1232.18,238.26,60.5,82.1,1,1,1,0
496,1664,1267.92,89.98,197.12,199.05,1,1,1,1
497,1662,418.05,195.82,144.09,130.2,1,1,1,1
497,1663,1231.25,238.74,60.12,81.63,1,1,1,0
497,1664,1268.31,90.35,196.79,198.84,1,1,1,1
498,1662,416.79,196.27,146.75,132.18,1,1,1,1
498,1663,1230.54,238.92,59.97,81.65,1,1,1,0
498,1664,1268.01,90.05,197.54,199.9,1,1,1,1
499,1662,415.78,196.83,148.83,133.73,1,1,1,1
499,1663,1229.95,239.18,59.81,81.46,1,1,1,0
499,1664,1267.35,89.48,198.95,201.53,1,1,1,1
500,1662,414.01,197.42,151.62,136.1,1,1,1,1
500,1663,1228.53,238.68,60.61,82.38,1,1,1,0
500,1664,1266.82,89.27,200.03,202.92,1,1,1,1
501,1662,414.47,198.03,152.39,136.79,1,1,1,1
501,1663,1226.89,238.98,60.79,82.63,1,1,1,0
501,1664,1265.92,89.69,200.26,203.44,1,1,1,1
502,1662,415.82,198.93,151.13,135.36,1,1,1,1
502,1663,1226.8,239.39,60.66,82.22,1,1,1,0
502,1664,1265.47,90.89,198.99,202.47,1,1,1,1
503,1662,415.85,199.26,151.24,135.2,1,1,1,1
503,1663,1225.64,239.25,60.94,82.37,1,1,1,0
503,1664,1265.24,91.2,198.62,202.43,1,1,1,1
504,1662,416.65,199.57,150.09,133.74,1,1,1,1
504,1663,1225.05,238.99,61.39,82.81,1,1,1,0
504,1664,1265.18,90.91,198.46,202.6,1,1,1,1
505,1662,415.66,199.46,149.83,132.98,1,1,1,1
505,1663,1224.87,238.59,61.55,82.88,1,1,1,0
505,1664,1265.59,90.6,197.54,201.85,1,1,1,1
506,1662,414.59,198.61,149.95,132.29,1,1,1,1
506,1663,1224.22,237.54,62.43,84.0,1,1,1,0
506,1664,1266.8,89.93,196.71,201.11,1,1,1,1
507,1662,413.22,197.48,149.92,131.24,1,1,1,1
507,1663,1225.3,237.84,61.73,83.13,1,1,1,0
507,1664,1267.07,89.98,195.19,199.72,1,1,1,1
508,1662,411.13,196.04,151.09,131.25,1,1,1,1
508,1663,1226.29,237.56,61.17,82.19,1,1,1,0
508,1664,1268.81,88.45,194.54,198.95,1,1,1,1
509,1662,406.84,194.8,154.16,132.96,1,1,1,1
509,1663,1228.31,236.46,60.9,81.63,1,1,1,0
509,1664,1270.02,85.73,196.39,200.81,1,1,1,1
510,1662,404.47,194.05,156.88,134.7,1,1,1,1
510,1663,1229.56,234.95,61.44,82.32,1,1,1,0
510,1664,1270.28,83.23,197.45,202.2,1,1,1,1
511,1662,400.93,192.78,158.89,135.56,1,1,1,1
511,1663,1230.23,233.11,62.42,83.68,1,1,1,0
511,1664,1272.84,80.37,199.27,204.07,1,1,1,1
512,1662,398.63,192.3,161.22,136.87,1,1,1,1
512,1663,1231.25,231.93,62.84,84.29,1,1,1,0
512,1664,1274.93,79.41,199.28,203.97,1,1,1,1
513,1662,396.81,191.94,164.45,139.33,1,1,1,1
513,1663,1231.57,231.6,62.74,84.42,1,1,1,0
513,1664,1275.49,78.54,199.7,204.36,1,1,1,1
514,1662,396.52,192.21,166.92,141.43,1,1,1,1
514,1663,1231.92,231.69,62.21,83.86,1,1,1,0
514,1664,1275.71,78.34,199.79,204.4,1,1,1,1
515,1662,397.46,192.72,168.19,142.81,1,1,1,1
515,1663,1232.07,231.75,61.94,83.64,1,1,1,0
515,1664,1274.96,78.3,199.83,204.4,1,1,1,1
516,1662,399.77,193.02,167.17,142.03,1,1,1,1
516,1663,1232.38,231.79,61.73,83.56,1,1,1,0
516,1664,1275.14,77.87,200.46,204.84,1,1,1,1
517,1662,402.15,193.84,166.61,141.79,1,1,1,1
517,1663,1232.76,232.22,61.49,83.12,1,1,1,0
517,1664,1274.65,77.19,201.75,206.13,1,1,1,1
518,1662,402.12,194.46,169.47,144.95,1,1,1,1
518,1663,1232.54,232.4,61.32,82.96,1,1,1,0
518,1664,1274.29,76.66,202.55,206.71,1,1,1,1
519,1662,402.5,194.99,170.55,146.61,1,1,1,1
519,1663,1232.44,232.27,61.66,83.29,1,1,1,0
519,1664,1273.92,77.83,201.7,205.67,1,1,1,1
520,1662,402.7,195.39,171.62,148.21,1,1,1,1
520,1663,1232.38,232.24,61.83,83.42,1,1,1,0
520,1664,1273.27,79.2,200.77,204.47,1,1,1,1
521,1662,405.02,195.73,170.29,147.6,1,1,1,1
521,1663,1232.26,232.43,62.07,83.67,1,1,1,0
521,1664,1272.84,79.68,200.76,204.25,1,1,1,1
522,1662,406.59,196.36,168.79,146.63,1,1,1,1
522,1663,1232.92,232.11,62.73,84.35,1,1,1,0
522,1664,1272.04,80.42,200.42,203.92,1,1,1,1
523,1662,410.48,196.89,164.39,142.76,1,1,1,1
523,1663,1233.05,232.0,63.19,84.81,1,1,1,0
523,1664,1272.09,79.81,201.18,204.58,1,1,1,1
524,1662,412.9,197.48,161.98,140.46,1,1,1,1
524,1663,1233.16,232.26,63.24,84.68,1,1,1,0
524,1664,1272.08,79.49,201.52,204.83,1,1,1,1
525,1662,414.33,198.1,162.39,140.8,1,1,1,1
525,1663,1232.72,232.46,63.4,84.92,1,1,1,0
525,1664,1271.56,79.92,201.08,204.48,1,1,1,1
526,1662,414.43,198.22,164.15,142.43,1,1,1,1
526,1663,1233.68,232.84,63.2,84.71,1,1,1,0
526,1664,1271.99,79.89,201.27,204.54,1,1,1,1
527,1662,415.01,198.55,164.87,143.34,1,1,1,1
527,1663,1234.6,232.59,63.58,85.02,1,1,1,0
527,1664,1272.91,79.48,201.41,204.56,1,1,1,1
528,1662,416.0,198.47,164.32,143.08,1,1,1,1
528,1663,1235.79,232.6,63.61,84.84,1,1,1,0
528,1664,1274.02,78.74,201.52,204.56,1,1,1,1
529,1662,415.96,198.43,164.89,143.97,1,1,1,1
529,1663,1237.5,231.91,64.25,85.26,1,1,1,0
529,1664,1274.42,78.31,201.59,204.81,1,1,1,1
530,1662,416.32,198.1,165.09,144.6,1,1,1,1
530,1663,1238.48,230.76,65.36,86.51,1,1,1,0
530,1664,1275.05,76.37,203.83,207.09,1,1,1,1
531,1662,416.03,198.07,166.75,146.91,1,1,1,1
531,1663,1239.87,230.62,65.3,86.09,1,1,1,0
531,1664,1276.07,76.24,204.67,207.95,1,1,1,1
532,1662,416.67,198.16,166.24,147.28,1,1,1,1
532,1663,1239.67,231.48,65.08,85.42,1,1,1,0
532,1664,1277.02,75.76,205.43,208.8,1,1,1,1
533,1662,416.22,198.08,167.36,149.28,1,1,1,1
533,1663,1239.8,230.11,66.12,86.65,1,1,1,0
533,1664,1277.83,75.59,204.76,208.32,1,1,1,1
534,1662,416.42,197.85,167.8,150.81,1,1,1,1
534,1663,1240.6,229.8,66.56,87.11,1,1,1,0
534,1664,1277.95,75.59,204.83,208.37,1,1,1,1
535,1662,416.63,197.96,167.66,151.96,1,1,1,1
535,1663,1240.95,229.6,66.57,86.98,1,1,1,0
535,1664,1278.45,76.35,203.91,207.53,1,1,1,1
536,1662,417.42,198.0,167.32,152.97,1,1,1,1
536,1663,1240.41,225.95,69.46,90.89,1,1,1,0
536,1664,1279.43,75.61,205.12,208.85,1,1,1,1
537,1662,417.63,198.41,168.14,155.3,1,1,1,1
537,1663,1239.91,224.21,71.11,93.32,1,1,1,0
537,1664,1279.69,75.34,205.75,209.33,1,1,1,1
538,1662,419.09,198.95,167.62,156.35,1,1,1,1
538,1663,1239.07,222.58,73.0,96.01,1,1,1,0
538,1664,1279.65,75.34,206.23,209.71,1,1,1,1
539,1662,422.12,200.34,165.18,155.34,1,1,1,1
539,1663,1238.71,224.21,72.19,95.16,1,1,1,0
539,1664,1279.34,75.26,206.96,210.43,1,1,1,1
540,1662,425.06,201.36,162.63,154.02,1,1,1,1
540,1663,1238.66,225.28,71.63,94.59,1,1,1,0
540,1664,1278.53,74.34,208.56,212.28,1,1,1,1
541,1662,427.18,202.73,161.58,154.08,1,1,1,1
541,1663,1237.67,226.01,71.75,94.64,1,1,1,0
541,1664,1277.67,74.54,208.67,212.52,1,1,1,1
542,1662,427.97,203.53,162.33,156.18,1,1,1,1
542,1663,1237.45,227.09,71.46,94.44,1,1,1,0
542,1664,1277.36,74.63,208.62,212.59,1,1,1,1
543,1662,429.27,204.21,162.12,157.54,1,1,1,1
543,1663,1236.77,228.2,70.94,93.84,1,1,1,0
543,1664,1277.76,75.82,207.57,211.46,1,1,1,1
544,1662,430.86,204.85,160.98,157.84,1,1,1,1
544,1663,1236.85,229.83,70.06,92.6,1,1,1,0
544,1664,1277.46,76.97,206.45,210.41,1,1,1,1
545,1662,432.65,205.27,159.3,157.52,1,1,1,1
545,1663,1236.8,230.64,69.86,92.32,1,1,1,0
545,1664,1276.77,77.71,205.57,209.81,1,1,1,1
546,1662,433.88,205.41,158.26,157.78,1,1,1,1
546,1663,1237.1,232.14,69.15,91.21,1,1,1,0
546,1664,1276.73,78.53,204.79,209.23,1,1,1,1
547,1662,435.24,205.44,156.42,157.26,1,1,1,1
547,1663,1237.02,232.39,69.27,91.28,1,1,1,0
547,1664,1276.78,79.03,204.38,209.01,1,1,1,1
548,1662,435.27,204.84,155.8,158.03,1,1,1,1
548,1663,1236.91,232.47,69.48,91.51,1,1,1,0
548,1664,1276.62,78.96,204.59,209.47,1,1,1,1
549,1662,435.47,203.81,154.76,158.31,1,1,1,1
549,1663,1236.36,231.49,70.58,92.79,1,1,1,0
549,1664,1276.96,80.02,203.87,208.85,1,1,1,1
550,1662,435.67,202.41,153.66,158.39,1,1,1,1
550,1663,1236.12,231.12,71.06,93.27,1,1,1,0
550,1664,1277.2,80.91,203.37,208.42,1,1,1,1
551,1662,435.71,200.88,151.27,156.82,1,1,1,1
551,1663,1236.44,231.76,70.42,92.45,1,1,1,0
551,1664,1277.09,80.59,203.6,208.81,1,1,1,1
552,1662,434.82,199.3,149.74,156.01,1,1,1,1
552,1663,1236.47,231.9,70.36,92.43,1,1,1,0
552,1664,1277.01,80.75,203.76,208.86,1,1,1,1
553,1662,433.73,197.72,148.65,155.69,1,1,1,1
553,1663,1236.12,230.95,71.06,93.21,1,1,1,0
553,1664,1277.07,81.0,203.66,208.88,1,1,1,1
554,1662,431.91,195.94,147.87,155.77,1,1,1,1
554,1663,1236.59,229.89,71.7,94.0,1,1,1,0
554,1664,1277.09,80.99,203.63,208.99,1,1,1,1
555,1662,429.51,194.69,147.02,155.6,1,1,1,1
555,1663,1236.38,228.5,72.73,95.48,1,1,1,0
555,1664,1276.37,80.87,203.47,208.93,1,1,1,1
556,1662,426.79,193.25,146.38,155.74,1,1,1,1
556,1663,1236.39,227.58,72.93,95.84,1,1,1,0
556,1664,1275.99,80.67,203.65,209.25,1,1,1,1
557,1662,423.68,192.13,146.37,156.78,1,1,1,1
557,1663,1235.68,227.44,72.84,95.76,1,1,1,0
557,1664,1275.66,80.24,204.1,209.93,1,1,1,1
558,1662,420.46,190.95,146.14,157.57,1,1,1,1
558,1663,1235.52,227.69,72.58,95.42,1,1,1,0
558,1664,1275.17,80.56,203.41,209.28,1,1,1,1
559,1662,417.38,189.53,145.5,157.66,1,1,1,1
559,1663,1235.78,228.19,71.85,94.68,1,1,1,0
559,1664,1275.46,79.94,203.8,209.58,1,1,1,1
560,1662,414.78,188.04,144.66,157.49,1,1,1,1
560,1663,1235.35,228.89,71.02,93.69,1,1,1,0
560,1664,1274.84,79.8,203.83,209.5,1,1,1,1
561,1662,412.28,186.71,143.91,157.42,1,1,1,1
561,1663,1235.41,229.56,70.28,92.72,1,1,1,0
561,1664,1274.57,80.09,203.93,209.21,1,1,1,1
562,1662,409.78,185.45,143.3,157.59,1,1,1,1
562,1663,1235.43,230.01,70.0,92.35,1,1,1,0
562,1664,1273.81,80.45,203.71,208.56,1,1,1,1
563,1662,406.65,183.82,143.6,158.84,1,1,1,1
563,1663,1235.51,230.18,69.77,92.02,1,1,1,0
563,1664,1272.77,80.08,203.54,208.51,1,1,1,1
564,1662,404.13,182.05,142.95,158.91,1,1,1,1
564,1663,1235.54,230.44,69.7,91.9,1,1,1,0
564,1664,1271.46,81.39,202.16,207.25,1,1,1,1
565,1662,401.2,180.83,143.24,160.11,1,1,1,1
565,1663,1234.72,230.43,69.75,91.96,1,1,1,0
565,1664,1270.14,82.08,201.72,206.98,1,1,1,1
566,1662,398.03,179.81,143.68,161.55,1,1,1,1
566,1663,1234.69,229.03,70.81,93.58,1,1,1,0
566,1664,1270.03,81.78,202.41,207.73,1,1,1,1
567,1662,395.28,178.88,143.54,162.28,1,1,1,1
567,1663,1234.22,229.19,70.55,93.3,1,1,1,0
567,1664,1268.82,81.07,203.48,209.02,1,1,1,1
568,1662,392.43,178.37,143.29,162.94,1,1,1,1
568,1663,1233.87,228.66,70.8,93.79,1,1,1,0
568,1664,1267.38,80.99,204.29,210.1,1,1,1,1
569,1662,390.2,178.12,142.52,162.87,1,1,1,1
569,1663,1233.8,230.85,69.19,91.78,1,1,1,0
569,1664,1265.31,80.91,204.52,210.86,1,1,1,1
570,1662,388.11,177.96,141.7,162.73,1,1,1,1
570,1663,1232.96,231.28,68.22,90.82,1,1,1,0
570,1664,1264.59,79.88,206.12,212.73,1,1,1,1
571,1662,385.46,178.04,141.33,163.15,1,1,1,1
571,1663,1232.91,231.64,67.35,89.86,1,1,1,0
571,1664,1263.03,79.1,207.74,214.81,1,1,1,1
