1,373,51.6,650.29,198.51,212.14,1,1,1,0
1,374,1859.87,530.96,43.39,46.41,1,1,1,0
1,375,608.71,34.05,678.62,866.35,1,1,1,1
1,376,447.79,587.31,22.9,25.31,1,1,1,0
1,377,1846.61,568.02,31.34,39.17,1,1,1,0
1,378,707.54,588.21,34.96,38.57,1,1,1,0
1,379,671.38,551.75,40.98,44.6,1,1,1,0
1,380,1501.88,564.41,21.7,23.5,1,1,1,0
1,381,615.94,578.27,24.11,25.92,1,1,1,0
2,373,84.9,651.34,196.45,210.05,1,1,1,0
2,374,1851.46,531.74,41.39,44.31,1,1,1,0
2,375,606.4,12.35,684.28,873.41,1,1,1,1
2,376,442.35,586.0,23.85,26.36,1,1,1,0
2,377,1838.03,567.5,31.75,39.7,1,1,1,0
2,378,704.07,588.21,33.54,37.0,1,1,1,0
2,379,668.07,553.06,37.15,40.41,1,1,1,0
2,380,1496.15,565.19,22.69,24.55,1,1,1,0
3,373,118.11,649.16,194.24,207.81,1,1,1,0
3,374,1840.72,530.92,42.41,45.4,1,1,1,0
3,375,617.27,26.18,668.57,852.38,1,1,1,1
3,376,438.12,585.78,23.2,25.62,1,1,1,0
3,377,1828.52,566.48,31.09,38.85,1,1,1,0
3,378,698.3,587.74,35.05,38.65,1,1,1,0
3,379,656.95,551.32,41.0,44.6,1,1,1,0
3,380,1490.53,566.02,22.89,24.73,1,1,1,0
4,373,180.36,643.37,190.81,204.37,1,1,1,0
4,374,1821.25,529.98,44.39,47.58,1,1,1,0
4,375,635.06,32.86,653.24,832.57,1,1,1,1
4,376,428.74,585.27,22.97,25.35,1,1,1,0
4,377,1810.82,565.23,30.88,38.57,1,1,1,0
4,378,688.62,586.69,35.2,38.71,1,1,1,0
4,379,643.18,548.83,42.94,46.7,1,1,1,0
4,380,1480.79,565.6,22.57,24.31,1,1,1,0
5,373,224.14,638.44,187.81,201.57,1,1,1,0
5,374,1806.44,528.81,45.09,48.28,1,1,1,0
5,375,654.4,38.84,627.01,797.53,1,1,1,1
5,376,422.33,585.13,22.55,24.82,1,1,1,0
5,377,1799.98,564.87,29.5,36.71,1,1,1,0
5,378,680.41,586.13,35.8,39.36,1,1,1,0
5,379,633.53,547.12,44.3,48.23,1,1,1,0
5,380,1475.54,565.65,21.62,23.27,1,1,1,0
5,382,263.09,585.92,20.94,21.82,1,1,1,0
6,373,259.59,634.35,186.1,199.88,1,1,1,0
6,374,1795.63,527.58,44.09,47.21,1,1,1,0
6,375,673.33,45.85,602.39,763.86,1,1,1,1
6,376,415.9,584.66,22.43,24.66,1,1,1,0
6,377,1789.72,563.47,29.47,36.56,1,1,1,0
6,378,673.19,585.53,36.0,39.57,1,1,1,0
6,379,626.1,546.99,43.49,47.44,1,1,1,0
6,380,1470.22,565.44,22.09,23.81,1,1,1,0
6,382,264.38,585.13,22.18,23.13,1,1,1,0
6,383,589.14,582.49,22.74,23.99,1,1,1,0
7,373,289.48,629.7,184.41,198.56,1,1,1,0
7,374,1787.32,526.54,42.09,45.08,1,1,1,0
7,375,682.64,47.46,590.22,745.54,1,1,1,1
7,376,410.93,584.94,21.63,23.77,1,1,1,0
7,377,1780.17,561.11,30.64,37.82,1,1,1,0
7,378,666.61,585.14,36.31,39.83,1,1,1,0
7,379,619.68,547.23,42.34,46.21,1,1,1,0
7,380,1466.95,564.94,22.22,23.99,1,1,1,0
7,382,267.3,585.09,21.27,22.19,1,1,1,0
8,373,318.29,625.72,181.19,195.68,1,1,1,0
8,374,1777.66,525.58,42.59,45.57,1,1,1,0
8,375,683.02,49.27,590.27,743.21,1,1,1,1
8,376,406.1,584.64,21.81,23.89,1,1,1,0
8,377,1770.06,559.09,32.08,39.51,1,1,1,0
8,378,660.53,584.4,36.96,40.52,1,1,1,0
8,379,613.57,546.34,41.79,45.71,1,1,1,0
8,380,1460.05,563.52,22.59,24.47,1,1,1,0
8,382,269.85,584.89,21.32,22.28,1,1,1,0
8,383,581.84,584.38,22.29,23.55,1,1,1,0
9,373,346.36,624.05,177.86,192.24,1,1,1,0
9,374,1768.11,525.48,42.62,45.74,1,1,1,0
9,375,689.79,54.34,579.16,726.01,1,1,1,1
9,376,402.06,584.75,21.16,23.12,1,1,1,0
9,377,1761.84,557.38,32.65,40.14,1,1,1,0
9,378,653.02,584.76,37.69,41.37,1,1,1,0
9,379,607.28,546.47,41.58,45.51,1,1,1,0
9,380,1454.68,562.6,22.34,24.24,1,1,1,0
9,382,271.8,584.4,21.32,22.3,1,1,1,0
9,384,0,450.8,136.5,288.56,1,1,1,0
9,383,577.39,585.62,22.23,23.48,1,1,1,0
10,373,374.56,622.39,175.08,189.45,1,1,1,0
10,374,1758.84,525.69,42.05,44.98,1,1,1,0
10,375,691.27,56.78,572.44,714.09,1,1,1,1
10,376,395.73,584.38,22.08,24.11,1,1,1,0
10,377,1753.26,558.6,31.85,39.16,1,1,1,0
10,378,647.15,584.52,37.37,40.87,1,1,1,0
10,379,600.96,547.16,40.61,44.6,1,1,1,0
10,380,1448.87,562.68,22.22,24.16,1,1,1,0
10,382,274.58,584.24,20.11,21.04,1,1,1,0
10,384,0,445.76,161.12,311.12,1,1,1,0
10,383,572.43,582.47,22.99,24.34,1,1,1,0
11,373,401.04,623.17,171.61,186.08,1,1,1,0
11,374,1749.98,526.21,42.26,45.11,1,1,1,0
11,375,689.59,58.3,571.7,709.81,1,1,1,1
11,376,389.03,583.65,23.12,25.26,1,1,1,0
11,377,1745.4,559.55,32.02,39.19,1,1,1,0
11,378,641.14,587.47,35.75,38.84,1,1,1,0
11,379,592.84,547.05,41.67,45.88,1,1,1,0
11,380,1443.55,561.51,22.48,24.53,1,1,1,0
11,382,276.41,584.42,19.67,20.58,1,1,1,0
11,384,0,449.36,195.29,313.65,1,1,1,0
11,383,568.96,579.08,21.62,22.96,1,1,1,0
12,373,428.77,624.0,169.14,183.32,1,1,1,0
12,374,1741.44,527.23,42.39,45.16,1,1,1,0
12,375,686.87,58.9,573.82,709.55,1,1,1,1
12,376,383.52,583.39,23.51,25.7,1,1,1,0
12,377,1737.03,560.53,32.45,39.6,1,1,1,0
12,378,633.65,587.99,35.64,38.67,1,1,1,0
12,379,585.02,547.02,43.01,47.53,1,1,1,0
12,380,1439.38,560.88,22.53,24.66,1,1,1,0
12,382,278.62,584.7,19.15,20.01,1,1,1,0
12,384,0,457.89,230.97,305.28,1,1,1,0
12,383,562.0,578.48,22.75,24.14,1,1,1,0
13,373,454.76,626.05,167.43,181.6,1,1,1,0
13,374,1732.63,528.43,41.62,44.37,1,1,1,0
13,375,691.64,63.06,567.02,698.6,1,1,1,1
13,376,377.93,582.9,25.12,27.46,1,1,1,0
13,377,1728.76,561.93,32.38,39.35,1,1,1,0
13,378,625.98,587.97,36.22,39.21,1,1,1,0
13,379,578.06,547.61,43.11,47.76,1,1,1,0
13,380,1435.17,560.87,21.87,23.91,1,1,1,0
13,382,280.14,585.65,18.56,19.41,1,1,1,0
13,384,46.85,469.75,227.54,295.18,1,1,1,0
13,383,557.42,577.07,22.8,24.14,1,1,1,0
14,373,479.74,628.51,165.38,179.45,1,1,1,0
14,374,1723.96,529.5,41.66,44.48,1,1,1,0
14,375,690.46,66.08,567.8,697.61,1,1,1,1
14,376,372.43,584.27,25.36,27.73,1,1,1,0
14,377,1719.72,564.08,32.14,38.85,1,1,1,0
14,378,617.33,584.96,38.71,42.01,1,1,1,0
14,379,570.34,548.06,43.36,48.22,1,1,1,0
14,380,1430.44,560.68,21.94,24.03,1,1,1,0
14,384,86.9,476.46,226.61,290.08,1,1,1,0
14,383,550.83,577.39,22.81,24.14,1,1,1,0
15,373,505.5,631.51,162.99,177.14,1,1,1,0
15,374,1715.67,530.7,41.3,44.13,1,1,1,0
15,375,684.97,63.21,573.24,703.18,1,1,1,1
15,376,367.36,585.62,25.08,27.43,1,1,1,0
15,377,1709.79,564.9,33.02,39.86,1,1,1,0
15,378,610.77,588.71,36.06,38.96,1,1,1,0
15,379,563.9,549.03,42.68,47.58,1,1,1,0
15,380,1427.75,561.23,21.0,22.87,1,1,1,0
15,384,132.01,475.82,227.45,287.28,1,1,1,0
15,383,545.53,577.14,22.81,24.13,1,1,1,0
16,373,529.39,633.05,161.18,175.58,1,1,1,0
16,374,1705.73,530.95,41.16,44.0,1,1,1,0
16,375,681.1,64.26,573.62,701.78,1,1,1,1
16,377,1700.59,566.19,32.22,38.65,1,1,1,0
16,378,602.92,590.06,35.64,38.3,1,1,1,0
16,379,557.65,551.01,41.46,46.12,1,1,1,0
16,380,1423.98,560.44,20.17,22.02,1,1,1,0
16,384,171.11,464.75,233.89,292.38,1,1,1,0
16,383,541.7,578.09,20.85,22.11,1,1,1,0
17,373,553.3,634.85,159.45,174.29,1,1,1,0
17,374,1696.46,530.03,40.13,42.75,1,1,1,0
17,375,678.35,62.33,571.09,696.18,1,1,1,1
17,377,1690.74,566.49,32.59,38.99,1,1,1,0
17,378,595.27,590.74,35.87,38.26,1,1,1,0
17,379,552.96,552.37,39.08,43.53,1,1,1,0
17,380,1417.32,559.34,21.03,22.95,1,1,1,0
17,384,210.38,456.59,233.71,288.54,1,1,1,0
17,383,535.86,578.5,20.37,21.75,1,1,1,0
18,373,576.62,633.5,158.56,173.91,1,1,1,0
18,374,1687.4,529.06,40.48,43.1,1,1,1,0
18,375,675.11,60.72,569.76,691.59,1,1,1,1
18,377,1681.13,565.59,32.5,38.71,1,1,1,0
18,378,587.09,589.17,36.51,38.85,1,1,1,0
18,379,543.27,552.25,40.51,45.02,1,1,1,0
18,380,1412.64,558.96,21.35,23.29,1,1,1,0
18,384,252.6,449.58,237.07,289.38,1,1,1,0
19,373,601.09,629.77,156.56,172.23,1,1,1,0
19,374,1678.76,528.11,40.63,43.23,1,1,1,0
19,375,668.26,59.65,574.94,695.83,1,1,1,1
19,377,1672.24,565.44,32.54,38.61,1,1,1,0
19,378,578.59,588.18,37.57,39.87,1,1,1,0
19,379,533.68,551.81,42.78,47.53,1,1,1,0
19,380,1408.18,559.23,20.86,22.62,1,1,1,0
19,384,292.43,444.19,237.48,286.07,1,1,1,0
20,373,625.33,623.54,155.63,171.69,1,1,1,0
20,374,1668.99,526.55,41.67,44.49,1,1,1,0
20,375,662.57,56.81,578.43,697.64,1,1,1,1
20,377,1662.69,563.58,32.91,38.97,1,1,1,0
20,378,570.36,586.82,36.64,38.87,1,1,1,0
20,380,1400.14,561.17,22.56,24.39,1,1,1,0
20,384,328.36,436.55,242.8,289.74,1,1,1,0
21,373,643.93,615.63,158.21,173.98,1,1,1,0
21,374,1660.12,525.78,41.99,44.96,1,1,1,0
21,375,664.92,62.51,574.09,691.34,1,1,1,1
21,377,1653.3,561.69,32.58,38.71,1,1,1,0
21,380,1394.14,561.68,23.21,25.02,1,1,1,0
21,384,367.62,432.4,243.54,288.1,1,1,1,0
22,373,667.99,612.15,156.71,173.88,1,1,1,0
22,374,1650.96,525.69,41.73,44.75,1,1,1,0
22,375,657.92,67.03,578.71,696.41,1,1,1,1
22,377,1644.34,560.58,31.23,37.01,1,1,1,0
22,380,1388.18,562.27,23.27,25.27,1,1,1,0
22,384,404.21,431.94,242.8,284.49,1,1,1,0
22,382,298.82,580.8,17.87,18.69,1,1,1,0
22,376,327.56,583.85,23.84,26.01,1,1,1,0
23,373,691.63,613.72,152.16,170.69,1,1,1,0
23,374,1640.86,524.28,42.87,46.25,1,1,1,0
23,375,649.5,69.87,579.39,693.66,1,1,1,1
23,377,1634.33,559.37,31.95,37.99,1,1,1,0
23,380,1384.08,563.49,22.58,24.57,1,1,1,0
23,384,440.35,428.46,245.18,284.57,1,1,1,0
23,382,300.92,578.47,18.95,19.94,1,1,1,0
23,376,322.05,583.93,24.11,26.33,1,1,1,0
24,374,1632.21,523.37,42.52,46.03,1,1,1,0
24,375,644.85,73.87,586.34,701.39,1,1,1,1
24,377,1626.16,558.34,33.74,39.94,1,1,1,0
24,380,1379.26,566.15,22.91,25.09,1,1,1,0
24,384,478.04,426.25,244.9,283.23,1,1,1,0
24,376,316.12,583.35,24.32,26.43,1,1,1,0
25,374,1623.92,525.81,40.43,43.55,1,1,1,0
25,375,642.18,74.91,592.17,709.57,1,1,1,1
25,377,1615.47,559.34,32.92,39.11,1,1,1,0
25,384,504.87,425.12,252.26,291.59,1,1,1,0
25,376,307.13,582.74,27.29,29.66,1,1,1,0
26,374,1614.09,527.59,41.01,44.22,1,1,1,0
26,375,641.0,81.18,595.66,714.72,1,1,1,1
26,377,1607.52,559.17,34.71,41.17,1,1,1,0
26,384,533.31,427.74,254.55,297.28,1,1,1,0
26,376,301.97,580.99,28.18,30.84,1,1,1,0
26,379,480.71,549.61,43.91,49.33,1,1,1,0
26,380,1370.97,564.08,22.21,24.36,1,1,1,0
27,374,1605.17,527.84,41.19,44.46,1,1,1,0
27,375,637.5,82.1,597.7,716.53,1,1,1,1
27,377,1599.39,561.45,35.12,41.53,1,1,1,0
27,384,564.42,429.41,261.18,304.77,1,1,1,0
27,376,299.3,579.32,27.45,30.15,1,1,1,0
27,379,474.07,547.57,44.6,50.25,1,1,1,0
27,380,1367.35,562.92,22.0,24.16,1,1,1,0
27,378,524.26,585.23,39.68,42.01,1,1,1,0
28,374,1596.39,529.32,40.07,43.35,1,1,1,0
28,375,626.2,78.79,611.38,733.12,1,1,1,1
28,377,1590.8,563.15,35.9,42.45,1,1,1,0
28,384,608.2,441.31,254.08,299.54,1,1,1,0
28,376,295.1,581.44,25.07,27.47,1,1,1,0
28,379,467.57,546.88,44.55,50.17,1,1,1,0
28,380,1361.72,561.92,22.77,24.9,1,1,1,0
28,378,518.3,584.74,40.41,42.62,1,1,1,0
28,382,307.4,576.65,23.02,24.29,1,1,1,0
29,374,1587.73,530.89,39.91,43.34,1,1,1,0
29,375,626.68,80.43,611.13,732.07,1,1,1,1
29,377,1581.3,564.78,35.11,41.62,1,1,1,0
29,384,636.55,449.19,228.28,269.14,1,1,1,0
29,376,291.2,582.29,24.91,27.24,1,1,1,0
29,379,461.76,546.82,43.45,48.94,1,1,1,0
29,380,1358.94,560.57,23.12,25.17,1,1,1,0
29,378,512.56,585.55,39.76,41.85,1,1,1,0
29,382,309.63,577.32,22.5,23.92,1,1,1,0
30,374,1577.24,532.06,40.64,44.14,1,1,1,0
30,375,626.3,81.2,613.14,733.39,1,1,1,1
30,377,1571.16,565.61,35.83,42.47,1,1,1,0
30,376,285.2,583.2,25.07,27.15,1,1,1,0
30,379,453.94,546.61,44.48,50.07,1,1,1,0
30,380,1355.67,560.05,23.3,25.27,1,1,1,0
30,378,506.71,585.68,39.83,41.74,1,1,1,0
30,382,312.57,578.0,21.92,23.37,1,1,1,0
31,374,1567.12,532.68,41.22,44.83,1,1,1,0
31,375,621.04,72.9,623.67,745.15,1,1,1,1
31,377,1561.45,566.11,35.82,42.39,1,1,1,0
31,376,278.77,584.54,25.51,27.52,1,1,1,0
31,379,447.46,546.54,44.52,50.09,1,1,1,0
31,380,1352.36,560.06,23.1,24.91,1,1,1,0
31,378,501.71,585.93,39.95,41.89,1,1,1,0
31,382,315.21,578.47,21.29,22.75,1,1,1,0
32,374,1555.56,532.71,41.72,45.49,1,1,1,0
32,375,620.84,69.92,625.95,745.8,1,1,1,1
32,377,1551.47,566.29,36.4,43.13,1,1,1,0
32,376,273.88,584.64,25.44,27.26,1,1,1,0
32,379,442.12,546.92,44.47,50.09,1,1,1,0
32,380,1347.54,560.47,22.53,24.38,1,1,1,0
32,378,496.27,585.03,41.22,43.33,1,1,1,0
32,382,317.37,578.26,20.57,22.11,1,1,1,0
33,374,1545.67,532.7,40.92,44.56,1,1,1,0
33,375,625.55,71.94,623.69,740.4,1,1,1,1
33,377,1540.77,565.95,36.87,43.8,1,1,1,0
33,376,267.73,584.87,26.07,27.97,1,1,1,0
33,379,436.51,547.27,43.83,49.29,1,1,1,0
33,380,1343.16,560.24,21.42,23.37,1,1,1,0
33,378,490.48,586.07,41.29,43.67,1,1,1,0
33,382,320.91,577.99,19.48,21.06,1,1,1,0
34,374,1535.12,532.27,40.64,44.19,1,1,1,0
34,375,627.67,76.08,625.05,740.06,1,1,1,1
34,377,1530.23,565.42,36.43,43.26,1,1,1,0
34,376,262.86,585.94,26.64,28.62,1,1,1,0
34,379,431.02,548.01,43.31,48.58,1,1,1,0
34,380,1338.52,560.76,20.91,23.0,1,1,1,0
34,378,486.95,587.46,41.65,44.38,1,1,1,0
34,382,324.37,577.09,19.08,20.67,1,1,1,0
34,386,715.14,619.07,25.31,28.93,1,1,1,0
35,374,1524.32,531.3,40.56,44.05,1,1,1,0
35,375,627.4,73.05,633.72,749.62,1,1,1,1
35,377,1520.09,564.21,36.54,43.43,1,1,1,0
35,376,257.04,584.76,27.48,29.66,1,1,1,0
35,379,424.47,549.09,43.42,48.72,1,1,1,0
35,380,1334.02,560.96,21.83,24.08,1,1,1,0
35,378,484.55,588.98,42.33,45.23,1,1,1,0
35,382,326.41,576.97,18.86,20.52,1,1,1,0
35,386,713.93,618.98,25.31,28.93,1,1,1,0
36,374,1513.92,530.33,41.19,44.8,1,1,1,0
36,375,628.03,72.29,638.7,755.15,1,1,1,1
36,377,1511.85,563.16,36.55,43.49,1,1,1,0
36,376,252.5,584.89,27.09,29.27,1,1,1,0
36,379,417.53,549.5,44.54,49.97,1,1,1,0
36,380,1329.75,561.62,21.28,23.69,1,1,1,0
36,378,482.72,590.14,42.06,44.96,1,1,1,0
36,382,329.8,576.34,17.36,18.86,1,1,1,0
36,386,712.59,619.42,25.31,28.93,1,1,1,0
36,387,0,569.47,72.0,131.81,1,1,1,0
36,388,572.17,644.14,36.19,38.33,1,1,1,0
37,374,1503.91,529.17,41.62,45.08,1,1,1,0
37,375,627.47,73.76,640.2,755.8,1,1,1,1
37,377,1503.45,562.56,35.12,41.52,1,1,1,0
37,376,248.25,585.14,26.26,28.31,1,1,1,0
37,379,411.66,550.04,44.01,49.25,1,1,1,0
37,380,1325.02,562.29,21.27,23.94,1,1,1,0
37,378,478.18,589.99,41.39,43.84,1,1,1,0
37,382,331.31,576.53,16.87,18.24,1,1,1,0
37,386,710.85,619.56,25.31,28.93,1,1,1,0
37,387,0,568.6,91.38,131.48,1,1,1,0
37,388,570.4,644.23,37.17,39.39,1,1,1,0
38,374,1494.05,528.53,41.96,45.58,1,1,1,0
38,375,628.41,74.52,643.57,759.32,1,1,1,1
38,377,1494.78,561.93,33.55,39.54,1,1,1,0
38,376,243.78,585.02,26.34,28.34,1,1,1,0
38,379,404.73,550.84,44.58,49.77,1,1,1,0
38,380,1320.43,562.93,20.85,23.64,1,1,1,0
38,378,472.72,588.91,40.27,42.41,1,1,1,0
38,382,333.66,576.81,17.85,19.27,1,1,1,0
38,386,709.45,619.59,25.31,28.93,1,1,1,0
38,387,4.12,565.49,106.22,133.24,1,1,1,0
38,388,569.03,644.71,36.69,38.89,1,1,1,0
39,374,1484.67,528.29,41.4,44.98,1,1,1,0
39,375,633.29,79.94,641.32,756.61,1,1,1,1
39,377,1486.42,561.91,32.73,38.4,1,1,1,0
39,376,238.55,583.38,27.46,29.54,1,1,1,0
39,379,398.5,551.33,44.19,49.17,1,1,1,0
39,380,1315.57,562.97,20.92,23.93,1,1,1,0
39,378,465.66,587.09,40.66,42.87,1,1,1,0
39,382,335.5,576.52,18.9,20.42,1,1,1,0
39,386,708.18,619.6,25.31,28.93,1,1,1,0
39,387,23.45,560.28,106.49,133.13,1,1,1,0
39,388,567.11,644.43,37.29,39.57,1,1,1,0
39,389,0,608.28,80.32,139.52,1,1,1,0
40,374,1475.63,529.0,41.81,45.54,1,1,1,0
40,375,639.62,84.37,638.21,753.5,1,1,1,1
40,377,1478.57,562.32,31.4,36.78,1,1,1,0
40,376,233.67,582.77,27.91,29.99,1,1,1,0
40,379,391.8,550.91,44.47,49.33,1,1,1,0
40,380,1311.61,562.78,20.78,23.64,1,1,1,0
40,378,458.19,585.02,43.27,45.62,1,1,1,0
40,382,337.5,576.41,18.92,20.47,1,1,1,0
40,386,706.95,619.18,25.31,28.93,1,1,1,0
40,387,42.8,556.24,106.03,131.98,1,1,1,0
40,388,565.48,644.33,37.41,39.8,1,1,1,0
40,389,0,605.59,95.44,139.06,1,1,1,0
41,374,1466.56,529.87,41.27,44.96,1,1,1,0
41,375,644.82,88.4,633.73,748.27,1,1,1,1
41,377,1469.55,563.09,30.95,36.2,1,1,1,0
41,376,229.17,582.54,27.41,29.37,1,1,1,0
41,379,385.68,550.74,44.29,49.0,1,1,1,0
41,380,1306.92,562.5,21.08,23.93,1,1,1,0
41,378,454.4,584.45,41.79,44.12,1,1,1,0
41,382,339.75,576.18,19.34,20.89,1,1,1,0
41,386,706.19,619.02,25.24,28.93,1,1,1,0
41,387,62.84,553.7,104.99,129.86,1,1,1,0
41,388,564.16,644.29,37.38,39.86,1,1,1,0
41,389,0,601.64,113.31,140.54,1,1,1,0
41,384,1133.76,453.06,170.77,206.76,1,1,1,0
42,374,1454.97,530.8,43.81,47.92,1,1,1,0
42,375,645.75,88.47,641.17,760.01,1,1,1,1
42,377,1461.35,563.98,29.93,34.78,1,1,1,0
42,376,224.38,582.65,27.21,29.12,1,1,1,0
42,379,379.29,550.27,44.53,49.27,1,1,1,0
42,378,449.57,584.04,41.32,43.69,1,1,1,0
42,382,339.62,575.12,20.15,21.84,1,1,1,0
42,386,705.13,618.97,25.24,28.93,1,1,1,0
42,387,80.07,548.95,108.43,133.11,1,1,1,0
42,388,562.93,644.69,37.32,39.87,1,1,1,0
42,389,16.48,598.0,115.26,139.45,1,1,1,0
42,384,1151.1,442.62,179.51,216.36,1,1,1,0
43,374,1444.67,532.5,44.64,49.01,1,1,1,0
43,375,644.39,88.84,642.92,762.4,1,1,1,1
43,377,1452.83,565.34,29.98,34.7,1,1,1,0
43,376,219.63,582.7,26.84,28.62,1,1,1,0
43,379,373.85,550.09,44.0,48.58,1,1,1,0
43,378,444.31,584.1,41.26,43.73,1,1,1,0
43,382,341.92,574.91,19.13,20.63,1,1,1,0
43,386,704.33,619.35,24.53,28.12,1,1,1,0
43,387,100.91,547.17,107.23,130.79,1,1,1,0
43,388,561.75,644.42,37.25,39.87,1,1,1,0
43,389,38.88,596.28,115.44,137.96,1,1,1,0
43,384,1167.69,433.73,193.45,230.86,1,1,1,0
44,374,1435.76,533.75,44.56,49.03,1,1,1,0
44,375,649.67,91.31,643.33,764.82,1,1,1,1
44,376,216.63,583.33,24.73,26.43,1,1,1,0
44,379,369.15,550.21,42.44,46.71,1,1,1,0
44,378,438.94,585.33,41.25,43.74,1,1,1,0
44,382,345.71,575.86,17.94,19.34,1,1,1,0
44,386,703.37,619.09,24.89,28.63,1,1,1,0
44,387,118.86,545.03,107.55,129.91,1,1,1,0
44,388,560.8,644.73,37.13,39.86,1,1,1,0
44,389,59.85,592.4,116.02,136.61,1,1,1,0
44,384,1180.29,428.73,211.95,248.68,1,1,1,0
45,374,1428.26,535.41,42.39,46.66,1,1,1,0
45,375,649.18,91.8,649.94,774.0,1,1,1,1
45,379,363.36,549.65,41.6,45.61,1,1,1,0
45,378,432.54,587.79,41.23,43.74,1,1,1,0
45,382,347.83,577.04,17.51,18.86,1,1,1,0
45,386,702.18,619.4,24.36,28.02,1,1,1,0
45,387,136.31,543.77,108.11,129.39,1,1,1,0
45,388,560.09,645.25,36.29,39.04,1,1,1,0
45,389,80.82,589.28,116.73,135.1,1,1,1,0
45,384,1211.23,433.9,220.1,258.65,1,1,1,0
46,375,652.47,95.1,651.67,778.19,1,1,1,1
46,379,354.35,548.63,43.81,47.65,1,1,1,0
46,378,423.14,588.92,43.26,45.92,1,1,1,0
46,386,700.66,619.11,24.77,28.6,1,1,1,0
46,387,152.66,542.2,110.14,130.83,1,1,1,0
46,388,559.12,645.44,35.88,38.73,1,1,1,0
46,389,100.74,587.67,118.98,135.63,1,1,1,0
46,384,1250.98,440.55,211.94,246.67,1,1,1,0
47,375,655.2,95.91,652.37,780.87,1,1,1,1
47,379,347.84,548.46,44.21,47.99,1,1,1,0
47,378,416.01,590.51,43.31,45.95,1,1,1,0
47,386,699.37,619.0,24.88,28.81,1,1,1,0
47,387,171.07,541.92,108.58,127.56,1,1,1,0
47,388,558.23,645.5,35.67,38.61,1,1,1,0
47,389,120.82,585.97,121.47,136.67,1,1,1,0
47,384,1282.27,446.34,213.67,244.28,1,1,1,0
48,375,666.08,97.94,638.34,764.16,1,1,1,1
48,379,341.35,548.2,43.78,47.33,1,1,1,0
48,378,409.31,590.92,43.0,45.75,1,1,1,0
48,386,698.15,618.96,24.87,28.89,1,1,1,0
48,387,187.21,540.31,111.17,129.57,1,1,1,0
48,388,556.85,645.52,36.18,39.38,1,1,1,0
48,389,142.51,585.45,122.11,135.45,1,1,1,0
48,384,1314.46,451.29,217.25,244.95,1,1,1,0
49,375,675.77,105.05,628.08,751.64,1,1,1,1
49,379,335.13,548.31,44.09,47.49,1,1,1,0
49,378,400.41,591.66,43.34,46.26,1,1,1,0
49,386,697.65,619.34,24.24,28.13,1,1,1,0
49,387,205.65,542.59,108.89,125.92,1,1,1,0
49,388,555.61,645.52,36.3,39.66,1,1,1,0
49,389,161.7,585.58,123.77,135.21,1,1,1,0
49,384,1346.57,453.14,220.74,244.37,1,1,1,0
49,380,1272.73,560.32,21.72,24.67,1,1,1,0
50,375,672.92,106.25,627.75,749.54,1,1,1,1
50,379,329.31,549.75,43.67,46.75,1,1,1,0
50,378,392.81,592.71,42.87,45.66,1,1,1,0
50,386,696.71,619.49,24.0,27.83,1,1,1,0
50,387,222.82,544.18,109.17,125.55,1,1,1,0
50,388,554.2,645.12,36.33,39.77,1,1,1,0
50,389,183.75,588.34,123.56,133.32,1,1,1,0
50,384,1380.56,450.63,233.14,256.86,1,1,1,0
50,380,1270.23,561.01,20.84,23.89,1,1,1,0
51,375,672.42,104.42,631.53,754.18,1,1,1,1
51,379,324.89,550.3,41.7,44.47,1,1,1,0
51,378,383.62,593.5,43.05,45.81,1,1,1,0
51,386,695.54,619.55,24.04,27.73,1,1,1,0
51,387,237.81,546.02,108.49,124.23,1,1,1,0
51,388,552.71,644.97,36.35,39.8,1,1,1,0
51,389,206.95,592.29,124.4,133.44,1,1,1,0
51,384,1432.74,447.34,224.52,246.25,1,1,1,0
51,380,1265.8,562.66,21.33,24.43,1,1,1,0
52,375,664.9,102.47,639.88,763.51,1,1,1,1
52,378,373.93,593.97,39.79,42.49,1,1,1,0
52,386,693.56,619.56,24.01,27.69,1,1,1,0
52,387,265.85,551.39,110.44,125.57,1,1,1,0
52,388,551.01,644.91,36.34,39.81,1,1,1,0
52,389,245.96,596.0,126.06,134.92,1,1,1,0
52,384,1497.63,433.95,226.48,247.51,1,1,1,0
52,373,1442.16,573.94,121.65,134.82,1,1,1,0
52,376,168.75,586.24,25.42,27.08,1,1,1,0
52,374,1357.98,531.14,44.55,49.27,1,1,1,0
53,375,666.32,105.64,639.95,763.46,1,1,1,1
53,386,692.06,619.57,24.01,27.68,1,1,1,0
53,387,287.08,553.8,111.89,126.09,1,1,1,0
53,388,549.73,645.28,35.7,39.02,1,1,1,0
53,389,276.5,601.0,123.96,132.29,1,1,1,0
53,384,1543.34,428.05,229.23,249.74,1,1,1,0
53,373,1465.52,572.57,123.95,136.45,1,1,1,0
53,376,162.49,585.79,26.51,28.37,1,1,1,0
53,374,1349.04,531.39,44.53,49.44,1,1,1,0
54,375,663.79,103.62,643.21,766.99,1,1,1,1
54,386,690.04,619.17,24.62,28.48,1,1,1,0
54,388,548.31,645.82,35.45,38.71,1,1,1,0
54,389,287.26,572.44,146.02,158.13,1,1,1,0
54,384,1579.2,422.7,229.95,246.58,1,1,1,0
54,373,1489.64,572.15,125.93,138.47,1,1,1,0
54,376,157.28,585.65,26.47,28.41,1,1,1,0
54,374,1339.1,532.27,45.61,51.08,1,1,1,0
55,375,667.36,101.82,635.27,754.98,1,1,1,1
55,386,688.56,619.02,24.79,28.78,1,1,1,0
55,388,546.68,645.62,36.05,39.4,1,1,1,0
55,389,303.45,562.79,153.08,167.94,1,1,1,0
55,384,1613.57,416.56,233.26,246.33,1,1,1,0
55,373,1513.62,573.08,131.75,144.79,1,1,1,0
55,376,152.03,585.19,26.49,28.41,1,1,1,0
55,374,1330.38,533.0,45.52,51.3,1,1,1,0
55,390,1453.2,558.56,22.14,23.99,1,1,1,0
55,379,292.06,554.0,41.65,44.54,1,1,1,0
56,375,667.65,104.09,637.09,756.18,1,1,1,1
56,386,687.67,618.96,24.82,28.9,1,1,1,0
56,388,545.47,645.55,35.59,38.86,1,1,1,0
56,389,323.27,558.11,153.87,170.43,1,1,1,0
56,384,1647.22,412.55,234.76,247.21,1,1,1,0
56,373,1535.75,574.47,137.64,151.35,1,1,1,0
56,376,147.06,584.81,26.13,28.01,1,1,1,0
56,374,1321.16,534.65,45.35,51.37,1,1,1,0
56,390,1449.66,559.35,22.21,24.08,1,1,1,0
56,379,284.62,555.04,41.01,43.77,1,1,1,0
57,375,667.09,104.31,644.22,766.0,1,1,1,1
57,386,687.3,618.94,24.2,28.14,1,1,1,0
57,388,544.26,645.51,35.42,38.66,1,1,1,0
57,389,343.11,552.71,151.25,168.39,1,1,1,0
57,384,1682.28,409.15,237.03,249.51,1,1,1,0
57,373,1559.89,578.6,136.63,149.84,1,1,1,0
57,376,142.21,584.67,25.64,27.46,1,1,1,0
57,374,1312.32,536.07,44.0,49.8,1,1,1,0
57,390,1442.89,560.08,24.02,25.98,1,1,1,0
57,379,277.15,555.39,41.41,44.31,1,1,1,0
58,375,662.57,102.58,646.73,767.9,1,1,1,1
58,386,686.41,619.34,23.97,27.85,1,1,1,0
58,388,543.02,645.1,35.43,38.58,1,1,1,0
58,389,381.47,577.94,127.48,141.42,1,1,1,0
58,384,1708.99,407.38,236.76,250.95,1,1,1,0
58,373,1585.21,583.05,136.89,149.97,1,1,1,0
58,376,136.67,584.81,25.76,27.64,1,1,1,0
58,374,1303.11,537.01,43.22,49.19,1,1,1,0
58,390,1437.68,560.52,23.89,25.71,1,1,1,0
58,379,270.63,556.5,40.16,42.92,1,1,1,0
58,378,321.46,590.45,41.06,43.89,1,1,1,0
58,387,370.11,546.73,113.99,128.7,1,1,1,0
59,375,668.95,103.68,636.94,754.49,1,1,1,1
59,386,685.32,619.09,23.91,27.75,1,1,1,0
59,388,541.96,645.34,35.53,38.56,1,1,1,0
59,389,404.39,585.77,121.64,134.25,1,1,1,0
59,384,1712.53,406.03,256.48,274.47,1,1,1,0
59,373,1610.25,587.11,134.34,146.77,1,1,1,0
59,376,132.28,584.87,25.56,27.31,1,1,1,0
59,374,1293.7,537.74,42.78,48.55,1,1,1,0
59,390,1433.2,561.28,22.66,24.27,1,1,1,0
59,379,263.2,556.5,40.11,42.79,1,1,1,0
59,378,312.74,589.29,41.54,44.42,1,1,1,0
59,387,383.53,543.78,119.39,135.36,1,1,1,0
60,375,654.03,93.85,664.62,790.4,1,1,1,1
60,386,683.75,618.99,23.89,27.71,1,1,1,0
60,388,542.38,644.63,35.24,38.55,1,1,1,0
60,384,1751.74,402.86,228.93,247.13,1,1,1,0
60,373,1634.9,589.63,131.25,143.3,1,1,1,0
60,376,127.56,584.69,25.45,27.19,1,1,1,0
60,374,1283.4,538.2,44.1,49.92,1,1,1,0
60,390,1428.83,560.87,23.14,24.59,1,1,1,0
60,379,254.83,556.49,41.01,43.55,1,1,1,0
60,378,305.45,589.89,41.3,44.0,1,1,1,0
60,387,397.05,543.56,140.49,159.49,1,1,1,0
61,375,658.06,92.79,659.68,785.76,1,1,1,1
61,386,682.5,618.56,24.5,28.5,1,1,1,0
61,384,1779.26,403.43,213.04,230.03,1,1,1,0
61,373,1658.31,590.11,133.45,145.62,1,1,1,0
61,376,123.2,585.02,25.11,26.74,1,1,1,0
61,374,1275.45,537.76,43.87,50.03,1,1,1,0
61,390,1424.33,560.3,22.93,24.28,1,1,1,0
61,379,247.09,555.87,40.92,43.43,1,1,1,0
61,378,297.2,589.53,42.86,45.63,1,1,1,0
61,387,418.04,540.69,126.52,144.57,1,1,1,0
61,389,442.14,585.16,122.51,133.74,1,1,1,0
62,375,674.32,91.8,644.17,769.69,1,1,1,1
62,386,681.3,618.79,24.68,28.79,1,1,1,0
62,384,1804.87,409.51,204.35,222.24,1,1,1,0
62,373,1685.65,589.45,136.81,148.07,1,1,1,0
62,376,118.56,585.55,25.3,26.97,1,1,1,0
62,374,1269.13,537.77,41.6,47.68,1,1,1,0
62,390,1420.75,560.7,22.2,23.34,1,1,1,0
62,379,239.08,554.22,41.27,43.79,1,1,1,0
62,378,289.19,590.18,43.4,46.23,1,1,1,0
62,387,432.57,539.3,128.72,147.8,1,1,1,0
62,389,469.87,597.57,111.78,120.41,1,1,1,0
63,375,686.97,93.06,628.48,752.66,1,1,1,1
63,386,680.12,618.88,24.71,28.9,1,1,1,0
63,384,1822.22,422.38,202.22,220.77,1,1,1,0
63,373,1711.19,587.57,139.19,149.38,1,1,1,0
63,376,113.34,585.75,25.43,27.06,1,1,1,0
63,374,1264.99,538.16,37.11,42.72,1,1,1,0
63,390,1418.58,560.83,20.8,21.74,1,1,1,0
63,379,231.88,553.4,41.35,43.93,1,1,1,0
63,378,280.96,591.23,44.06,46.85,1,1,1,0
63,387,451.07,537.05,123.75,142.49,1,1,1,0
63,389,484.32,587.78,119.61,128.63,1,1,1,0
64,375,695.48,93.75,613.32,734.01,1,1,1,1
64,386,679.62,619.32,24.1,28.15,1,1,1,0
64,384,1844.46,436.59,185.3,203.48,1,1,1,0
64,373,1733.75,581.46,147.35,156.8,1,1,1,0
64,376,108.0,586.21,25.73,27.49,1,1,1,0
64,374,1253.18,541.01,37.11,42.56,1,1,1,0
64,390,1415.75,560.65,19.83,20.75,1,1,1,0
64,379,224.25,552.49,41.82,44.38,1,1,1,0
64,378,272.99,592.81,43.91,46.68,1,1,1,0
64,387,470.24,535.43,119.6,138.33,1,1,1,0
64,389,503.95,584.75,117.58,125.58,1,1,1,0
64,391,398.71,576.28,16.93,18.56,1,1,1,0
65,375,696.12,93.02,610.16,729.75,1,1,1,1
65,386,679.02,619.48,24.0,27.86,1,1,1,0
65,384,1862.7,455.9,171.89,189.82,1,1,1,0
65,373,1759.47,573.89,150.66,159.37,1,1,1,0
65,376,104.58,586.19,25.36,27.26,1,1,1,0
65,374,1244.02,536.26,39.56,45.37,1,1,1,0
65,390,1409.48,559.11,22.01,22.95,1,1,1,0
65,379,216.08,552.35,42.78,45.34,1,1,1,0
65,378,263.97,594.02,43.93,46.8,1,1,1,0
65,387,487.72,533.06,123.3,142.53,1,1,1,0
65,389,520.76,580.96,120.75,128.67,1,1,1,0
65,391,400.27,576.66,16.57,18.18,1,1,1,0
65,392,293.23,578.27,25.24,25.67,1,1,1,0
66,375,698.06,93.56,614.69,737.94,1,1,1,1
66,386,678.0,619.54,24.05,27.75,1,1,1,0
66,373,1782.23,565.05,147.94,156.01,1,1,1,0
66,376,101.62,586.57,24.47,26.37,1,1,1,0
66,390,1404.48,559.58,22.13,22.9,1,1,1,0
66,379,208.27,551.31,43.8,46.49,1,1,1,0
66,378,256.03,594.46,43.26,46.04,1,1,1,0
66,387,503.71,531.63,118.38,137.18,1,1,1,0
66,389,532.52,576.6,132.47,141.57,1,1,1,0
66,392,288.21,578.03,27.72,28.23,1,1,1,0
67,375,697.18,90.99,608.72,729.52,1,1,1,1
67,386,675.72,619.16,24.73,28.51,1,1,1,0
67,373,1806.23,556.88,141.09,149.05,1,1,1,0
67,376,98.01,586.71,23.35,25.23,1,1,1,0
67,390,1401.2,559.37,22.08,22.89,1,1,1,0
67,379,202.42,550.73,43.15,45.74,1,1,1,0
67,378,248.68,594.62,42.77,45.74,1,1,1,0
67,387,516.69,530.34,123.45,143.48,1,1,1,0
67,389,547.42,575.77,137.49,147.88,1,1,1,0
67,392,284.64,578.63,25.0,25.47,1,1,1,0
67,393,1477.29,551.57,21.7,22.9,1,1,1,0
68,375,701.65,89.02,596.69,712.16,1,1,1,1
68,386,675.04,619.42,23.14,26.43,1,1,1,0
68,373,1823.33,551.24,139.4,148.58,1,1,1,0
68,376,94.66,586.96,22.82,24.81,1,1,1,0
68,390,1397.91,559.9,21.7,22.48,1,1,1,0
68,379,195.29,550.31,43.78,46.24,1,1,1,0
68,378,240.36,594.27,43.15,46.02,1,1,1,0
68,387,532.17,532.44,132.11,153.4,1,1,1,0
68,389,572.81,576.28,127.76,137.2,1,1,1,0
68,392,278.89,580.5,24.32,24.81,1,1,1,0
68,393,1473.44,551.01,20.84,21.97,1,1,1,0
68,391,408.06,573.07,20.16,22.07,1,1,1,0
69,375,700.55,84.47,596.82,710.84,1,1,1,1
69,373,1840.34,548.65,138.21,149.41,1,1,1,0
69,376,90.06,585.42,22.24,24.26,1,1,1,0
69,390,1393.29,560.1,22.25,23.14,1,1,1,0
69,379,189.97,550.56,43.23,45.63,1,1,1,0
69,378,232.24,593.93,43.51,46.32,1,1,1,0
69,387,552.38,534.62,122.28,142.33,1,1,1,0
69,389,591.11,577.81,125.19,133.53,1,1,1,0
69,392,274.84,581.71,22.82,23.28,1,1,1,0
69,393,1468.32,550.59,20.58,21.66,1,1,1,0
69,391,410.08,574.24,19.53,21.35,1,1,1,0
70,375,698.74,84.43,598.01,711.31,1,1,1,1
70,373,1860.95,552.16,128.35,140.95,1,1,1,0
70,376,85.43,586.48,20.86,22.85,1,1,1,0
70,390,1388.87,560.76,21.75,22.59,1,1,1,0
70,379,184.0,551.07,43.17,45.38,1,1,1,0
70,378,224.87,593.2,43.69,46.63,1,1,1,0
70,387,572.21,537.21,118.21,137.63,1,1,1,0
70,389,606.62,579.0,126.63,134.38,1,1,1,0
70,392,270.88,582.28,22.79,23.26,1,1,1,0
70,393,1463.94,550.48,20.97,22.06,1,1,1,0
70,391,410.49,575.39,18.47,20.16,1,1,1,0
71,375,697.77,85.25,599.0,711.63,1,1,1,1
71,373,1890.98,559.39,119.93,131.15,1,1,1,0
71,390,1384.18,561.02,23.12,23.98,1,1,1,0
71,379,177.45,551.27,43.5,45.69,1,1,1,0
71,378,217.74,592.32,43.51,46.54,1,1,1,0
71,389,601.88,555.98,148.72,156.99,1,1,1,0
71,392,266.13,582.87,23.15,23.7,1,1,1,0
71,393,1458.8,550.89,21.9,23.07,1,1,1,0
71,388,529.3,644.84,35.31,38.57,1,1,1,0
72,375,700.52,86.6,596.32,707.28,1,1,1,1
72,390,1380.77,562.09,22.45,23.32,1,1,1,0
72,379,172.52,552.93,42.88,45.0,1,1,1,0
72,378,210.83,591.79,43.14,46.3,1,1,1,0
72,389,633.09,572.92,136.45,142.88,1,1,1,0
72,392,262.07,583.04,23.22,23.87,1,1,1,0
72,393,1454.67,551.25,22.2,23.42,1,1,1,0
72,388,527.93,644.85,36.04,39.41,1,1,1,0
72,387,609.12,542.6,112.92,130.38,1,1,1,0
73,375,699.87,87.94,593.85,702.57,1,1,1,1
73,390,1375.51,562.9,22.49,23.45,1,1,1,0
73,379,167.09,553.98,41.98,43.94,1,1,1,0
73,378,203.09,590.79,43.7,47.0,1,1,1,0
73,389,634.9,557.3,153.4,159.79,1,1,1,0
73,392,257.79,583.07,22.85,23.54,1,1,1,0
73,393,1450.25,551.8,21.92,23.13,1,1,1,0
73,388,526.53,645.26,36.17,39.68,1,1,1,0
74,375,698.84,92.07,594.47,702.14,1,1,1,1
74,390,1370.53,564.19,22.45,23.5,1,1,1,0
74,379,160.3,554.76,42.86,44.75,1,1,1,0
74,378,196.53,591.41,42.41,45.48,1,1,1,0
74,389,648.65,554.11,160.45,166.48,1,1,1,0
74,392,253.9,582.84,23.04,23.84,1,1,1,0
74,393,1446.17,552.83,22.17,23.42,1,1,1,0
74,388,525.23,645.41,36.25,39.78,1,1,1,0
75,375,696.73,92.82,598.92,706.9,1,1,1,1
75,390,1365.37,563.68,22.95,23.91,1,1,1,0
75,379,153.9,555.84,43.21,45.05,1,1,1,0
75,378,188.86,592.06,42.35,45.29,1,1,1,0
75,389,686.5,571.16,141.77,147.77,1,1,1,0
75,392,248.98,582.75,23.54,24.37,1,1,1,0
75,393,1441.78,553.8,21.88,23.12,1,1,1,0
75,388,524.2,645.47,36.27,39.81,1,1,1,0
75,387,661.45,546.37,110.47,127.25,1,1,1,0
76,375,690.95,89.91,608.19,718.36,1,1,1,1
76,390,1359.42,563.47,23.51,24.46,1,1,1,0
76,379,148.34,557.04,42.55,44.36,1,1,1,0
76,378,181.11,593.1,42.08,44.82,1,1,1,0
76,389,706.16,578.7,133.48,141.15,1,1,1,0
76,392,244.61,582.69,23.71,24.56,1,1,1,0
76,393,1437.55,554.56,22.45,23.81,1,1,1,0
76,388,523.26,645.48,36.27,39.82,1,1,1,0
76,387,676.44,545.62,120.12,138.59,1,1,1,0
77,375,690.87,91.19,607.47,717.17,1,1,1,1
77,390,1355.38,562.79,22.87,23.88,1,1,1,0
77,379,141.86,557.68,42.8,44.5,1,1,1,0
77,378,173.23,595.7,41.52,44.04,1,1,1,0
77,392,239.86,582.26,24.12,25.04,1,1,1,0
77,393,1433.12,555.43,22.28,23.66,1,1,1,0
77,388,522.69,646.29,35.59,39.03,1,1,1,0
77,387,692.46,543.82,130.79,151.24,1,1,1,0
77,391,429.51,576.1,20.3,22.22,1,1,1,0
78,375,690.54,92.07,610.2,721.13,1,1,1,1
78,390,1351.82,563.11,22.24,23.25,1,1,1,0
78,379,135.73,559.3,42.17,43.76,1,1,1,0
78,378,165.19,596.87,41.27,43.55,1,1,1,0
78,392,235.5,582.09,23.76,24.83,1,1,1,0
78,393,1428.26,555.94,22.52,24.0,1,1,1,0
78,388,521.94,646.59,35.29,38.72,1,1,1,0
78,387,708.27,538.35,140.18,162.42,1,1,1,0
78,394,376.98,574.05,19.28,19.89,1,1,1,0
78,391,432.53,575.76,19.96,21.92,1,1,1,0
79,375,693.72,94.2,608.99,720.85,1,1,1,1
79,390,1347.31,563.23,22.32,23.41,1,1,1,0
79,379,128.84,560.29,42.39,43.88,1,1,1,0
79,378,156.24,596.88,42.66,44.99,1,1,1,0
79,392,231.34,581.41,23.61,24.74,1,1,1,0
79,393,1423.75,556.52,21.9,23.32,1,1,1,0
79,388,521.11,646.7,35.17,38.61,1,1,1,0
79,394,374.18,574.52,18.83,19.42,1,1,1,0
79,391,435.37,575.43,19.0,21.01,1,1,1,0
80,375,697.49,95.39,600.61,709.61,1,1,1,1
80,390,1344.64,563.47,21.43,22.68,1,1,1,0
80,379,120.86,560.04,43.58,45.13,1,1,1,0
80,378,147.06,598.85,43.19,45.52,1,1,1,0
80,392,226.65,581.75,23.14,24.31,1,1,1,0
80,393,1419.49,556.92,22.33,23.86,1,1,1,0
80,388,519.71,646.73,35.79,39.37,1,1,1,0
80,394,371.36,574.67,18.68,19.27,1,1,1,0
80,391,438.08,575.51,17.96,19.86,1,1,1,0
80,395,1400.63,520.35,17.83,17.84,1,1,1,0
81,375,693.63,98.23,604.8,713.78,1,1,1,1
81,390,1340.35,562.94,20.02,21.19,1,1,1,0
81,379,114.57,559.34,43.66,45.2,1,1,1,0
81,378,138.0,599.99,43.44,45.72,1,1,1,0
81,392,222.4,581.88,23.29,24.56,1,1,1,0
81,393,1414.88,557.25,22.44,24.06,1,1,1,0
81,388,518.34,647.13,36.59,40.44,1,1,1,0
81,394,368.74,574.93,18.67,19.24,1,1,1,0
81,391,440.58,575.75,18.02,19.84,1,1,1,0
81,395,1398.58,520.4,17.54,17.57,1,1,1,0
82,375,694.57,96.48,602.37,709.8,1,1,1,1
82,379,107.45,558.05,44.05,45.62,1,1,1,0
82,378,128.5,600.6,44.17,46.39,1,1,1,0
82,392,218.09,582.12,23.3,24.65,1,1,1,0
82,393,1410.14,557.16,22.44,24.13,1,1,1,0
82,388,517.31,647.28,36.81,40.85,1,1,1,0
82,394,366.02,575.23,18.69,19.23,1,1,1,0
82,391,443.57,575.63,17.33,19.03,1,1,1,0
82,395,1396.0,520.65,17.43,17.47,1,1,1,0
83,375,689.51,95.2,610.7,719.7,1,1,1,1
83,379,99.77,557.35,44.92,46.57,1,1,1,0
83,378,119.81,601.4,43.86,46.05,1,1,1,0
83,392,213.23,582.6,23.75,25.08,1,1,1,0
83,393,1405.51,557.11,22.07,23.76,1,1,1,0
83,388,516.4,647.73,36.81,41.0,1,1,1,0
83,394,362.64,575.53,19.11,19.67,1,1,1,0
83,391,446.19,573.74,17.49,19.14,1,1,1,0
83,395,1393.02,521.4,18.25,18.35,1,1,1,0
84,375,689.37,93.91,608.74,715.5,1,1,1,1
84,379,92.68,556.69,44.88,46.53,1,1,1,0
84,378,109.05,601.28,45.2,47.51,1,1,1,0
84,392,208.04,582.78,24.59,26.04,1,1,1,0
84,393,1401.55,557.27,21.92,23.61,1,1,1,0
84,388,516.07,647.89,36.07,40.26,1,1,1,0
84,394,359.48,575.42,19.26,19.82,1,1,1,0
84,391,448.41,575.08,17.26,18.78,1,1,1,0
84,395,1390.63,522.28,18.06,18.22,1,1,1,0
84,396,400.48,578.63,15.68,18.08,1,1,1,0
84,386,660.95,620.73,25.54,28.9,1,1,1,0
85,375,685.1,96.2,616.42,724.67,1,1,1,1
85,379,84.67,555.83,44.6,46.11,1,1,1,0
85,378,99.32,601.61,45.65,48.05,1,1,1,0
85,392,203.37,584.22,23.9,25.22,1,1,1,0
85,393,1397.03,557.12,21.86,23.55,1,1,1,0
85,388,515.72,647.95,35.13,39.17,1,1,1,0
85,394,356.19,575.57,19.71,20.29,1,1,1,0
85,391,450.28,576.41,19.33,21.09,1,1,1,0
85,395,1388.68,523.43,18.72,19.0,1,1,1,0
85,396,399.35,578.12,16.08,18.54,1,1,1,0
85,386,659.97,619.96,27.03,30.58,1,1,1,0
86,375,680.92,94.28,622.88,732.46,1,1,1,1
86,379,77.77,555.91,44.22,45.55,1,1,1,0
86,378,89.83,601.12,45.95,48.44,1,1,1,0
86,392,199.41,585.97,23.59,24.89,1,1,1,0
86,393,1392.04,556.65,22.37,23.93,1,1,1,0
86,388,515.55,647.96,34.12,37.95,1,1,1,0
86,394,353.63,575.82,19.13,19.65,1,1,1,0
86,391,453.2,576.3,19.42,21.14,1,1,1,0
86,395,1386.83,524.84,18.13,18.46,1,1,1,0
86,396,397.61,578.41,16.62,19.16,1,1,1,0
86,386,657.21,619.7,27.74,31.17,1,1,1,0
87,375,679.24,94.33,624.76,734.6,1,1,1,1
87,379,70.38,555.54,44.2,45.33,1,1,1,0
87,378,80.5,600.52,45.78,48.19,1,1,1,0
87,392,192.32,585.41,25.23,26.77,1,1,1,0
87,393,1387.37,555.87,22.1,23.67,1,1,1,0
87,388,516.32,647.96,32.99,36.69,1,1,1,0
87,394,350.99,575.7,18.88,19.4,1,1,1,0
87,391,455.87,576.64,18.57,19.97,1,1,1,0
87,395,1383.8,527.81,17.86,18.24,1,1,1,0
87,396,396.41,578.3,16.79,19.35,1,1,1,0
87,386,654.99,619.2,28.8,32.17,1,1,1,0
87,390,1305.13,563.18,23.23,24.48,1,1,1,0
88,375,675.41,91.37,631.89,743.89,1,1,1,1
88,379,62.84,555.8,45.28,46.45,1,1,1,0
88,378,71.2,599.28,45.88,48.28,1,1,1,0
88,392,187.47,585.59,25.77,27.46,1,1,1,0
88,393,1382.44,556.16,22.3,23.97,1,1,1,0
88,388,514.5,648.36,34.01,37.86,1,1,1,0
88,394,348.51,575.45,19.18,19.72,1,1,1,0
88,391,459.93,577.58,17.13,18.29,1,1,1,0
88,396,395.59,578.91,16.46,18.97,1,1,1,0
88,386,654.48,619.79,28.56,31.77,1,1,1,0
88,390,1300.38,563.59,23.86,25.13,1,1,1,0
89,375,679.38,93.42,625.35,735.88,1,1,1,1
89,379,54.9,555.9,45.39,46.47,1,1,1,0
89,378,63.22,599.0,44.76,46.92,1,1,1,0
89,392,181.46,586.04,25.98,27.72,1,1,1,0
89,393,1378.69,556.87,21.71,23.29,1,1,1,0
89,388,512.98,648.89,33.76,37.49,1,1,1,0
89,394,345.89,575.35,19.29,19.83,1,1,1,0
89,391,462.55,578.12,17.38,18.5,1,1,1,0
89,396,394.33,578.7,16.7,19.24,1,1,1,0
89,386,654.17,622.0,27.2,30.01,1,1,1,0
89,390,1296.06,563.74,24.7,26.15,1,1,1,0
90,375,678.25,89.63,624.19,733.71,1,1,1,1
90,379,47.62,556.53,46.06,47.26,1,1,1,0
90,378,55.33,598.88,44.43,46.39,1,1,1,0
90,392,176.45,586.79,25.69,27.42,1,1,1,0
90,393,1374.1,557.33,21.81,23.42,1,1,1,0
90,388,511.24,649.09,34.44,38.16,1,1,1,0
90,394,343.21,575.51,19.33,19.88,1,1,1,0
90,391,466.37,578.71,16.8,17.77,1,1,1,0
90,396,393.46,579.45,16.46,18.91,1,1,1,0
90,386,652.56,622.04,27.35,30.13,1,1,1,0
90,390,1292.55,564.57,24.36,25.76,1,1,1,0
91,375,678.79,85.82,625.82,736.04,1,1,1,1
91,379,40.31,557.56,45.58,46.77,1,1,1,0
91,378,47.59,598.64,43.39,45.19,1,1,1,0
91,392,172.07,586.67,25.94,27.69,1,1,1,0
91,393,1369.19,558.09,22.16,23.87,1,1,1,0
91,388,508.97,648.76,36.02,40.0,1,1,1,0
91,394,339.31,575.17,19.73,20.29,1,1,1,0
91,391,469.13,577.48,16.52,17.5,1,1,1,0
91,396,392.36,579.93,16.38,18.78,1,1,1,0
91,386,651.98,622.45,27.43,30.17,1,1,1,0
91,390,1289.79,564.7,22.71,24.02,1,1,1,0
92,375,676.41,85.0,629.26,740.26,1,1,1,1
92,379,32.2,557.96,45.76,46.97,1,1,1,0
92,378,39.23,599.14,42.88,44.54,1,1,1,0
92,392,166.83,586.81,26.02,27.78,1,1,1,0
92,393,1364.98,559.17,22.57,24.44,1,1,1,0
92,388,507.38,648.63,36.57,40.69,1,1,1,0
92,394,336.36,575.04,19.88,20.45,1,1,1,0
92,391,472.47,577.44,16.42,17.41,1,1,1,0
92,396,391.74,580.51,16.06,18.32,1,1,1,0
92,386,651.0,622.6,27.48,30.18,1,1,1,0
92,390,1285.45,564.74,22.7,24.13,1,1,1,0
93,375,683.35,89.28,620.44,730.11,1,1,1,1
93,379,24.33,559.09,48.0,49.42,1,1,1,0
93,378,30.04,599.53,43.72,45.32,1,1,1,0
93,392,161.71,586.45,25.73,27.42,1,1,1,0
93,393,1360.3,560.35,22.89,24.65,1,1,1,0
93,388,506.63,648.58,36.75,40.96,1,1,1,0
93,394,334.15,575.38,19.54,20.11,1,1,1,0
93,391,474.85,580.05,17.09,18.2,1,1,1,0
93,396,390.74,580.92,15.94,18.15,1,1,1,0
93,386,649.44,623.84,26.77,29.38,1,1,1,0
93,390,1280.86,565.35,22.57,23.77,1,1,1,0
94,375,681.74,92.94,620.82,730.58,1,1,1,1
94,379,16.84,560.09,47.47,48.78,1,1,1,0
94,378,21.6,602.06,43.39,44.81,1,1,1,0
94,392,157.12,585.51,25.52,27.27,1,1,1,0
94,393,1356.86,560.99,21.9,23.55,1,1,1,0
94,388,506.28,649.73,35.45,39.47,1,1,1,0
94,394,331.47,575.32,20.14,20.77,1,1,1,0
94,396,389.8,581.05,15.92,18.09,1,1,1,0
94,386,650.04,624.3,25.02,27.47,1,1,1,0
94,390,1277.16,565.98,22.05,23.22,1,1,1,0
95,375,675.14,92.12,630.56,744.1,1,1,1,1
95,379,10.0,560.48,47.19,48.5,1,1,1,0
95,378,10.63,603.21,44.48,45.62,1,1,1,0
95,392,153.34,584.55,24.33,26.01,1,1,1,0
95,393,1352.55,561.62,21.54,23.11,1,1,1,0
95,388,505.29,648.97,35.57,39.69,1,1,1,0
95,394,328.42,575.09,20.65,21.41,1,1,1,0
95,396,388.87,581.09,15.93,18.07,1,1,1,0
95,386,648.39,623.23,25.76,28.39,1,1,1,0
95,390,1273.56,565.61,21.85,23.02,1,1,1,0
96,375,667.61,90.63,638.81,755.08,1,1,1,1
96,379,1.67,561.2,46.78,47.99,1,1,1,0
96,378,1.5,603.83,45.48,46.53,1,1,1,0
96,392,149.02,584.18,24.22,25.93,1,1,1,0
96,393,1348.69,562.23,21.42,22.95,1,1,1,0
96,388,505.3,649.08,34.91,38.97,1,1,1,0
96,394,325.97,575.01,20.47,21.26,1,1,1,0
96,396,387.97,581.1,16.31,18.47,1,1,1,0
96,386,647.06,622.45,25.96,28.72,1,1,1,0
96,390,1271.07,565.46,21.2,22.54,1,1,1,0
96,395,1361.53,533.8,18.09,18.67,1,1,1,0
97,375,673.28,92.42,634.35,752.1,1,1,1,1
97,379,0,562.86,39.77,45.8,1,1,1,0
97,378,0,605.62,39.89,46.08,1,1,1,0
97,392,145.26,584.24,23.49,25.1,1,1,1,0
97,393,1343.24,562.04,21.72,23.3,1,1,1,0
97,388,504.99,649.12,34.59,38.7,1,1,1,0
97,394,323.34,574.77,20.04,20.8,1,1,1,0
97,396,387.24,581.49,16.12,18.22,1,1,1,0
97,386,646.22,622.54,25.99,28.84,1,1,1,0
97,390,1265.74,564.19,22.08,23.57,1,1,1,0
97,395,1358.97,533.75,18.29,19.1,1,1,1,0
98,375,667.29,93.31,636.34,754.62,1,1,1,1
98,379,0,562.86,32.96,47.39,1,1,1,0
98,378,0,606.29,32.85,45.1,1,1,1,0
98,392,140.44,584.07,24.28,26.01,1,1,1,0
98,393,1339.24,562.15,21.27,23.03,1,1,1,0
98,388,504.66,649.53,33.76,37.8,1,1,1,0
98,394,320.49,575.09,20.21,21.02,1,1,1,0
98,396,386.15,582.43,15.75,17.72,1,1,1,0
98,386,645.63,622.58,25.84,28.89,1,1,1,0
98,390,1261.7,564.31,22.03,23.55,1,1,1,0
98,395,1356.73,534.73,17.92,18.85,1,1,1,0
98,400,419.42,587.31,14.91,16.15,1,1,1,0
99,375,662.98,92.85,641.99,762.63,1,1,1,1
99,379,0,565.62,20.23,41.24,1,1,1,0
99,378,0,606.11,19.85,44.74,1,1,1,0
99,392,133.04,584.6,24.87,26.74,1,1,1,0
99,393,1332.36,561.58,21.0,22.93,1,1,1,0
99,388,501.86,649.68,34.84,39.07,1,1,1,0
99,394,315.56,575.8,20.25,21.1,1,1,1,0
99,396,384.33,583.38,15.28,17.13,1,1,1,0
99,386,644.3,622.99,25.68,28.91,1,1,1,0
99,395,1353.45,535.68,18.04,19.15,1,1,1,0
99,400,418.09,587.77,15.0,16.24,1,1,1,0
100,375,658.09,91.48,648.32,771.52,1,1,1,1
100,379,0,563.31,8.92,47.19,1,1,1,0
100,392,127.83,585.39,24.98,27.01,1,1,1,0
100,393,1326.65,559.95,21.13,23.29,1,1,1,0
100,388,501.26,649.73,34.43,38.75,1,1,1,0
100,394,311.04,576.07,20.62,21.52,1,1,1,0
100,396,383.12,583.31,15.46,17.32,1,1,1,0
100,386,643.48,623.54,25.53,28.92,1,1,1,0
100,395,1350.13,537.98,17.69,18.87,1,1,1,0
100,400,417.17,587.93,15.03,16.28,1,1,1,0
101,375,658.83,89.58,646.37,769.87,1,1,1,1
101,392,123.18,586.09,25.68,27.91,1,1,1,0
101,393,1323.29,559.93,20.75,23.03,1,1,1,0
101,388,501.25,650.54,33.55,37.83,1,1,1,0
101,394,307.82,576.56,20.8,21.68,1,1,1,0
101,396,382.08,583.28,15.58,17.39,1,1,1,0
101,386,642.85,623.74,25.4,28.92,1,1,1,0
101,395,1348.01,542.03,16.27,17.15,1,1,1,0
101,400,415.56,587.97,15.03,16.28,1,1,1,0
102,375,662.51,86.07,637.71,758.39,1,1,1,1
102,392,118.76,586.55,25.86,28.24,1,1,1,0
102,393,1321.06,560.52,18.14,20.13,1,1,1,0
102,388,501.06,650.84,32.46,36.67,1,1,1,0
102,394,304.36,576.55,20.44,21.34,1,1,1,0
102,396,381.28,584.25,14.94,16.62,1,1,1,0
102,386,641.44,623.81,25.39,28.93,1,1,1,0
102,395,1345.65,544.35,15.88,16.91,1,1,1,0
102,400,414.42,587.97,15.04,16.28,1,1,1,0
103,375,658.78,84.55,647.16,770.87,1,1,1,1
103,392,115.05,587.31,25.22,27.58,1,1,1,0
103,388,499.38,649.73,32.92,37.06,1,1,1,0
103,394,301.38,576.73,19.9,20.8,1,1,1,0
103,396,380.18,584.81,14.78,16.33,1,1,1,0
103,386,640.5,623.83,24.67,28.13,1,1,1,0
103,395,1342.85,546.95,16.55,17.64,1,1,1,0
103,400,413.44,588.17,15.04,16.28,1,1,1,0
104,375,654.71,79.85,658.06,786.35,1,1,1,1
104,392,110.79,587.6,24.99,27.31,1,1,1,0
104,388,498.72,650.52,32.44,36.41,1,1,1,0
104,394,297.68,577.0,19.7,20.6,1,1,1,0
104,396,379.21,585.2,14.72,16.24,1,1,1,0
104,386,639.8,623.84,24.38,27.83,1,1,1,0
104,395,1340.31,549.85,16.8,17.91,1,1,1,0
104,400,411.9,588.45,15.43,16.7,1,1,1,0
105,375,655.98,80.06,658.18,788.2,1,1,1,1
105,392,106.51,587.69,24.84,27.21,1,1,1,0
105,388,496.52,650.82,33.04,36.98,1,1,1,0
105,394,294.5,577.09,19.27,20.12,1,1,1,0
105,396,378.48,585.33,14.72,16.21,1,1,1,0
105,386,638.78,624.23,24.27,27.72,1,1,1,0
105,395,1336.78,552.28,17.44,18.41,1,1,1,0
105,400,411.15,588.54,14.81,16.03,1,1,1,0
106,375,666.34,84.73,643.24,769.96,1,1,1,1
106,392,102.6,587.32,25.16,27.57,1,1,1,0
106,388,494.8,651.32,33.94,37.99,1,1,1,0
106,394,291.12,576.92,19.83,20.75,1,1,1,0
106,396,377.25,584.96,15.12,16.6,1,1,1,0
106,386,637.64,624.38,24.22,27.68,1,1,1,0
106,400,409.94,588.78,14.92,16.19,1,1,1,0
106,403,1897.55,541.75,20.09,24.47,1,1,1,0
107,375,674.68,85.97,634.42,758.61,1,1,1,1
107,392,98.44,587.77,24.91,27.3,1,1,1,0
107,388,492.58,650.71,36.31,40.74,1,1,1,0
107,394,288.32,577.25,19.64,20.59,1,1,1,0
107,396,376.02,585.01,15.28,16.75,1,1,1,0
107,386,636.5,624.42,24.92,28.48,1,1,1,0
107,400,408.72,589.06,14.97,16.24,1,1,1,0
107,403,1893.96,542.02,20.68,25.11,1,1,1,0
107,389,1279.53,568.66,121.64,123.9,1,1,1,0
108,375,685.11,91.25,622.08,742.71,1,1,1,1
108,392,94.37,588.13,24.19,26.4,1,1,1,0
108,388,491.88,650.48,35.81,40.23,1,1,1,0
108,394,285.23,577.37,19.91,20.92,1,1,1,0
108,396,374.56,585.22,15.42,16.82,1,1,1,0
108,386,635.37,624.44,25.06,28.77,1,1,1,0
108,400,407.7,588.95,15.0,16.26,1,1,1,0
108,403,1889.91,542.12,20.96,25.33,1,1,1,0
108,389,1298.18,569.2,124.14,124.79,1,1,1,0
109,375,689.2,90.62,623.48,745.41,1,1,1,1
109,392,90.0,588.06,24.27,26.46,1,1,1,0
109,388,491.55,650.78,34.25,38.43,1,1,1,0
109,394,282.45,577.41,19.31,20.25,1,1,1,0
109,396,373.43,585.29,15.52,16.84,1,1,1,0
109,386,634.16,624.44,25.17,28.89,1,1,1,0
109,400,407.15,589.11,14.63,15.87,1,1,1,0
109,403,1884.91,542.36,21.47,25.83,1,1,1,0
109,389,1313.77,568.73,126.92,126.46,1,1,1,0
110,375,691.27,86.58,621.21,741.87,1,1,1,1
110,392,85.29,587.23,24.69,26.88,1,1,1,0
110,388,491.2,652.1,33.0,36.92,1,1,1,0
110,394,279.65,577.22,19.45,20.4,1,1,1,0
110,396,372.44,585.71,15.17,16.45,1,1,1,0
110,386,632.94,624.43,25.22,28.93,1,1,1,0
110,400,405.98,589.16,14.5,15.72,1,1,1,0
110,403,1879.71,542.23,22.05,26.42,1,1,1,0
110,389,1331.22,568.56,125.69,124.65,1,1,1,0
111,375,689.95,85.24,622.85,743.18,1,1,1,1
111,392,80.7,586.91,24.44,26.65,1,1,1,0
111,388,489.28,652.98,33.37,37.17,1,1,1,0
111,394,276.78,577.55,18.77,19.65,1,1,1,0
111,396,371.31,586.25,15.04,16.31,1,1,1,0
111,386,631.37,624.43,25.95,29.74,1,1,1,0
111,400,404.56,589.78,14.5,15.67,1,1,1,0
111,403,1875.65,541.96,21.99,26.19,1,1,1,0
111,389,1346.67,567.29,125.09,123.98,1,1,1,0
112,375,693.36,85.55,616.36,734.15,1,1,1,1
112,392,76.32,586.58,23.95,26.16,1,1,1,0
112,388,487.64,652.9,34.26,38.07,1,1,1,0
112,394,273.84,577.87,18.5,19.37,1,1,1,0
112,396,370.33,586.45,15.0,16.26,1,1,1,0
112,386,630.76,624.42,25.53,29.25,1,1,1,0
112,400,403.48,589.8,14.48,15.65,1,1,1,0
112,403,1870.84,541.65,22.36,26.5,1,1,1,0
112,389,1361.88,563.77,128.69,128.04,1,1,1,0
113,375,694.92,89.7,615.67,733.2,1,1,1,1
113,392,71.41,586.66,23.72,25.97,1,1,1,0
113,388,485.85,652.86,34.64,38.4,1,1,1,0
113,394,270.85,577.78,18.82,19.68,1,1,1,0
113,396,369.37,586.71,15.05,16.24,1,1,1,0
113,386,629.84,624.42,25.25,29.06,1,1,1,0
113,400,401.95,589.6,14.8,16.05,1,1,1,0
113,403,1866.29,541.34,23.49,27.82,1,1,1,0
113,389,1379.99,560.91,127.87,127.93,1,1,1,0
113,387,1303.76,523.49,107.42,122.95,1,1,1,0
113,391,527.69,592.09,22.81,24.66,1,1,1,0
114,375,692.58,88.44,614.78,730.92,1,1,1,1
114,392,65.09,586.69,24.38,26.71,1,1,1,0
114,388,484.35,651.25,36.12,40.12,1,1,1,0
114,394,267.49,577.74,19.64,20.59,1,1,1,0
114,396,368.24,586.6,15.1,16.24,1,1,1,0
114,386,629.46,624.81,24.5,28.19,1,1,1,0
114,400,400.57,589.53,14.63,15.8,1,1,1,0
114,403,1861.69,541.62,23.61,27.91,1,1,1,0
114,389,1398.06,558.04,130.87,130.89,1,1,1,0
114,387,1320.35,520.18,105.56,120.85,1,1,1,0
114,391,526.21,592.72,21.9,23.69,1,1,1,0
115,375,690.18,89.37,615.02,729.94,1,1,1,1
115,392,59.98,587.89,23.54,25.8,1,1,1,0
115,388,483.32,651.03,36.08,39.98,1,1,1,0
115,394,264.73,578.12,19.19,20.15,1,1,1,0
115,396,366.88,586.55,15.47,16.64,1,1,1,0
115,386,628.26,624.96,24.81,28.66,1,1,1,0
115,400,399.32,589.69,14.91,16.11,1,1,1,0
115,403,1858.0,543.13,23.07,27.12,1,1,1,0
115,389,1416.1,555.23,128.91,128.21,1,1,1,0
115,387,1335.41,517.66,106.65,122.05,1,1,1,0
115,391,536.35,595.29,19.96,21.3,1,1,1,0
116,375,679.33,86.71,628.57,745.84,1,1,1,1
116,392,54.59,589.36,23.56,25.85,1,1,1,0
116,388,482.0,651.73,36.05,39.91,1,1,1,0
116,394,262.39,578.66,18.67,19.57,1,1,1,0
116,396,365.61,586.72,15.61,16.79,1,1,1,0
116,386,627.07,625.01,24.87,28.84,1,1,1,0
116,400,398.48,590.14,14.64,15.82,1,1,1,0
116,403,1853.23,544.32,23.52,27.6,1,1,1,0
116,389,1433.98,552.4,128.56,126.95,1,1,1,0
116,387,1351.71,514.72,106.22,121.57,1,1,1,0
116,391,537.28,595.64,20.04,21.17,1,1,1,0
117,375,679.61,87.9,628.12,745.28,1,1,1,1
117,392,49.69,590.9,22.88,25.07,1,1,1,0
117,388,481.44,653.98,34.65,38.3,1,1,1,0
117,394,259.99,579.06,18.76,19.76,1,1,1,0
117,396,364.57,586.78,15.66,16.85,1,1,1,0
117,386,626.19,625.82,24.26,28.11,1,1,1,0
117,400,397.41,590.51,14.54,15.71,1,1,1,0
117,403,1848.0,545.54,24.49,28.57,1,1,1,0
117,389,1449.33,550.61,130.56,128.49,1,1,1,0
117,387,1367.22,513.43,105.62,120.97,1,1,1,0
117,391,535.55,596.35,19.3,20.32,1,1,1,0
118,375,678.79,89.95,633.01,753.02,1,1,1,1
118,392,43.54,592.47,22.92,25.18,1,1,1,0
118,388,481.46,651.21,36.18,40.09,1,1,1,0
118,394,257.01,579.2,18.78,19.83,1,1,1,0
118,396,363.46,586.99,15.62,16.87,1,1,1,0
118,386,624.73,626.12,24.75,28.63,1,1,1,0
118,400,396.26,590.65,14.5,15.67,1,1,1,0
118,403,1844.14,546.0,24.15,28.14,1,1,1,0
118,389,1464.87,547.21,131.19,128.66,1,1,1,0
118,387,1383.44,512.45,106.22,121.85,1,1,1,0
119,375,693.31,98.25,621.45,742.45,1,1,1,1
119,392,38.61,593.64,22.75,25.03,1,1,1,0
119,388,480.63,652.95,35.3,39.16,1,1,1,0
119,394,253.65,579.85,19.5,20.65,1,1,1,0
119,396,362.66,587.66,15.26,16.48,1,1,1,0
119,386,623.82,626.23,24.95,28.83,1,1,1,0
119,400,395.07,591.09,14.48,15.66,1,1,1,0
119,403,1840.2,545.96,24.52,28.35,1,1,1,0
119,389,1478.94,546.59,129.61,126.93,1,1,1,0
119,387,1396.97,511.78,106.32,122.17,1,1,1,0
120,375,694.14,100.21,622.07,746.77,1,1,1,1
120,392,33.24,594.65,22.09,24.37,1,1,1,0
120,388,479.37,654.43,34.93,38.79,1,1,1,0
120,394,251.42,580.87,19.7,20.96,1,1,1,0
120,396,361.8,588.11,15.12,16.33,1,1,1,0
120,386,622.77,626.66,24.92,28.9,1,1,1,0
120,400,394.27,591.25,14.48,15.66,1,1,1,0
120,403,1835.89,546.72,24.25,28.03,1,1,1,0
120,389,1496.21,548.04,129.24,125.86,1,1,1,0
120,387,1412.48,511.62,103.65,118.99,1,1,1,0
120,410,753.76,557.36,41.35,47.25,1,1,1,0
121,375,686.29,97.32,630.59,760.31,1,1,1,1
121,392,28.55,595.41,21.41,23.73,1,1,1,0
121,388,478.12,655.38,34.82,38.65,1,1,1,0
121,394,247.45,581.84,20.14,21.47,1,1,1,0
121,396,360.53,588.26,15.45,16.68,1,1,1,0
121,386,621.59,626.81,24.98,28.93,1,1,1,0
121,400,393.21,591.5,14.47,15.66,1,1,1,0
121,403,1831.09,546.2,24.44,28.29,1,1,1,0
121,389,1512.34,549.45,127.7,124.27,1,1,1,0
121,387,1428.1,512.26,104.51,119.68,1,1,1,0
121,410,746.26,557.68,40.46,46.13,1,1,1,0
122,375,678.98,94.42,630.62,761.25,1,1,1,1
122,392,21.74,595.46,19.85,21.87,1,1,1,0
122,388,476.58,654.93,35.41,39.4,1,1,1,0
122,394,244.39,582.79,19.65,20.88,1,1,1,0
122,396,359.11,587.72,15.94,17.2,1,1,1,0
122,386,620.37,626.87,25.02,28.94,1,1,1,0
122,400,392.06,591.79,14.47,15.66,1,1,1,0
122,403,1826.8,546.39,25.0,28.78,1,1,1,0
122,389,1527.42,551.03,128.53,124.68,1,1,1,0
122,387,1442.25,513.76,103.06,117.91,1,1,1,0
122,410,737.11,557.32,40.23,45.76,1,1,1,0
122,412,432.36,580.86,24.95,26.04,1,1,1,0
123,375,686.95,102.21,618.96,749.04,1,1,1,1
123,388,475.8,655.54,34.92,38.88,1,1,1,0
123,394,240.1,580.75,20.18,21.44,1,1,1,0
123,396,358.02,587.71,16.13,17.4,1,1,1,0
123,386,619.15,627.27,25.05,28.94,1,1,1,0
123,400,391.27,592.09,14.47,15.66,1,1,1,0
123,403,1822.76,546.45,25.58,29.35,1,1,1,0
123,389,1540.48,554.65,128.76,125.04,1,1,1,0
123,387,1458.48,515.39,103.7,118.7,1,1,1,0
123,410,725.66,556.97,40.66,46.14,1,1,1,0
123,412,424.88,582.4,23.5,24.5,1,1,1,0
123,413,510.05,599.24,20.49,20.79,1,1,1,0
124,375,679.09,101.36,615.95,743.73,1,1,1,1
124,388,475.19,654.96,34.65,38.68,1,1,1,0
124,394,237.43,580.77,20.32,21.65,1,1,1,0
124,396,357.43,588.48,15.84,17.08,1,1,1,0
124,386,618.97,628.22,23.79,27.35,1,1,1,0
124,400,390.42,592.19,14.47,15.66,1,1,1,0
124,403,1818.35,546.66,25.54,29.17,1,1,1,0
124,389,1558.27,558.24,128.97,124.59,1,1,1,0
124,387,1473.45,518.02,104.23,119.41,1,1,1,0
124,410,713.19,556.2,43.22,48.9,1,1,1,0
124,412,416.05,581.63,24.46,25.51,1,1,1,0
124,413,505.74,599.34,21.4,21.72,1,1,1,0
125,375,674.23,103.2,617.1,745.54,1,1,1,1
125,388,474.7,655.93,33.95,37.81,1,1,1,0
125,394,235.05,580.18,21.15,22.51,1,1,1,0
125,396,356.84,589.17,15.35,16.56,1,1,1,0
125,386,618.53,628.97,23.36,26.74,1,1,1,0
125,400,389.37,592.62,14.41,15.66,1,1,1,0
125,389,1573.59,560.99,129.7,125.03,1,1,1,0
125,387,1490.24,523.44,103.36,118.08,1,1,1,0
125,410,704.25,555.74,42.32,47.77,1,1,1,0
125,412,409.16,580.72,24.32,25.36,1,1,1,0
125,413,500.27,600.05,22.4,22.72,1,1,1,0
125,414,459.4,596.35,22.11,24.05,1,1,1,0
126,375,661.7,99.67,625.48,755.6,1,1,1,1
126,388,474.43,655.89,33.56,37.48,1,1,1,0
126,394,232.82,580.54,21.16,22.44,1,1,1,0
126,396,355.63,589.62,15.22,16.36,1,1,1,0
126,386,617.27,628.43,23.86,27.33,1,1,1,0
126,400,388.03,593.17,14.36,15.66,1,1,1,0
126,389,1589.52,562.22,129.13,124.6,1,1,1,0
126,387,1505.62,526.68,101.35,115.98,1,1,1,0
126,410,695.2,555.17,42.01,47.31,1,1,1,0
126,412,403.05,580.41,24.74,25.76,1,1,1,0
126,413,496.5,600.51,22.46,22.81,1,1,1,0
126,414,452.89,598.02,22.14,24.09,1,1,1,0
127,375,665.42,102.08,616.63,745.31,1,1,1,1
127,388,471.85,655.46,34.83,38.97,1,1,1,0
127,394,229.7,580.87,21.19,22.41,1,1,1,0
127,396,354.0,589.78,15.2,16.29,1,1,1,0
127,386,616.43,628.62,24.05,27.55,1,1,1,0
127,389,1606.24,564.26,126.97,122.85,1,1,1,0
127,387,1520.47,529.48,103.72,118.85,1,1,1,0
127,410,685.49,555.6,42.37,47.55,1,1,1,0
127,412,396.15,580.31,24.89,25.89,1,1,1,0
127,413,494.09,599.37,22.03,22.37,1,1,1,0
127,414,446.54,599.49,21.32,23.16,1,1,1,0
128,375,663.86,106.17,613.84,742.94,1,1,1,1
128,388,469.2,655.29,35.98,40.3,1,1,1,0
128,394,226.04,581.58,20.83,21.99,1,1,1,0
128,396,353.05,590.43,15.17,16.26,1,1,1,0
128,386,615.42,628.68,24.2,27.64,1,1,1,0
128,389,1621.93,565.0,128.46,124.2,1,1,1,0
128,387,1537.46,531.07,104.57,119.71,1,1,1,0
128,410,675.3,556.18,42.68,47.63,1,1,1,0
128,412,389.4,581.33,24.11,25.1,1,1,1,0
128,413,490.8,599.15,22.88,23.25,1,1,1,0
128,414,438.17,599.87,22.8,24.74,1,1,1,0
129,375,666.81,112.07,601.08,726.1,1,1,1,1
129,388,467.65,656.01,36.4,40.81,1,1,1,0
129,394,223.27,581.65,20.69,21.83,1,1,1,0
129,396,352.09,591.06,14.83,15.85,1,1,1,0
129,386,613.78,629.09,24.85,28.48,1,1,1,0
129,389,1638.32,564.26,125.97,121.73,1,1,1,0
129,387,1554.92,531.43,103.99,119.05,1,1,1,0
129,410,663.65,559.04,43.9,48.87,1,1,1,0
129,412,383.54,582.35,24.66,25.64,1,1,1,0
129,413,486.27,601.12,22.36,22.73,1,1,1,0
129,414,429.55,599.55,24.42,26.5,1,1,1,0
130,375,653.22,108.4,609.76,735.66,1,1,1,1
130,388,466.29,656.28,36.59,41.0,1,1,1,0
130,394,220.28,581.87,20.57,21.76,1,1,1,0
130,396,351.17,591.69,14.73,15.7,1,1,1,0
130,386,612.49,629.64,25.13,28.79,1,1,1,0
130,389,1651.68,561.33,123.71,119.79,1,1,1,0
130,387,1570.83,529.11,103.08,117.6,1,1,1,0
130,410,655.41,560.7,44.01,48.93,1,1,1,0
130,412,375.62,583.31,26.76,27.87,1,1,1,0
130,413,481.97,602.48,22.35,22.72,1,1,1,0
130,414,425.56,598.99,23.11,25.08,1,1,1,0
131,375,672.59,115.17,590.63,712.78,1,1,1,1
131,388,465.36,656.77,36.01,40.28,1,1,1,0
131,394,214.74,579.95,21.62,22.93,1,1,1,0
131,396,350.27,591.71,15.48,16.45,1,1,1,0
131,386,611.64,629.84,25.23,28.91,1,1,1,0
131,389,1666.0,556.4,125.43,122.11,1,1,1,0
131,387,1587.43,526.79,104.3,118.87,1,1,1,0
131,410,646.84,561.92,43.76,48.53,1,1,1,0
131,412,368.86,584.84,26.45,27.51,1,1,1,0
131,413,477.78,603.17,22.56,22.91,1,1,1,0
131,414,420.34,598.72,21.77,23.63,1,1,1,0
132,375,664.84,114.88,592.12,712.16,1,1,1,1
132,388,464.94,657.35,35.2,39.19,1,1,1,0
132,394,209.71,580.99,22.41,23.75,1,1,1,0
132,396,347.69,591.12,17.16,18.3,1,1,1,0
132,386,610.56,629.9,25.28,28.95,1,1,1,0
132,389,1684.01,555.38,121.98,119.0,1,1,1,0
132,387,1604.5,524.51,102.65,116.76,1,1,1,0
132,410,637.4,563.56,44.02,48.78,1,1,1,0
132,412,362.59,586.03,26.66,27.74,1,1,1,0
132,413,474.46,603.61,22.43,22.77,1,1,1,0
132,414,414.14,597.13,23.03,25.0,1,1,1,0
133,375,664.03,119.73,591.92,710.65,1,1,1,1
133,388,464.87,658.36,33.63,37.17,1,1,1,0
133,394,206.32,582.37,22.3,23.68,1,1,1,0
133,386,609.9,630.31,25.26,28.96,1,1,1,0
133,389,1702.24,554.2,120.55,117.82,1,1,1,0
133,387,1619.13,522.22,101.97,115.76,1,1,1,0
133,410,628.45,564.75,44.46,49.26,1,1,1,0
133,412,355.32,586.07,27.49,28.61,1,1,1,0
133,413,471.13,604.16,22.42,22.71,1,1,1,0
133,414,409.65,595.78,23.08,25.07,1,1,1,0
133,415,1262.06,563.75,15.33,17.24,1,1,1,0
134,375,653.86,115.68,600.53,719.21,1,1,1,1
134,388,464.9,658.32,33.04,36.42,1,1,1,0
134,394,203.34,583.5,21.53,22.85,1,1,1,0
134,389,1717.25,552.98,124.85,122.23,1,1,1,0
134,387,1633.7,519.76,101.54,115.0,1,1,1,0
134,410,618.96,564.98,44.0,48.64,1,1,1,0
134,412,348.28,587.44,26.94,28.15,1,1,1,0
134,413,468.23,604.34,22.39,22.68,1,1,1,0
134,414,404.33,595.27,21.63,23.47,1,1,1,0
134,415,1258.66,562.88,15.92,17.87,1,1,1,0
135,375,659.4,123.06,596.38,715.13,1,1,1,1
135,388,463.73,658.69,32.83,36.15,1,1,1,0
135,394,199.86,584.73,21.22,22.52,1,1,1,0
135,389,1736.92,550.97,122.66,119.13,1,1,1,0
135,387,1648.2,518.85,101.29,114.73,1,1,1,0
135,410,607.19,565.83,45.75,50.4,1,1,1,0
135,412,339.21,588.35,27.68,28.95,1,1,1,0
135,413,465.46,604.79,22.02,22.26,1,1,1,0
135,414,399.06,596.54,21.3,23.06,1,1,1,0
135,415,1255.44,561.89,16.53,18.56,1,1,1,0
136,375,663.62,121.41,585.57,700.46,1,1,1,1
136,388,462.96,659.22,32.73,36.06,1,1,1,0
136,394,196.5,585.77,21.08,22.39,1,1,1,0
136,389,1748.02,549.22,119.55,116.12,1,1,1,0
136,387,1662.38,517.72,101.73,115.05,1,1,1,0
136,410,599.36,565.93,44.32,48.68,1,1,1,0
136,412,333.91,589.66,27.02,28.26,1,1,1,0
136,413,462.55,604.94,21.91,22.1,1,1,1,0
136,414,393.3,597.82,21.16,22.91,1,1,1,0
136,415,1252.88,562.24,16.36,18.33,1,1,1,0
137,375,657.49,118.5,581.42,691.6,1,1,1,1
137,388,462.51,659.01,32.68,36.04,1,1,1,0
137,394,192.73,585.95,21.1,22.34,1,1,1,0
137,389,1762.88,547.79,118.18,115.01,1,1,1,0
137,387,1677.31,517.32,102.3,115.58,1,1,1,0
137,410,589.53,564.73,45.12,49.6,1,1,1,0
137,412,327.76,590.53,26.47,27.57,1,1,1,0
137,413,458.66,605.58,22.51,22.64,1,1,1,0
137,414,387.86,599.3,21.32,23.07,1,1,1,0
137,415,1249.71,562.83,15.93,17.79,1,1,1,0
138,375,648.15,125.41,586.91,694.89,1,1,1,1
138,388,461.32,658.91,32.77,36.04,1,1,1,0
138,394,188.96,585.6,21.5,22.72,1,1,1,0
138,389,1777.48,547.7,120.84,117.05,1,1,1,0
138,387,1690.52,516.99,102.13,115.19,1,1,1,0
138,410,580.63,563.87,45.77,50.34,1,1,1,0
138,412,321.34,590.23,26.2,27.3,1,1,1,0
138,413,455.62,606.0,22.55,22.64,1,1,1,0
138,414,378.49,598.43,22.42,24.14,1,1,1,0
138,415,1246.83,562.2,16.17,18.01,1,1,1,0
138,396,339.73,581.63,25.23,27.01,1,1,1,0
139,375,646.23,129.53,583.64,686.24,1,1,1,1
139,388,460.29,658.87,32.87,36.05,1,1,1,0
139,394,185.41,586.25,21.58,22.86,1,1,1,0
139,389,1791.12,548.09,121.93,117.82,1,1,1,0
139,387,1704.58,516.29,100.26,112.86,1,1,1,0
139,410,570.67,563.14,46.78,51.4,1,1,1,0
139,412,316.99,589.69,25.71,26.8,1,1,1,0
139,413,452.69,606.35,22.81,22.84,1,1,1,0
139,414,373.37,600.67,22.89,24.73,1,1,1,0
139,415,1244.41,562.82,15.94,17.68,1,1,1,0
139,396,334.58,582.1,26.08,28.07,1,1,1,0
140,375,647.87,132.62,579.57,677.09,1,1,1,1
140,388,458.23,658.44,34.32,37.67,1,1,1,0
140,394,182.02,586.48,21.2,22.52,1,1,1,0
140,389,1802.81,548.87,124.01,120.32,1,1,1,0
140,387,1717.71,516.85,100.29,112.79,1,1,1,0
140,410,562.42,562.85,46.87,51.4,1,1,1,0
140,412,310.68,588.46,26.18,27.42,1,1,1,0
140,413,449.65,607.06,22.26,22.31,1,1,1,0
140,414,367.72,602.32,23.39,25.35,1,1,1,0
140,415,1239.99,562.44,16.57,18.37,1,1,1,0
140,396,330.84,582.9,25.36,27.37,1,1,1,0
141,375,649.0,136.51,577.24,670.21,1,1,1,1
141,388,457.57,658.67,34.29,37.48,1,1,1,0
141,394,179.5,586.75,20.61,21.98,1,1,1,0
141,389,1812.35,550.38,126.16,123.64,1,1,1,0
141,387,1732.06,518.08,97.91,110.18,1,1,1,0
141,410,554.55,563.32,46.77,51.39,1,1,1,0
141,412,304.16,587.6,25.96,27.24,1,1,1,0
141,413,447.99,607.71,21.74,21.71,1,1,1,0
141,414,362.93,601.56,23.75,25.78,1,1,1,0
141,415,1236.7,562.1,17.12,19.03,1,1,1,0
141,396,324.55,583.26,25.44,27.43,1,1,1,0
142,375,642.19,133.84,590.25,683.13,1,1,1,1
142,388,456.74,659.15,34.36,37.41,1,1,1,0
142,394,175.77,587.04,20.44,21.78,1,1,1,0
142,389,1822.04,553.52,126.46,125.88,1,1,1,0
142,387,1745.22,519.97,101.15,113.46,1,1,1,0
142,410,545.22,563.3,48.2,52.96,1,1,1,0
142,412,298.45,586.85,26.6,27.97,1,1,1,0
142,413,443.25,608.74,22.81,22.69,1,1,1,0
142,414,356.61,603.61,24.23,26.33,1,1,1,0
142,415,1233.19,562.58,17.3,19.27,1,1,1,0
142,396,318.75,584.75,24.96,27.05,1,1,1,0
143,375,651.09,137.57,580.31,667.72,1,1,1,1
143,388,455.6,659.33,34.5,37.38,1,1,1,0
143,394,173.1,586.93,19.97,21.31,1,1,1,0
143,387,1759.72,524.03,101.32,113.68,1,1,1,0
143,410,536.51,564.07,47.48,52.36,1,1,1,0
143,412,292.19,586.57,27.47,29.03,1,1,1,0
143,413,441.39,609.1,22.0,21.87,1,1,1,0
143,414,350.66,603.98,24.03,26.15,1,1,1,0
143,415,1231.34,562.77,17.03,18.95,1,1,1,0
143,396,312.12,585.55,25.07,27.27,1,1,1,0
144,375,645.56,137.1,592.19,679.5,1,1,1,1
144,388,454.76,659.79,34.65,37.37,1,1,1,0
144,394,170.03,587.48,19.82,21.13,1,1,1,0
144,387,1774.43,527.58,99.32,111.38,1,1,1,0
144,410,528.64,566.35,45.91,50.53,1,1,1,0
144,412,286.76,587.64,26.72,28.26,1,1,1,0
144,413,439.51,608.61,21.16,20.94,1,1,1,0
144,414,344.87,603.91,22.72,24.68,1,1,1,0
144,415,1226.83,562.64,17.19,19.22,1,1,1,0
144,396,307.32,586.83,24.68,26.96,1,1,1,0
145,375,623.97,136.28,638.93,739.42,1,1,1,1
145,388,454.36,659.95,34.56,37.36,1,1,1,0
145,394,166.37,587.88,19.42,20.67,1,1,1,0
145,387,1789.62,531.31,97.3,108.51,1,1,1,0
145,410,519.21,567.21,46.15,50.42,1,1,1,0
145,412,282.19,589.46,25.72,27.15,1,1,1,0
145,413,436.37,608.6,21.14,20.8,1,1,1,0
145,414,337.51,602.84,23.41,25.52,1,1,1,0
145,415,1224.17,563.39,16.98,18.92,1,1,1,0
146,375,630.37,144.25,636.73,741.76,1,1,1,1
146,388,454.66,660.8,33.68,36.57,1,1,1,0
146,394,163.49,588.82,18.56,19.69,1,1,1,0
146,387,1804.17,533.07,96.92,107.86,1,1,1,0
146,410,509.72,569.11,45.27,49.17,1,1,1,0
146,412,275.02,590.54,25.91,27.33,1,1,1,0
146,413,432.58,608.79,21.79,21.35,1,1,1,0
146,414,331.56,600.87,23.35,25.42,1,1,1,0
146,415,1223.21,565.28,15.48,17.2,1,1,1,0
147,375,627.77,148.56,636.08,743.62,1,1,1,1
147,388,451.81,660.72,36.16,39.48,1,1,1,0
147,394,158.18,589.56,18.66,19.75,1,1,1,0
147,387,1826.02,530.26,99.77,111.06,1,1,1,0
147,410,493.68,572.42,46.49,50.52,1,1,1,0
147,412,265.57,591.52,25.8,27.19,1,1,1,0
147,413,428.19,608.25,21.03,20.57,1,1,1,0
147,414,322.49,600.69,23.49,25.58,1,1,1,0
148,375,628.66,146.78,636.79,747.91,1,1,1,1
148,394,154.26,590.42,19.5,20.58,1,1,1,0
148,387,1841.94,525.63,98.61,110.28,1,1,1,0
148,410,483.79,573.62,45.51,49.43,1,1,1,0
148,412,257.46,591.88,26.18,27.54,1,1,1,0
148,413,423.93,608.23,21.77,21.28,1,1,1,0
148,414,315.73,600.23,23.91,26.03,1,1,1,0
148,416,0,634.26,26.08,42.91,1,1,1,0
149,375,628.33,146.42,642.39,757.28,1,1,1,1
149,394,148.42,590.92,19.13,20.1,1,1,1,0
149,387,1860.54,517.62,102.09,115.38,1,1,1,0
149,410,468.18,574.23,44.84,48.4,1,1,1,0
149,412,246.07,592.59,26.19,27.47,1,1,1,0
149,413,418.74,607.42,21.94,21.54,1,1,1,0
149,414,304.35,602.22,23.97,26.0,1,1,1,0
149,416,1.79,634.07,32.54,45.19,1,1,1,0
149,386,594.45,634.03,25.19,28.93,1,1,1,0
150,375,634.43,132.65,639.17,753.82,1,1,1,1
150,394,143.23,590.69,18.97,19.92,1,1,1,0
150,387,1881.6,515.84,101.06,115.32,1,1,1,0
150,410,451.07,571.4,44.64,47.82,1,1,1,0
150,412,233.9,592.65,25.68,26.85,1,1,1,0
150,413,410.2,606.51,23.5,23.03,1,1,1,0
150,414,294.79,603.78,22.14,24.0,1,1,1,0
150,416,11.93,635.39,33.95,46.84,1,1,1,0
150,420,1838.14,534.94,14.04,15.79,1,1,1,0
150,386,593.31,632.84,25.0,28.93,1,1,1,0
150,400,361.94,595.77,14.39,15.67,1,1,1,0
151,375,639.44,106.31,659.54,781.19,1,1,1,1
151,394,135.33,589.98,18.88,19.85,1,1,1,0
151,412,224.61,587.22,25.67,27.01,1,1,1,0
151,416,31.15,633.18,34.0,46.43,1,1,1,0
151,420,1840.44,534.42,13.56,15.23,1,1,1,0
151,386,592.03,631.66,24.33,28.12,1,1,1,0
151,400,360.14,594.53,14.41,15.67,1,1,1,0
