1,2348,1547.68,379.08,339.91,420.07,1,1,1,1
1,2349,254.93,126.86,746.12,812.11,1,1,1,1
2,2348,1563.62,369.67,347.77,430.0,1,1,1,1
2,2349,254.32,123.46,763.3,831.2,1,1,1,1
3,2348,1585.55,360.14,344.25,425.66,1,1,1,1
3,2349,260.58,141.02,758.16,825.64,1,1,1,1
4,2348,1605.62,348.98,343.92,425.45,1,1,1,1
4,2349,257.33,131.81,765.57,833.81,1,1,1,1
5,2348,1622.6,337.27,346.27,428.51,1,1,1,1
5,2349,246.39,111.06,782.17,852.08,1,1,1,1
6,2348,1637.05,324.25,350.52,434.27,1,1,1,1
6,2349,236.06,95.49,791.3,861.52,1,1,1,1
7,2348,1653.99,315.48,351.99,436.67,1,1,1,1
7,2349,228.49,87.88,796.44,865.99,1,1,1,1
7,2350,3496.86,685.25,351.24,419.22,1,1,1,0
8,2348,1670.01,308.0,354.42,440.14,1,1,1,1
8,2349,213.44,83.8,808.97,877.14,1,1,1,1
8,2350,3504.12,691.49,339.04,404.05,1,1,1,0
9,2348,1687.13,301.58,352.64,438.06,1,1,1,1
9,2349,195.65,73.87,824.64,890.48,1,1,1,1
9,2350,3508.0,692.4,339.73,404.33,1,1,1,0
9,2351,2474.2,934.15,211.49,216.96,1,1,1,0
10,2348,1704.28,296.37,354.92,441.26,1,1,1,1
10,2349,182.67,71.84,821.3,877.66,1,1,1,1
10,2350,3509.44,700.78,335.54,398.34,1,1,1,0
10,2351,2460.6,940.91,212.75,218.77,1,1,1,0
10,2352,3395.78,1119.9,49.08,54.0,1,1,1,0
11,2348,1717.23,292.15,360.66,449.03,1,1,1,1
11,2349,168.95,74.27,821.42,866.28,1,1,1,1
11,2350,3510.76,704.21,335.81,397.56,1,1,1,0
11,2351,2434.33,946.57,226.46,234.14,1,1,1,0
11,2352,3397.47,1123.5,50.14,55.11,1,1,1,0
11,2353,3199.02,1090.85,67.5,80.76,1,1,1,0
11,2354,2870.11,1060.59,157.36,171.64,1,1,1,0
12,2348,1730.6,287.87,365.31,455.66,1,1,1,1
12,2349,150.68,67.77,839.56,873.53,1,1,1,1
12,2350,3511.15,712.9,335.88,396.65,1,1,1,0
12,2351,2418.14,959.51,221.62,230.5,1,1,1,0
12,2352,3401.31,1128.89,51.37,56.41,1,1,1,0
12,2353,3199.77,1095.49,65.99,78.9,1,1,1,0
12,2354,2876.92,1067.21,157.9,172.2,1,1,1,0
13,2348,1744.53,283.66,370.34,462.54,1,1,1,1
13,2349,138.3,74.35,847.14,867.29,1,1,1,1
13,2350,3512.22,719.1,337.29,397.35,1,1,1,0
13,2352,3406.81,1134.98,50.24,55.03,1,1,1,0
13,2353,3200.01,1100.84,65.53,78.28,1,1,1,0
13,2354,2883.77,1074.57,160.17,174.73,1,1,1,0
14,2348,1759.26,280.05,372.77,465.74,1,1,1,1
14,2349,136.89,74.67,855.11,862.34,1,1,1,1
14,2350,3513.72,724.4,338.77,397.73,1,1,1,0
14,2352,3412.1,1139.91,49.7,54.5,1,1,1,0
14,2353,3201.85,1105.97,65.48,78.15,1,1,1,0
14,2354,2890.94,1078.04,161.21,175.96,1,1,1,0
15,2348,1777.18,277.95,373.18,465.43,1,1,1,1
15,2349,144.69,80.77,860.64,856.17,1,1,1,1
15,2350,3513.87,726.91,343.29,402.08,1,1,1,0
15,2352,3417.33,1143.1,52.61,57.73,1,1,1,0
15,2353,3205.56,1110.08,66.25,79.02,1,1,1,0
15,2354,2897.57,1083.28,162.92,178.04,1,1,1,0
16,2348,1794.42,275.33,378.21,471.23,1,1,1,1
16,2349,146.14,87.01,874.75,859.61,1,1,1,1
16,2350,3514.89,732.09,346.12,404.55,1,1,1,0
16,2352,3426.26,1148.99,52.22,57.22,1,1,1,0
16,2353,3210.82,1114.7,65.24,77.63,1,1,1,0
16,2354,2902.13,1083.21,168.57,184.61,1,1,1,0
17,2348,1813.54,271.77,380.67,473.32,1,1,1,1
17,2349,151.06,100.4,887.7,865.06,1,1,1,1
17,2350,3521.01,734.62,348.51,407.12,1,1,1,0
17,2352,3437.6,1152.23,52.09,56.98,1,1,1,0
17,2353,3216.25,1118.65,64.34,76.31,1,1,1,0
17,2354,2908.45,1084.66,170.55,186.9,1,1,1,0
18,2348,1829.12,266.67,385.92,477.55,1,1,1,1
18,2349,147.65,106.87,908.04,880.01,1,1,1,1
18,2350,3526.37,736.98,349.52,408.1,1,1,1,0
18,2352,3446.42,1155.27,52.08,56.87,1,1,1,0
18,2353,3221.33,1121.1,64.19,75.86,1,1,1,0
18,2354,2911.28,1089.49,169.76,185.61,1,1,1,0
19,2348,1845.1,259.4,391.85,483.39,1,1,1,1
19,2349,153.09,105.93,905.86,872.71,1,1,1,1
19,2350,3531.84,739.69,349.2,408.46,1,1,1,0
19,2352,3452.99,1157.84,51.46,56.01,1,1,1,0
19,2353,3224.29,1123.46,64.93,76.56,1,1,1,0
19,2354,2912.29,1094.39,168.92,184.2,1,1,1,0
20,2348,1859.02,254.05,392.99,481.16,1,1,1,1
20,2349,158.97,105.32,899.03,860.8,1,1,1,1
20,2350,3534.96,742.13,349.92,410.2,1,1,1,0
20,2352,3457.69,1159.83,52.63,57.3,1,1,1,0
20,2353,3224.88,1125.8,65.92,77.64,1,1,1,0
20,2354,2911.97,1097.68,169.48,184.4,1,1,1,0
21,2348,1867.78,247.08,399.41,485.7,1,1,1,1
21,2349,158.0,107.26,896.58,853.23,1,1,1,1
21,2350,3536.23,744.89,349.75,410.85,1,1,1,0
21,2352,3459.86,1160.45,54.99,60.16,1,1,1,0
21,2353,3224.65,1127.74,66.96,78.86,1,1,1,0
21,2354,2908.34,1100.37,169.85,184.43,1,1,1,0
22,2348,1875.47,240.78,406.15,491.17,1,1,1,1
22,2349,153.29,118.57,897.67,849.38,1,1,1,1
22,2350,3537.5,745.78,351.05,413.47,1,1,1,0
22,2352,3465.61,1160.99,55.08,60.44,1,1,1,0
22,2353,3224.26,1128.74,67.73,79.32,1,1,1,0
22,2354,2900.98,1102.43,168.8,183.18,1,1,1,0
23,2348,1885.32,233.36,412.64,496.79,1,1,1,1
23,2349,151.22,118.76,900.09,847.96,1,1,1,1
23,2350,3539.22,746.38,352.03,415.25,1,1,1,0
23,2352,3468.92,1161.83,55.62,61.31,1,1,1,0
23,2353,3224.2,1129.78,67.65,78.7,1,1,1,0
23,2354,2894.97,1104.66,168.16,181.86,1,1,1,0
23,2355,1539.04,893.41,195.68,249.27,1,1,1,0
24,2348,1889.57,228.27,424.02,509.16,1,1,1,1
24,2349,146.96,116.75,904.18,848.66,1,1,1,1
24,2350,3540.93,747.27,353.25,417.48,1,1,1,0
24,2352,3471.63,1164.42,55.67,61.63,1,1,1,0
24,2353,3223.96,1131.25,67.86,78.46,1,1,1,0
24,2354,2885.1,1105.36,170.16,183.75,1,1,1,0
24,2355,1544.61,894.16,188.29,240.06,1,1,1,0
25,2348,1895.2,221.71,428.79,512.68,1,1,1,1
25,2349,141.49,112.14,910.27,851.95,1,1,1,1
25,2350,3543.25,749.87,353.33,418.3,1,1,1,0
25,2352,3474.1,1166.89,55.54,61.72,1,1,1,0
25,2353,3224.19,1133.3,67.16,77.57,1,1,1,0
25,2354,2875.37,1103.13,173.37,186.82,1,1,1,0
25,2355,1555.97,892.96,187.92,239.98,1,1,1,0
26,2348,1902.68,214.98,431.41,513.17,1,1,1,1
26,2349,139.68,113.75,908.91,847.43,1,1,1,1
26,2350,3544.21,753.93,353.0,418.58,1,1,1,0
26,2352,3476.5,1168.91,55.35,61.74,1,1,1,0
26,2353,3224.19,1135.57,66.94,77.24,1,1,1,0
26,2354,2862.84,1099.01,176.46,189.54,1,1,1,0
26,2355,1568.36,889.85,184.2,235.61,1,1,1,0
27,2348,1909.93,209.17,435.17,514.67,1,1,1,1
27,2349,139.78,113.53,904.49,839.35,1,1,1,1
27,2350,3545.15,757.34,351.52,417.85,1,1,1,0
27,2352,3479.18,1170.38,54.53,60.93,1,1,1,0
27,2353,3222.81,1137.52,66.29,76.32,1,1,1,0
27,2354,2858.49,1094.2,180.04,193.7,1,1,1,0
27,2355,1580.45,887.55,180.37,230.81,1,1,1,0
28,2348,1913.64,201.35,441.61,519.73,1,1,1,1
28,2349,140.79,117.22,902.35,833.34,1,1,1,1
28,2350,3546.52,760.91,348.74,415.16,1,1,1,0
28,2352,3478.13,1170.03,54.77,61.4,1,1,1,0
28,2353,3222.5,1137.75,65.53,75.18,1,1,1,0
28,2354,2858.36,1088.77,175.33,190.13,1,1,1,0
28,2355,1590.64,885.97,178.17,228.51,1,1,1,0
29,2348,1912.83,192.77,450.74,529.32,1,1,1,1
29,2349,140.44,117.16,909.09,836.56,1,1,1,1
29,2350,3547.09,761.34,347.4,414.12,1,1,1,0
29,2352,3478.26,1168.63,53.54,59.98,1,1,1,0
29,2353,3218.75,1136.52,65.99,75.57,1,1,1,0
29,2354,2840.56,1087.02,186.91,204.22,1,1,1,0
29,2355,1602.02,885.51,169.4,217.7,1,1,1,0
30,2348,1911.6,184.11,461.52,541.97,1,1,1,1
30,2349,147.95,108.73,921.52,847.8,1,1,1,1
30,2350,3547.94,761.78,345.49,412.12,1,1,1,0
30,2352,3478.43,1167.59,52.45,58.62,1,1,1,0
30,2353,3216.71,1134.8,67.44,77.32,1,1,1,0
30,2354,2861.37,1084.06,182.86,199.34,1,1,1,0
30,2355,1622.48,885.43,156.32,199.59,1,1,1,0
31,2348,1911.11,173.27,469.62,551.66,1,1,1,1
31,2349,168.02,110.7,929.58,857.23,1,1,1,1
31,2350,3550.07,759.44,347.4,414.56,1,1,1,0
31,2352,3477.48,1167.13,53.8,59.72,1,1,1,0
31,2353,3214.37,1134.5,67.94,77.99,1,1,1,0
31,2354,2865.24,1084.06,181.16,197.62,1,1,1,0
31,2355,1637.71,887.65,144.9,184.08,1,1,1,0
32,2348,1910.46,165.5,479.15,563.73,1,1,1,1
32,2349,190.47,118.78,930.23,861.0,1,1,1,1
32,2350,3554.2,760.08,347.7,416.27,1,1,1,0
32,2352,3479.74,1168.91,55.27,61.7,1,1,1,0
32,2353,3217.27,1136.32,66.91,76.65,1,1,1,0
32,2354,2849.11,1090.03,177.66,195.72,1,1,1,0
33,2348,1909.52,161.09,489.77,577.26,1,1,1,1
33,2349,202.77,123.24,931.18,865.37,1,1,1,1
33,2350,3561.28,765.01,346.19,416.11,1,1,1,0
33,2352,3486.08,1173.87,54.14,60.49,1,1,1,0
33,2353,3219.65,1140.96,67.18,76.94,1,1,1,0
33,2354,2845.02,1100.25,178.76,198.14,1,1,1,0
34,2348,1910.84,161.18,497.68,588.12,1,1,1,1
34,2349,208.07,133.42,932.2,869.55,1,1,1,1
34,2350,3569.2,773.17,344.53,416.84,1,1,1,0
34,2352,3494.96,1181.33,56.58,63.19,1,1,1,0
34,2353,3226.9,1148.62,67.29,77.05,1,1,1,0
34,2354,2846.03,1127.0,158.42,175.29,1,1,1,0
35,2348,1919.14,163.8,497.01,586.23,1,1,1,1
35,2349,214.87,152.49,927.28,868.5,1,1,1,1
35,2350,3581.62,780.15,340.76,416.3,1,1,1,0
35,2352,3508.02,1187.57,56.58,63.01,1,1,1,0
35,2353,3236.58,1155.43,66.15,75.51,1,1,1,0
36,2348,1928.7,161.14,497.52,585.97,1,1,1,1
36,2349,227.52,165.59,925.23,870.81,1,1,1,1
36,2350,3601.52,783.07,337.36,414.49,1,1,1,0
36,2352,3526.55,1189.11,57.86,64.5,1,1,1,0
36,2353,3253.0,1157.5,65.83,74.92,1,1,1,0
37,2348,1937.7,155.29,500.58,588.69,1,1,1,1
37,2349,250.86,176.15,909.32,859.11,1,1,1,1
37,2350,3622.29,766.89,344.35,425.77,1,1,1,0
37,2352,3550.1,1187.65,56.34,63.09,1,1,1,0
37,2353,3271.18,1154.56,67.03,76.31,1,1,1,0
38,2348,1948.8,150.29,503.14,590.51,1,1,1,1
38,2349,274.34,181.94,893.23,845.81,1,1,1,1
38,2350,3650.7,753.69,346.3,430.75,1,1,1,0
38,2353,3294.98,1153.4,68.06,77.63,1,1,1,0
39,2348,1957.75,148.86,506.67,593.07,1,1,1,1
39,2349,297.98,194.91,879.77,834.6,1,1,1,1
39,2350,3669.57,754.11,358.97,447.62,1,1,1,0
39,2353,3321.54,1155.65,67.79,77.34,1,1,1,0
39,2357,1130.64,1226.21,198.86,247.22,1,1,1,0
40,2348,1963.05,147.81,515.4,602.44,1,1,1,1
40,2349,321.86,212.77,861.99,818.83,1,1,1,1
40,2350,3707.16,763.25,374.17,465.28,1,1,1,0
40,2353,3349.96,1159.62,68.73,78.02,1,1,1,0
40,2357,1141.04,1229.24,202.19,251.38,1,1,1,0
41,2348,1970.1,148.65,521.4,608.69,1,1,1,1
41,2349,341.2,230.04,856.67,815.87,1,1,1,1
41,2350,3748.12,835.95,326.49,402.86,1,1,1,0
41,2353,3382.13,1162.64,69.87,79.07,1,1,1,0
41,2357,1159.75,1236.3,202.01,251.31,1,1,1,0
42,2348,1978.91,150.5,524.19,611.49,1,1,1,1
42,2349,366.8,248.98,858.43,822.13,1,1,1,1
42,2350,3800.61,901.97,265.85,325.53,1,1,1,0
42,2353,3417.85,1163.72,69.81,78.67,1,1,1,0
42,2357,1171.06,1232.99,211.65,263.85,1,1,1,0
43,2348,1989.79,150.18,526.1,612.35,1,1,1,1
43,2349,394.41,271.29,864.85,836.97,1,1,1,1
43,2353,3459.33,1162.84,70.23,78.91,1,1,1,0
43,2357,1191.73,1234.35,211.63,264.46,1,1,1,0
44,2348,2004.56,146.62,530.17,616.44,1,1,1,1
44,2349,428.84,282.89,863.67,847.77,1,1,1,1
44,2353,3504.34,1161.26,70.81,79.39,1,1,1,0
44,2357,1212.06,1230.97,211.33,264.82,1,1,1,0
45,2348,2017.85,140.73,537.76,625.22,1,1,1,1
45,2349,472.19,302.52,840.6,838.22,1,1,1,1
45,2353,3552.79,1162.97,73.36,81.94,1,1,1,0
45,2357,1229.88,1226.36,214.94,270.58,1,1,1,0
46,2348,2036.77,142.92,541.35,628.41,1,1,1,1
46,2349,520.08,328.87,809.54,820.37,1,1,1,1
46,2357,1244.85,1228.73,215.96,272.56,1,1,1,0
46,2361,0,591.53,254.22,400.96,1,1,1,0
46,2352,3612.58,1173.6,74.47,82.99,1,1,1,0
47,2348,2051.64,148.82,541.63,628.06,1,1,1,1
47,2349,557.4,348.5,788.81,812.67,1,1,1,1
47,2357,1254.15,1230.85,220.43,278.39,1,1,1,0
47,2361,0,610.62,286.08,391.74,1,1,1,0
48,2348,2063.81,149.01,548.39,636.24,1,1,1,1
48,2349,590.1,362.49,764.38,799.47,1,1,1,1
48,2357,1276.82,1234.04,217.65,275.66,1,1,1,0
48,2361,28.43,631.43,300.87,381.33,1,1,1,0
49,2348,2077.71,142.04,552.05,640.77,1,1,1,1
49,2349,619.3,372.55,740.91,784.8,1,1,1,1
49,2357,1293.28,1232.43,218.79,277.25,1,1,1,0
49,2361,82.63,648.15,296.19,371.11,1,1,1,0
50,2348,2095.17,133.72,554.24,643.31,1,1,1,1
50,2349,643.23,383.76,723.28,775.49,1,1,1,1
50,2357,1311.35,1228.21,219.73,278.14,1,1,1,0
50,2361,136.03,659.78,295.41,365.61,1,1,1,0
51,2348,2108.35,129.04,560.04,650.43,1,1,1,1
51,2349,661.08,391.19,714.1,774.08,1,1,1,1
51,2357,1334.91,1230.59,215.64,273.59,1,1,1,0
51,2361,182.37,668.54,295.25,360.7,1,1,1,0
52,2348,2116.91,129.33,568.39,662.04,1,1,1,1
52,2349,683.58,401.69,688.34,750.25,1,1,1,1
52,2357,1356.53,1234.7,211.3,268.53,1,1,1,0
52,2361,223.97,677.69,293.75,354.26,1,1,1,0
53,2348,2126.95,132.29,569.68,665.13,1,1,1,1
53,2349,705.19,410.06,659.8,718.21,1,1,1,1
53,2357,1372.22,1238.65,210.75,268.18,1,1,1,0
53,2361,262.59,688.28,291.69,347.28,1,1,1,0
54,2348,2133.92,136.3,567.61,664.14,1,1,1,1
54,2349,717.57,418.49,640.35,693.88,1,1,1,1
54,2357,1384.98,1242.5,211.45,269.62,1,1,1,0
54,2361,294.84,700.23,291.57,342.62,1,1,1,0
55,2348,2141.11,141.07,564.62,661.97,1,1,1,1
55,2349,722.58,429.85,626.77,674.67,1,1,1,1
55,2357,1400.71,1247.89,209.3,266.95,1,1,1,0
55,2361,323.97,712.68,291.97,338.76,1,1,1,0
56,2348,2145.05,136.4,568.04,667.91,1,1,1,1
56,2349,731.77,443.51,615.33,657.79,1,1,1,1
56,2357,1413.07,1250.67,208.64,265.9,1,1,1,0
56,2361,351.91,722.41,292.74,336.0,1,1,1,0
57,2348,2154.55,132.89,569.12,670.62,1,1,1,1
57,2349,745.47,457.6,609.49,648.76,1,1,1,1
57,2357,1425.29,1249.25,209.56,267.09,1,1,1,0
57,2361,383.49,729.13,291.59,331.97,1,1,1,0
58,2348,2167.94,132.58,569.71,672.48,1,1,1,1
58,2349,765.48,480.0,598.43,633.56,1,1,1,1
58,2357,1439.67,1249.44,209.88,267.53,1,1,1,0
58,2361,415.37,733.12,290.66,328.29,1,1,1,0
59,2348,2182.22,134.11,569.74,673.04,1,1,1,1
59,2349,777.5,491.72,601.95,635.16,1,1,1,1
59,2357,1449.97,1251.05,210.21,267.69,1,1,1,0
59,2361,446.72,738.62,289.52,324.72,1,1,1,0
60,2348,2194.68,141.67,564.31,667.37,1,1,1,1
60,2349,785.64,500.36,603.73,635.35,1,1,1,1
60,2357,1459.01,1253.99,209.98,267.73,1,1,1,0
60,2361,475.32,745.51,288.18,321.18,1,1,1,0
61,2348,2205.33,146.78,559.83,662.49,1,1,1,1
61,2349,798.72,509.1,592.99,621.71,1,1,1,1
61,2357,1466.71,1255.05,209.75,267.74,1,1,1,0
61,2361,499.94,752.13,285.45,316.01,1,1,1,0
62,2348,2209.88,149.7,557.79,660.76,1,1,1,1
62,2349,811.95,520.7,578.48,603.26,1,1,1,1
62,2357,1472.22,1257.78,209.75,267.73,1,1,1,0
62,2361,518.74,762.71,284.08,312.69,1,1,1,0
63,2348,2206.97,157.16,556.67,660.84,1,1,1,1
63,2349,817.04,535.65,571.68,592.68,1,1,1,1
63,2357,1476.44,1268.31,210.82,269.31,1,1,1,0
63,2361,530.39,784.1,283.67,310.85,1,1,1,0
64,2348,2196.56,171.69,551.81,656.25,1,1,1,1
64,2349,819.72,564.24,565.12,581.95,1,1,1,1
64,2357,1479.48,1285.72,208.99,266.71,1,1,1,0
64,2361,535.49,815.07,282.78,308.73,1,1,1,0
65,2348,2180.97,193.88,542.23,646.08,1,1,1,1
65,2349,817.69,601.67,559.8,573.4,1,1,1,1
65,2357,1478.76,1307.4,209.46,267.31,1,1,1,0
65,2361,530.5,848.7,285.08,310.54,1,1,1,0
66,2348,2163.02,220.77,533.37,637.62,1,1,1,1
66,2349,809.66,636.5,554.72,563.6,1,1,1,1
66,2357,1472.97,1328.89,208.8,265.94,1,1,1,0
66,2361,515.74,879.5,286.15,311.34,1,1,1,0
67,2348,2143.4,247.46,525.94,630.48,1,1,1,1
67,2349,789.84,656.65,562.44,568.63,1,1,1,1
67,2357,1460.6,1346.34,208.99,265.42,1,1,1,0
67,2361,489.59,901.22,286.7,310.97,1,1,1,0
68,2348,2118.32,265.53,522.53,629.09,1,1,1,1
68,2349,770.1,669.79,568.34,572.39,1,1,1,1
68,2357,1444.69,1358.17,208.7,265.22,1,1,1,0
68,2361,456.63,913.87,287.42,310.93,1,1,1,0
69,2348,2094.86,284.32,516.07,622.64,1,1,1,1
69,2349,751.17,682.76,569.52,570.89,1,1,1,1
69,2357,1426.24,1366.27,209.2,265.16,1,1,1,0
69,2361,419.63,920.72,289.32,311.82,1,1,1,0
70,2348,2072.8,298.44,510.88,617.6,1,1,1,1
70,2349,728.22,690.87,576.82,576.25,1,1,1,1
70,2357,1410.0,1374.55,208.62,263.54,1,1,1,0
70,2361,377.98,926.65,293.65,315.03,1,1,1,0
71,2348,2050.76,309.58,507.48,615.53,1,1,1,1
71,2349,709.7,703.65,578.17,575.26,1,1,1,1
71,2357,1394.89,1382.9,208.76,262.93,1,1,1,0
71,2361,334.42,930.31,301.33,322.26,1,1,1,0
72,2348,2032.83,320.89,504.72,614.06,1,1,1,1
72,2349,701.69,717.78,573.54,566.68,1,1,1,1
72,2357,1384.05,1391.28,208.07,261.12,1,1,1,0
72,2361,294.24,937.54,306.19,325.8,1,1,1,0
73,2348,2024.92,331.47,499.79,609.61,1,1,1,1
73,2349,700.82,732.04,567.64,556.42,1,1,1,1
73,2357,1376.55,1396.48,206.89,258.85,1,1,1,0
73,2361,259.98,935.82,312.75,331.92,1,1,1,0
74,2348,2024.28,337.97,495.87,606.25,1,1,1,1
74,2349,704.03,735.45,568.61,554.04,1,1,1,1
74,2357,1373.94,1397.27,206.33,258.02,1,1,1,0
74,2361,230.87,926.87,317.7,335.81,1,1,1,0
75,2348,2032.26,342.36,491.73,602.7,1,1,1,1
75,2349,713.57,734.14,569.18,552.15,1,1,1,1
75,2357,1376.29,1394.06,206.21,257.74,1,1,1,0
75,2361,208.79,908.04,326.31,344.37,1,1,1,0
76,2348,2043.3,342.76,491.76,604.69,1,1,1,1
76,2349,730.94,722.66,572.63,554.87,1,1,1,1
76,2357,1382.67,1387.77,206.64,259.25,1,1,1,0
76,2361,200.75,892.38,327.66,344.45,1,1,1,0
77,2348,2059.4,344.75,492.38,606.54,1,1,1,1
77,2349,747.92,714.35,574.28,556.44,1,1,1,1
77,2357,1390.26,1381.21,206.18,259.85,1,1,1,0
77,2361,197.53,884.87,319.4,333.35,1,1,1,0
78,2348,2078.73,346.55,490.46,605.13,1,1,1,1
78,2349,769.35,704.08,574.78,557.59,1,1,1,1
78,2357,1397.44,1376.16,205.52,260.08,1,1,1,0
78,2361,199.91,876.97,312.72,323.4,1,1,1,0
79,2348,2091.4,349.7,490.46,605.87,1,1,1,1
79,2349,785.08,702.33,575.03,558.14,1,1,1,1
79,2357,1401.88,1374.12,205.07,260.18,1,1,1,0
79,2361,195.0,873.1,314.4,322.91,1,1,1,0
80,2348,2092.72,352.4,494.2,612.0,1,1,1,1
80,2349,798.72,715.03,568.56,551.27,1,1,1,1
80,2357,1406.86,1378.03,203.08,258.64,1,1,1,0
80,2361,180.34,878.03,317.43,323.55,1,1,1,0
81,2348,2098.11,358.73,494.56,613.56,1,1,1,1
81,2349,815.09,723.62,567.69,551.2,1,1,1,1
81,2357,1414.51,1384.22,201.94,258.06,1,1,1,0
81,2361,171.67,884.62,321.33,325.41,1,1,1,0
82,2348,2111.81,370.22,490.44,610.0,1,1,1,1
82,2349,836.63,729.01,574.44,561.67,1,1,1,1
82,2357,1425.48,1391.23,199.62,256.26,1,1,1,0
82,2361,169.65,894.2,322.0,323.74,1,1,1,0
83,2348,2125.58,378.49,489.16,609.67,1,1,1,1
83,2349,855.26,733.21,588.62,583.09,1,1,1,1
83,2357,1434.82,1397.76,197.83,255.6,1,1,1,0
83,2361,166.48,899.33,324.14,323.92,1,1,1,0
84,2348,2140.83,386.32,486.69,606.59,1,1,1,1
84,2349,867.72,738.15,611.62,617.47,1,1,1,1
84,2357,1441.71,1403.28,194.97,253.78,1,1,1,0
84,2361,160.78,901.14,326.87,324.8,1,1,1,0
85,2348,2156.79,390.58,485.03,603.86,1,1,1,1
85,2349,889.59,749.96,615.47,633.68,1,1,1,1
85,2357,1448.32,1406.01,193.62,253.11,1,1,1,0
85,2361,155.18,900.91,329.77,325.94,1,1,1,0
86,2348,2170.57,390.7,484.44,602.47,1,1,1,1
86,2349,914.03,759.84,606.96,635.99,1,1,1,1
86,2357,1451.38,1405.28,194.88,254.49,1,1,1,0
86,2361,152.16,901.1,332.88,327.18,1,1,1,0
87,2348,2184.26,387.29,487.52,605.99,1,1,1,1
87,2349,937.07,758.73,595.56,633.51,1,1,1,1
87,2357,1468.26,1408.87,190.74,250.25,1,1,1,0
87,2361,150.84,900.28,335.5,328.44,1,1,1,0
88,2348,2198.55,383.22,488.97,607.55,1,1,1,1
88,2349,957.58,753.31,585.72,630.77,1,1,1,1
88,2357,1484.67,1413.3,184.88,243.84,1,1,1,0
88,2361,149.45,897.49,337.09,328.92,1,1,1,0
89,2348,2207.79,374.12,496.39,617.12,1,1,1,1
89,2349,969.25,743.92,583.09,635.08,1,1,1,1
89,2357,1492.07,1409.96,184.55,244.72,1,1,1,0
89,2361,144.43,892.39,339.9,330.68,1,1,1,0
90,2348,2212.73,365.03,501.23,623.1,1,1,1,1
90,2349,981.59,733.9,569.64,624.75,1,1,1,1
90,2357,1491.76,1404.63,186.92,248.29,1,1,1,0
90,2361,135.94,887.63,342.75,332.13,1,1,1,0
91,2348,2211.64,357.52,507.55,631.69,1,1,1,1
91,2349,981.87,728.71,559.41,615.43,1,1,1,1
91,2357,1494.88,1404.15,185.72,248.07,1,1,1,0
91,2361,120.57,885.8,346.12,334.25,1,1,1,0
92,2348,2206.91,350.67,510.89,637.27,1,1,1,1
92,2349,978.57,728.68,548.59,602.64,1,1,1,1
92,2357,1498.15,1407.09,182.22,244.82,1,1,1,0
92,2361,102.49,884.3,349.44,335.83,1,1,1,0
93,2348,2198.8,343.11,513.89,644.66,1,1,1,1
93,2349,967.73,723.8,545.92,597.78,1,1,1,1
93,2357,1497.03,1408.14,180.37,243.62,1,1,1,0
93,2361,79.26,883.34,350.43,335.61,1,1,1,0
94,2348,2190.33,339.26,518.25,654.28,1,1,1,1
94,2349,954.13,718.74,547.02,596.79,1,1,1,1
94,2357,1484.87,1398.86,185.21,251.22,1,1,1,0
94,2361,54.72,879.01,352.54,336.29,1,1,1,0
95,2348,2180.96,340.98,520.01,660.21,1,1,1,1
95,2349,945.55,713.65,538.78,584.45,1,1,1,1
95,2357,1472.26,1391.44,188.81,257.21,1,1,1,0
95,2361,24.09,870.24,358.43,340.49,1,1,1,0
96,2348,2162.91,338.14,524.08,669.84,1,1,1,1
96,2349,930.53,699.24,540.3,582.65,1,1,1,1
96,2357,1459.78,1385.44,191.18,261.08,1,1,1,0
96,2361,0,855.49,362.57,348.38,1,1,1,0
96,2365,3057.84,809.28,353.72,418.74,1,1,1,0
97,2348,2151.39,337.49,524.49,673.77,1,1,1,1
97,2349,914.13,687.94,545.96,586.47,1,1,1,1
97,2357,1449.3,1382.37,192.36,264.11,1,1,1,0
97,2361,0,843.26,343.74,351.34,1,1,1,0
97,2365,3057.36,806.6,366.49,433.61,1,1,1,0
98,2348,2142.3,338.27,522.89,673.73,1,1,1,1
98,2349,895.68,683.81,558.76,599.94,1,1,1,1
98,2357,1438.08,1381.24,194.66,268.39,1,1,1,0
98,2361,0,820.53,330.03,371.34,1,1,1,0
98,2365,3055.49,801.09,377.95,446.96,1,1,1,0
99,2348,2135.75,336.04,525.27,678.09,1,1,1,1
99,2349,881.37,683.17,564.18,605.02,1,1,1,1
99,2357,1426.51,1383.21,199.21,276.26,1,1,1,0
99,2361,0,827.92,307.45,366.44,1,1,1,0
99,2365,3050.26,791.41,404.75,478.29,1,1,1,0
100,2348,2130.39,334.05,524.93,679.22,1,1,1,1
100,2349,869.79,679.88,566.38,606.15,1,1,1,1
100,2357,1415.54,1386.35,204.83,285.47,1,1,1,0
100,2361,0,834.35,286.84,364.28,1,1,1,0
100,2365,3047.67,782.35,428.63,506.21,1,1,1,0
101,2348,2131.39,325.61,525.96,683.25,1,1,1,1
101,2349,859.53,678.76,572.86,612.91,1,1,1,1
101,2357,1410.79,1390.7,209.76,295.18,1,1,1,0
101,2361,0,841.31,269.27,361.77,1,1,1,0
101,2365,3050.19,769.89,439.86,518.76,1,1,1,0
102,2348,2135.86,312.57,525.43,683.87,1,1,1,1
102,2349,849.12,677.65,581.94,624.13,1,1,1,1
102,2357,1407.39,1394.73,211.91,300.41,1,1,1,0
102,2361,0,842.89,251.88,362.32,1,1,1,0
102,2365,3060.51,759.36,434.55,511.01,1,1,1,0
103,2348,2143.54,297.58,521.31,678.61,1,1,1,1
103,2349,839.77,671.42,591.75,638.18,1,1,1,1
103,2357,1410.98,1395.53,207.85,296.09,1,1,1,0
103,2361,0,840.39,236.39,360.08,1,1,1,0
103,2365,3080.41,752.05,429.08,500.97,1,1,1,0
104,2348,2153.34,280.67,518.82,673.89,1,1,1,1
104,2349,832.31,664.03,601.63,654.84,1,1,1,1
104,2357,1410.51,1393.46,208.71,298.97,1,1,1,0
104,2361,0,836.34,220.34,356.77,1,1,1,0
104,2365,3089.01,737.12,443.59,515.57,1,1,1,0
105,2348,2162.2,266.3,521.11,674.21,1,1,1,1
105,2349,826.22,653.47,611.38,673.63,1,1,1,1
105,2357,1415.41,1391.1,200.64,287.4,1,1,1,0
105,2361,0,831.31,206.07,354.67,1,1,1,0
105,2365,3103.28,718.73,461.21,532.18,1,1,1,0
106,2348,2164.66,247.18,530.03,684.21,1,1,1,1
106,2349,826.23,643.28,614.62,686.16,1,1,1,1
106,2357,1414.11,1389.38,200.96,287.55,1,1,1,0
106,2361,0,830.7,191.67,343.48,1,1,1,0
106,2365,3118.06,698.62,477.0,546.81,1,1,1,0
107,2348,2167.55,235.07,534.88,689.1,1,1,1,1
107,2349,825.2,628.93,619.4,700.55,1,1,1,1
107,2357,1406.96,1385.57,211.37,303.46,1,1,1,0
107,2361,0,829.78,179.57,334.38,1,1,1,0
107,2365,3136.91,680.22,490.55,559.88,1,1,1,0
108,2348,2170.22,226.6,538.98,692.66,1,1,1,1
108,2349,826.63,615.56,624.07,714.65,1,1,1,1
108,2357,1405.7,1383.38,212.51,304.69,1,1,1,0
108,2361,0,830.35,168.35,327.81,1,1,1,0
108,2365,3151.7,660.97,514.37,585.62,1,1,1,0
109,2348,2171.24,221.32,541.92,694.7,1,1,1,1
109,2349,827.77,596.94,633.48,735.04,1,1,1,1
109,2357,1409.13,1386.48,211.61,303.46,1,1,1,0
109,2361,0,835.91,159.62,318.18,1,1,1,0
109,2365,3173.44,645.75,524.78,594.06,1,1,1,0
110,2348,2170.16,219.44,544.97,697.15,1,1,1,1
110,2349,831.54,582.76,641.48,753.73,1,1,1,1
110,2357,1413.57,1390.87,208.34,298.13,1,1,1,0
110,2361,0,843.74,151.95,312.28,1,1,1,0
110,2365,3191.09,631.29,540.74,608.13,1,1,1,0
111,2348,2167.58,219.02,546.3,697.98,1,1,1,1
111,2349,837.45,574.21,645.13,767.09,1,1,1,1
111,2357,1420.12,1392.56,202.27,288.03,1,1,1,0
111,2361,0,852.73,144.86,309.44,1,1,1,0
111,2365,3219.85,615.02,545.54,608.69,1,1,1,0
112,2348,2164.88,217.95,546.89,698.59,1,1,1,1
112,2349,844.6,565.91,650.15,781.85,1,1,1,1
112,2357,1427.57,1394.0,201.39,285.75,1,1,1,0
112,2361,0,860.06,140.07,310.97,1,1,1,0
112,2365,3251.39,590.01,568.13,630.68,1,1,1,0
113,2348,2167.03,216.8,543.78,693.77,1,1,1,1
113,2349,853.9,559.67,654.97,795.97,1,1,1,1
113,2357,1439.91,1395.33,194.73,275.29,1,1,1,0
113,2361,0,862.31,139.41,315.67,1,1,1,0
113,2365,3284.8,569.74,582.68,647.5,1,1,1,0
114,2348,2173.4,219.0,540.94,688.26,1,1,1,1
114,2349,865.36,561.61,660.55,811.78,1,1,1,1
114,2357,1454.11,1398.24,187.68,263.23,1,1,1,0
114,2361,0,865.07,144.79,323.9,1,1,1,0
114,2365,3316.18,549.71,599.95,670.11,1,1,1,0
115,2348,2180.19,221.64,541.36,688.12,1,1,1,1
115,2349,880.26,571.59,668.12,830.37,1,1,1,1
115,2357,1462.86,1398.47,186.1,258.85,1,1,1,0
115,2361,0,862.87,156.21,334.97,1,1,1,0
115,2365,3353.49,535.21,613.85,689.91,1,1,1,0
116,2348,2190.53,225.59,539.33,685.25,1,1,1,1
116,2349,898.41,578.21,671.74,843.99,1,1,1,1
116,2357,1469.25,1396.9,188.65,260.61,1,1,1,0
116,2361,0,850.58,174.52,347.04,1,1,1,0
116,2365,3391.72,525.21,629.21,714.01,1,1,1,0
117,2348,2197.98,228.82,537.66,683.35,1,1,1,1
117,2349,912.88,580.59,668.9,848.46,1,1,1,1
117,2357,1476.65,1393.09,188.89,259.73,1,1,1,0
117,2361,0,831.35,195.32,360.25,1,1,1,0
117,2365,3436.46,523.5,626.46,720.5,1,1,1,0
118,2348,2206.83,228.56,537.47,683.42,1,1,1,1
118,2349,920.59,579.14,663.17,848.35,1,1,1,1
118,2357,1483.83,1385.2,186.27,254.66,1,1,1,0
118,2361,0,816.15,215.29,364.52,1,1,1,0
118,2365,3479.48,518.19,622.21,728.45,1,1,1,0
119,2348,2212.63,223.76,536.15,682.65,1,1,1,1
119,2349,918.34,573.02,655.19,844.13,1,1,1,1
119,2357,1489.95,1377.4,186.14,252.85,1,1,1,0
119,2361,0,807.93,240.22,366.06,1,1,1,0
119,2365,3539.75,505.5,571.89,681.04,1,1,1,0
120,2348,2218.3,206.29,537.15,684.95,1,1,1,1
120,2349,917.3,562.92,616.46,793.96,1,1,1,1
120,2357,1496.54,1365.7,188.39,252.28,1,1,1,0
120,2361,0,803.7,266.35,370.47,1,1,1,0
120,2365,3634.63,475.17,492.93,591.39,1,1,1,0
121,2348,2218.98,184.29,540.91,690.99,1,1,1,1
121,2349,880.91,549.92,630.72,817.3,1,1,1,1
121,2357,1501.47,1351.79,195.15,256.98,1,1,1,0
121,2361,0,807.7,294.08,373.63,1,1,1,0
121,2365,3712.61,448.7,444.8,538.31,1,1,1,0
122,2348,2212.32,162.85,548.7,703.37,1,1,1,1
122,2349,847.21,550.06,613.59,798.0,1,1,1,1
122,2357,1508.09,1341.96,198.91,257.19,1,1,1,0
122,2361,0.58,819.97,329.65,374.73,1,1,1,0
123,2348,2203.71,154.17,547.76,704.47,1,1,1,1
123,2349,800.81,536.37,608.8,793.85,1,1,1,1
123,2357,1510.88,1335.22,202.5,257.32,1,1,1,0
123,2361,31.64,830.3,335.8,378.19,1,1,1,0
124,2348,2198.64,150.17,538.77,693.5,1,1,1,1
124,2349,749.29,538.23,598.79,780.62,1,1,1,1
124,2357,1507.88,1330.49,205.13,255.81,1,1,1,0
124,2361,52.5,836.64,339.6,380.19,1,1,1,0
125,2348,2190.58,150.19,530.64,682.45,1,1,1,1
125,2349,684.32,536.77,595.08,775.56,1,1,1,1
125,2357,1493.75,1325.71,218.87,271.29,1,1,1,0
125,2361,68.74,839.08,340.69,379.28,1,1,1,0
126,2348,2170.61,149.49,538.98,695.71,1,1,1,1
126,2349,610.85,514.97,596.29,775.88,1,1,1,1
126,2357,1485.39,1319.35,222.33,273.87,1,1,1,0
126,2361,81.21,841.58,337.76,372.48,1,1,1,0
127,2348,2156.73,147.82,541.64,701.42,1,1,1,1
127,2349,537.89,505.4,592.66,768.82,1,1,1,1
127,2357,1473.4,1312.36,232.9,287.45,1,1,1,0
127,2361,82.06,844.49,332.21,364.2,1,1,1,0
128,2348,2149.48,145.24,538.03,698.21,1,1,1,1
128,2349,464.71,487.23,598.42,773.79,1,1,1,1
128,2357,1470.49,1306.73,228.89,281.69,1,1,1,0
128,2361,90.61,847.56,328.41,356.21,1,1,1,0
129,2348,2148.47,143.88,531.05,689.56,1,1,1,1
129,2349,408.88,483.49,592.79,763.32,1,1,1,1
129,2357,1464.37,1301.62,235.47,290.38,1,1,1,0
129,2361,98.52,850.27,328.46,353.22,1,1,1,0
130,2348,2151.76,141.78,523.8,680.06,1,1,1,1
130,2349,366.62,471.61,590.66,759.37,1,1,1,1
130,2357,1464.02,1295.92,237.17,293.58,1,1,1,0
130,2361,120.22,853.24,326.08,347.31,1,1,1,0
131,2348,2158.84,136.58,518.52,673.1,1,1,1,1
131,2349,348.91,488.5,562.91,718.9,1,1,1,1
131,2357,1468.48,1287.64,234.89,291.6,1,1,1,0
131,2361,138.61,847.43,322.85,342.72,1,1,1,0
132,2348,2165.48,129.19,516.86,670.55,1,1,1,1
132,2349,331.66,476.56,558.43,710.2,1,1,1,1
132,2357,1473.68,1278.35,234.9,292.32,1,1,1,0
132,2361,160.91,839.57,322.61,341.88,1,1,1,0
133,2348,2177.39,122.6,515.17,668.07,1,1,1,1
133,2349,329.01,465.16,557.2,706.47,1,1,1,1
133,2357,1484.05,1267.92,229.13,284.62,1,1,1,0
133,2361,192.85,829.41,319.9,338.41,1,1,1,0
134,2348,2187.92,118.73,517.73,671.61,1,1,1,1
134,2349,337.58,465.83,555.51,703.52,1,1,1,1
134,2357,1497.35,1261.0,214.55,263.99,1,1,1,0
134,2361,218.05,817.18,320.12,339.6,1,1,1,0
135,2348,2194.9,120.05,519.8,675.6,1,1,1,1
135,2349,351.05,472.19,556.15,705.29,1,1,1,1
135,2357,1504.08,1257.13,211.99,259.4,1,1,1,0
135,2361,241.49,793.88,328.93,351.32,1,1,1,0
136,2348,2202.89,126.9,516.13,672.57,1,1,1,1
136,2349,389.72,458.1,562.5,709.97,1,1,1,1
136,2357,1512.64,1255.93,208.34,252.95,1,1,1,0
136,2361,265.67,786.88,327.39,352.55,1,1,1,0
137,2348,2207.26,130.46,509.49,667.46,1,1,1,1
137,2349,413.15,504.59,526.85,664.71,1,1,1,1
137,2357,1515.72,1254.95,213.43,258.79,1,1,1,0
137,2361,285.38,782.83,333.02,362.55,1,1,1,0
138,2348,2209.94,130.31,503.94,663.58,1,1,1,1
138,2349,442.85,546.58,495.9,623.78,1,1,1,1
138,2357,1520.74,1255.53,212.09,256.17,1,1,1,0
138,2361,311.88,815.67,307.98,337.2,1,1,1,0
139,2348,2214.35,122.94,495.67,655.58,1,1,1,1
139,2349,472.37,568.89,482.31,605.15,1,1,1,1
139,2357,1531.93,1253.58,200.72,239.13,1,1,1,0
139,2361,337.06,829.4,302.83,332.82,1,1,1,0
140,2348,2215.66,115.85,491.5,653.05,1,1,1,1
140,2349,491.29,557.76,483.33,607.5,1,1,1,1
140,2357,1537.25,1248.98,200.4,236.09,1,1,1,0
140,2361,356.61,848.85,284.77,315.17,1,1,1,0
141,2348,2213.87,112.3,489.56,654.4,1,1,1,1
141,2349,519.43,543.41,485.06,605.48,1,1,1,1
141,2357,1532.92,1244.22,210.87,248.15,1,1,1,0
141,2361,368.04,829.02,297.23,331.64,1,1,1,0
142,2348,2211.96,109.7,492.82,663.19,1,1,1,1
142,2349,542.04,551.31,476.74,588.96,1,1,1,1
142,2357,1530.37,1235.85,216.47,254.51,1,1,1,0
142,2361,396.03,834.32,275.94,306.58,1,1,1,0
143,2348,2216.56,109.42,490.49,663.16,1,1,1,1
143,2349,572.87,551.25,465.95,570.25,1,1,1,1
143,2357,1531.34,1226.47,217.62,255.42,1,1,1,0
143,2361,414.05,823.62,275.07,306.67,1,1,1,0
144,2348,2225.62,110.24,485.27,658.4,1,1,1,1
144,2349,597.54,551.9,475.17,579.54,1,1,1,1
144,2357,1534.69,1219.51,216.6,253.8,1,1,1,0
144,2361,435.6,811.37,275.89,308.41,1,1,1,0
145,2348,2234.13,116.66,477.02,648.24,1,1,1,1
145,2349,621.79,555.28,477.78,581.52,1,1,1,1
145,2357,1533.72,1216.28,222.02,261.19,1,1,1,0
145,2361,457.12,804.08,274.09,306.76,1,1,1,0
146,2348,2230.41,125.79,479.59,655.11,1,1,1,1
146,2349,647.93,561.67,475.14,577.79,1,1,1,1
146,2357,1534.24,1217.98,222.13,261.97,1,1,1,0
146,2361,472.93,804.27,271.66,304.65,1,1,1,0
147,2348,2221.24,137.56,481.68,660.5,1,1,1,1
147,2349,672.07,577.65,464.53,563.01,1,1,1,1
147,2357,1536.97,1224.8,218.47,257.9,1,1,1,0
147,2361,487.17,812.51,269.64,302.37,1,1,1,0
148,2348,2206.95,146.19,483.35,665.16,1,1,1,1
148,2349,689.52,587.72,462.72,558.86,1,1,1,1
148,2357,1538.99,1230.79,214.88,253.13,1,1,1,0
148,2361,494.21,821.3,269.61,302.43,1,1,1,0
149,2348,2191.17,155.56,476.91,657.2,1,1,1,1
149,2349,701.55,600.32,462.67,557.43,1,1,1,1
149,2357,1539.32,1234.77,212.59,249.74,1,1,1,0
149,2361,498.83,827.81,270.91,303.35,1,1,1,0
150,2348,2175.57,162.84,472.98,651.97,1,1,1,1
150,2349,713.21,608.99,464.85,560.21,1,1,1,1
150,2357,1540.0,1235.53,212.07,248.5,1,1,1,0
150,2361,506.66,830.63,269.6,301.37,1,1,1,0
151,2348,2160.93,173.05,462.95,637.65,1,1,1,1
151,2349,725.77,616.99,460.22,554.46,1,1,1,1
151,2357,1540.5,1234.27,211.25,246.46,1,1,1,0
151,2361,511.35,828.05,269.39,300.71,1,1,1,0
152,2348,2143.24,177.56,461.42,635.54,1,1,1,1
152,2349,736.21,619.1,453.06,544.7,1,1,1,1
152,2357,1540.85,1231.44,208.87,242.53,1,1,1,0
152,2361,515.38,823.45,269.31,299.73,1,1,1,0
153,2348,2125.82,182.29,457.43,629.24,1,1,1,1
153,2349,743.79,616.37,446.72,535.66,1,1,1,1
153,2357,1540.05,1225.2,208.1,239.9,1,1,1,0
153,2361,516.77,816.9,269.3,299.43,1,1,1,0
154,2348,2108.89,183.49,456.51,626.19,1,1,1,1
154,2349,747.59,611.48,441.34,527.31,1,1,1,1
154,2357,1537.26,1218.92,206.27,235.75,1,1,1,0
154,2361,516.45,808.86,268.29,297.79,1,1,1,0
155,2348,2091.87,180.87,451.02,616.04,1,1,1,1
155,2349,747.06,603.61,440.68,525.52,1,1,1,1
155,2357,1530.42,1211.42,205.81,233.87,1,1,1,0
155,2361,518.37,801.47,259.18,285.21,1,1,1,0
156,2348,2069.6,177.61,446.97,607.64,1,1,1,1
156,2349,744.91,597.36,438.78,522.68,1,1,1,1
156,2357,1520.94,1205.93,205.03,231.23,1,1,1,0
156,2361,515.63,796.73,257.61,280.54,1,1,1,0
157,2348,2040.07,165.2,453.42,615.37,1,1,1,1
157,2349,741.41,594.55,434.71,517.04,1,1,1,1
157,2357,1507.77,1198.78,204.71,229.11,1,1,1,0
157,2361,509.9,794.28,258.86,278.95,1,1,1,0
158,2348,2010.57,155.97,455.52,618.54,1,1,1,1
158,2349,733.01,590.21,433.05,514.37,1,1,1,1
158,2357,1492.04,1194.65,205.48,228.41,1,1,1,0
158,2361,495.99,793.07,266.93,284.93,1,1,1,0
159,2348,1988.09,150.98,454.63,616.15,1,1,1,1
159,2349,721.27,584.55,434.78,515.21,1,1,1,1
159,2357,1476.78,1190.05,205.57,226.61,1,1,1,0
159,2361,487.15,791.51,270.67,287.21,1,1,1,0
160,2348,1966.82,143.22,458.77,621.25,1,1,1,1
160,2349,708.16,576.83,435.78,515.71,1,1,1,1
160,2357,1461.59,1182.86,207.26,226.01,1,1,1,0
160,2361,482.44,785.43,267.58,282.56,1,1,1,0
161,2348,1952.22,135.78,462.04,626.61,1,1,1,1
161,2349,694.6,569.96,437.3,516.08,1,1,1,1
161,2357,1448.78,1175.52,209.82,225.85,1,1,1,0
161,2361,483.5,777.6,264.12,277.64,1,1,1,0
162,2348,1944.4,127.29,464.36,631.66,1,1,1,1
162,2349,687.81,559.83,436.45,514.76,1,1,1,1
162,2357,1437.69,1166.93,211.09,224.66,1,1,1,0
162,2361,484.91,766.74,267.36,279.91,1,1,1,0
163,2348,1943.26,122.97,458.05,624.07,1,1,1,1
163,2349,676.16,545.71,441.61,520.82,1,1,1,1
163,2357,1426.97,1159.5,214.07,225.47,1,1,1,0
163,2361,486.32,757.65,270.69,283.21,1,1,1,0
164,2348,1941.64,120.57,451.39,616.09,1,1,1,1
164,2349,664.95,538.95,443.06,522.38,1,1,1,1
164,2357,1414.83,1154.52,219.23,229.02,1,1,1,0
164,2361,486.3,755.19,272.34,286.09,1,1,1,0
165,2348,1940.78,121.9,445.7,609.42,1,1,1,1
165,2349,654.42,540.15,443.64,523.05,1,1,1,1
165,2357,1406.06,1159.58,219.02,226.81,1,1,1,0
165,2361,487.09,758.41,271.86,287.21,1,1,1,0
166,2348,1943.0,130.34,441.12,604.4,1,1,1,1
166,2349,644.4,547.93,444.26,523.38,1,1,1,1
166,2357,1397.55,1168.96,220.38,226.8,1,1,1,0
166,2361,488.24,771.33,272.25,290.04,1,1,1,0
167,2348,1947.07,141.9,437.07,599.9,1,1,1,1
167,2349,634.75,559.57,446.19,524.95,1,1,1,1
167,2357,1389.66,1180.18,221.32,226.43,1,1,1,0
167,2361,487.37,782.66,275.71,295.88,1,1,1,0
168,2348,1951.69,151.08,434.99,598.32,1,1,1,1
168,2349,624.98,568.81,447.62,525.59,1,1,1,1
168,2357,1378.41,1188.89,224.5,229.11,1,1,1,0
168,2361,487.86,794.89,272.13,294.93,1,1,1,0
169,2348,1956.23,156.8,430.87,593.13,1,1,1,1
169,2349,609.2,575.31,451.44,529.25,1,1,1,1
169,2357,1365.55,1197.74,224.44,228.54,1,1,1,0
169,2361,483.28,805.95,270.46,296.92,1,1,1,0
169,2366,3739.06,210.97,468.56,643.51,1,1,1,0
170,2348,1960.36,158.49,429.91,591.29,1,1,1,1
170,2349,593.39,583.31,452.95,529.86,1,1,1,1
170,2357,1351.18,1203.49,223.36,226.75,1,1,1,0
170,2361,475.0,818.4,260.9,289.73,1,1,1,0
170,2366,3721.0,195.89,489.35,671.91,1,1,1,0
171,2348,1961.95,158.36,425.14,585.41,1,1,1,1
171,2349,572.63,586.3,458.12,534.88,1,1,1,1
171,2357,1334.7,1207.62,225.01,228.08,1,1,1,0
171,2361,464.54,829.08,254.16,286.16,1,1,1,0
171,2366,3683.77,194.21,478.44,658.3,1,1,1,0
172,2348,1966.12,161.45,418.25,576.49,1,1,1,1
172,2349,557.6,590.94,459.15,535.19,1,1,1,1
172,2357,1316.93,1212.29,224.01,227.01,1,1,1,0
172,2361,456.66,836.95,249.31,284.03,1,1,1,0
172,2366,3659.51,197.15,477.13,658.26,1,1,1,0
173,2348,1970.86,169.19,412.94,569.47,1,1,1,1
173,2349,541.72,590.65,463.68,539.27,1,1,1,1
173,2357,1300.51,1215.98,224.71,227.01,1,1,1,0
173,2361,449.45,842.93,242.82,280.06,1,1,1,0
173,2366,3636.38,212.43,467.14,647.03,1,1,1,0
174,2348,1975.97,178.14,406.21,560.47,1,1,1,1
174,2349,525.06,588.09,467.76,543.17,1,1,1,1
174,2357,1280.9,1217.29,227.14,229.42,1,1,1,0
174,2361,439.75,844.59,237.59,277.8,1,1,1,0
174,2366,3616.39,234.61,448.86,625.0,1,1,1,0
175,2348,1977.93,186.41,400.65,553.46,1,1,1,1
175,2349,511.48,588.83,467.9,542.84,1,1,1,1
175,2357,1263.77,1217.31,229.35,230.73,1,1,1,0
175,2361,430.84,845.04,234.53,277.0,1,1,1,0
175,2366,3602.74,244.29,444.59,622.56,1,1,1,0
176,2348,1976.62,196.31,393.19,543.29,1,1,1,1
176,2349,490.83,585.69,472.71,547.64,1,1,1,1
176,2357,1246.56,1219.22,231.91,232.42,1,1,1,0
176,2361,420.02,845.45,232.14,276.75,1,1,1,0
176,2366,3588.86,245.77,446.48,628.57,1,1,1,0
177,2348,1969.05,206.29,387.02,534.07,1,1,1,1
177,2349,474.12,586.84,475.68,551.0,1,1,1,1
177,2357,1227.42,1221.86,235.66,235.04,1,1,1,0
177,2361,404.7,848.66,228.43,275.1,1,1,1,0
177,2366,3578.76,247.27,442.71,625.17,1,1,1,0
178,2348,1961.88,215.25,377.54,519.35,1,1,1,1
178,2349,449.87,584.87,481.79,556.18,1,1,1,1
178,2357,1207.96,1223.98,239.88,238.78,1,1,1,0
178,2361,389.62,854.54,221.78,269.72,1,1,1,0
178,2366,3568.44,244.91,446.6,630.79,1,1,1,0
179,2348,1953.07,224.44,368.79,504.83,1,1,1,1
179,2349,435.74,588.44,482.14,555.72,1,1,1,1
179,2357,1188.92,1225.11,242.04,240.58,1,1,1,0
179,2361,374.45,857.4,218.83,268.56,1,1,1,0
179,2366,3558.14,240.22,449.55,634.18,1,1,1,0
180,2348,1942.23,232.25,363.31,494.32,1,1,1,1
180,2349,419.78,587.4,485.39,557.85,1,1,1,1
180,2357,1174.87,1227.04,241.67,239.66,1,1,1,0
180,2361,360.44,854.31,220.34,272.2,1,1,1,0
180,2366,3549.83,235.9,454.57,638.73,1,1,1,0
181,2348,1930.44,241.17,364.45,494.3,1,1,1,1
181,2349,407.14,583.01,489.67,561.77,1,1,1,1
181,2357,1161.62,1228.9,242.98,240.46,1,1,1,0
181,2361,347.0,847.48,225.67,279.98,1,1,1,0
181,2366,3543.23,228.56,464.7,650.09,1,1,1,0
182,2348,1920.12,253.49,364.47,493.36,1,1,1,1
182,2349,395.94,580.54,494.75,566.35,1,1,1,1
182,2357,1149.12,1229.92,245.19,242.71,1,1,1,0
182,2361,329.13,827.46,240.93,301.87,1,1,1,0
182,2366,3536.92,224.36,477.2,664.5,1,1,1,0
183,2348,1911.25,266.26,362.26,488.85,1,1,1,1
183,2349,387.56,580.78,498.71,569.6,1,1,1,1
183,2357,1140.17,1232.62,245.97,243.54,1,1,1,0
183,2361,321.42,833.4,237.39,297.77,1,1,1,0
183,2366,3533.59,223.74,481.57,667.34,1,1,1,0
184,2348,1904.88,280.09,360.17,484.92,1,1,1,1
184,2349,383.36,584.44,501.78,572.34,1,1,1,1
184,2357,1132.66,1235.16,248.76,246.99,1,1,1,0
184,2361,307.03,840.97,235.14,295.19,1,1,1,0
184,2366,3530.84,226.86,484.0,666.93,1,1,1,0
185,2348,1900.97,298.51,353.45,474.12,1,1,1,1
185,2349,376.69,589.79,503.46,572.5,1,1,1,1
185,2357,1126.06,1238.43,252.32,251.41,1,1,1,0
185,2361,287.37,839.88,238.56,298.9,1,1,1,0
185,2366,3524.93,234.0,489.14,671.84,1,1,1,0
186,2348,1894.74,317.85,349.85,467.64,1,1,1,1
186,2349,369.33,593.6,507.44,574.26,1,1,1,1
186,2357,1118.12,1233.31,264.95,265.65,1,1,1,0
186,2361,265.39,836.29,243.65,303.4,1,1,1,0
186,2366,3519.8,244.01,494.37,676.19,1,1,1,0
187,2348,1887.37,340.35,346.35,461.88,1,1,1,1
187,2349,363.57,596.59,510.87,575.64,1,1,1,1
187,2357,1112.87,1239.84,265.44,267.91,1,1,1,0
187,2361,241.49,832.16,250.59,309.0,1,1,1,0
187,2366,3514.67,260.04,497.05,675.76,1,1,1,0
188,2348,1875.71,367.21,344.15,457.99,1,1,1,1
188,2349,359.99,605.22,513.31,575.69,1,1,1,1
188,2357,1108.31,1249.42,265.29,268.68,1,1,1,0
188,2361,210.69,827.82,258.61,315.0,1,1,1,0
188,2366,3509.25,276.57,499.29,672.91,1,1,1,0
189,2348,1865.91,391.97,337.21,447.11,1,1,1,1
189,2349,356.45,614.59,514.52,575.03,1,1,1,1
189,2357,1096.47,1264.04,257.88,264.15,1,1,1,0
189,2361,172.42,824.6,267.65,321.15,1,1,1,0
189,2366,3499.24,295.23,497.57,665.57,1,1,1,0
190,2348,1858.98,417.18,320.87,421.39,1,1,1,1
190,2349,352.3,624.41,516.46,575.51,1,1,1,1
190,2357,1085.86,1260.83,266.37,276.58,1,1,1,0
190,2361,129.05,820.26,274.85,324.2,1,1,1,0
190,2366,3485.15,314.05,505.35,671.51,1,1,1,0
191,2348,1854.12,438.03,302.25,391.59,1,1,1,1
191,2349,346.79,628.81,520.08,577.22,1,1,1,1
191,2357,1083.42,1282.9,241.19,253.18,1,1,1,0
191,2361,83.39,813.52,281.15,326.06,1,1,1,0
191,2366,3475.99,321.66,516.57,682.43,1,1,1,0
192,2348,1845.51,455.08,295.32,378.07,1,1,1,1
192,2349,342.33,630.34,523.37,578.61,1,1,1,1
192,2357,1085.98,1286.68,240.99,254.88,1,1,1,0
192,2361,34.66,804.29,286.77,325.09,1,1,1,0
192,2366,3469.41,325.26,521.25,684.73,1,1,1,0
193,2348,1834.49,469.51,291.46,368.0,1,1,1,1
193,2349,340.88,633.16,522.88,575.91,1,1,1,1
193,2357,1090.58,1280.77,243.41,258.67,1,1,1,0
193,2361,0,782.65,287.84,338.82,1,1,1,0
193,2366,3465.49,324.94,526.46,688.48,1,1,1,0
194,2348,1818.86,478.04,299.52,375.73,1,1,1,1
194,2349,336.28,630.11,524.72,574.82,1,1,1,1
194,2357,1093.85,1287.91,228.73,245.81,1,1,1,0
194,2361,0,742.68,265.12,367.27,1,1,1,0
194,2366,3463.03,321.58,530.91,693.18,1,1,1,0
195,2348,1801.17,481.43,307.81,384.41,1,1,1,1
195,2349,331.51,622.46,526.77,573.58,1,1,1,1
195,2357,1111.62,1277.46,216.09,232.66,1,1,1,0
195,2361,0,741.14,227.6,352.2,1,1,1,0
195,2366,3467.68,309.78,537.72,702.79,1,1,1,0
196,2348,1788.9,481.33,307.08,382.28,1,1,1,1
196,2349,331.59,610.52,529.99,574.88,1,1,1,1
196,2357,1133.88,1284.1,196.63,211.45,1,1,1,0
196,2361,0,729.57,195.72,344.76,1,1,1,0
196,2366,3475.2,297.03,544.98,714.03,1,1,1,0
197,2348,1777.83,479.44,306.23,380.17,1,1,1,1
197,2349,335.27,601.19,532.06,575.35,1,1,1,1
197,2361,0,713.17,166.36,339.42,1,1,1,0
197,2366,3490.91,280.64,553.83,728.03,1,1,1,0
198,2348,1767.62,476.64,307.77,382.05,1,1,1,1
198,2349,338.52,590.11,534.23,575.9,1,1,1,1
198,2361,0,700.52,134.37,334.12,1,1,1,0
198,2366,3510.2,260.57,555.96,734.41,1,1,1,0
199,2348,1758.83,468.83,307.95,382.13,1,1,1,1
199,2349,347.5,583.78,531.77,570.71,1,1,1,1
199,2361,0,694.51,107.36,320.06,1,1,1,0
199,2366,3532.88,230.01,560.94,746.9,1,1,1,0
200,2348,1751.77,457.55,305.23,378.32,1,1,1,1
200,2349,351.47,572.68,531.11,566.32,1,1,1,1
200,2361,0,693.1,63.54,285.51,1,1,1,0
200,2366,3576.26,183.88,574.9,766.4,1,1,1,0
201,2348,1742.71,446.21,305.08,377.88,1,1,1,1
201,2349,354.93,563.42,528.44,559.08,1,1,1,1
201,2366,3616.47,123.8,576.53,769.37,1,1,1,0
201,2367,2770.82,1096.03,160.18,200.93,1,1,1,0
201,2368,2929.69,1125.2,107.61,126.92,1,1,1,0
202,2348,1732.09,434.62,307.48,381.07,1,1,1,1
202,2349,357.67,551.67,531.05,559.6,1,1,1,1
202,2366,3658.16,63.08,555.77,742.7,1,1,1,0
202,2367,2778.02,1092.21,143.65,179.88,1,1,1,0
202,2368,2926.58,1111.13,107.83,127.11,1,1,1,0
203,2348,1723.69,423.43,306.82,380.78,1,1,1,1
203,2349,356.37,534.06,535.71,561.63,1,1,1,1
203,2366,3710.63,0,579.46,765.1,1,1,1,0
203,2367,2770.79,1088.86,137.9,172.09,1,1,1,0
203,2368,2923.14,1097.13,108.99,128.58,1,1,1,0
204,2348,1716.4,411.58,304.45,377.58,1,1,1,1
204,2349,356.23,522.66,537.97,561.43,1,1,1,1
204,2366,3755.11,0,549.6,690.33,1,1,1,0
204,2367,2750.43,1064.72,147.05,182.48,1,1,1,0
204,2368,2920.77,1085.06,108.52,128.14,1,1,1,0
205,2348,1709.18,403.93,302.14,374.49,1,1,1,1
205,2349,356.65,513.42,539.48,560.59,1,1,1,1
205,2367,2741.69,1045.47,151.72,187.44,1,1,1,0
205,2368,2917.94,1073.74,109.18,128.83,1,1,1,0
206,2348,1704.76,399.12,294.27,363.0,1,1,1,1
206,2349,354.35,509.02,541.56,560.3,1,1,1,1
206,2367,2734.45,1033.23,152.38,186.81,1,1,1,0
206,2368,2914.65,1067.37,107.46,126.5,1,1,1,0
207,2348,1699.51,395.8,289.7,355.99,1,1,1,1
207,2349,355.34,505.05,538.82,554.43,1,1,1,1
207,2367,2725.79,1024.0,152.18,184.12,1,1,1,0
207,2368,2910.54,1058.95,109.62,129.02,1,1,1,0
208,2348,1693.95,392.25,289.58,354.78,1,1,1,1
208,2349,356.78,498.83,538.05,550.84,1,1,1,1
208,2367,2721.0,1014.2,152.82,182.35,1,1,1,0
208,2368,2906.74,1050.15,111.96,131.55,1,1,1,0
209,2348,1688.85,384.99,294.68,361.33,1,1,1,1
209,2349,354.1,489.15,543.19,553.55,1,1,1,1
209,2367,2718.45,1003.76,155.34,183.4,1,1,1,0
209,2368,2897.26,1037.57,119.49,139.75,1,1,1,0
210,2348,1683.7,375.22,302.06,371.43,1,1,1,1
210,2349,356.61,481.78,544.46,553.02,1,1,1,1
210,2367,2719.67,993.06,155.74,182.2,1,1,1,0
210,2368,2899.74,1028.81,119.88,139.62,1,1,1,0
211,2348,1684.6,363.74,304.41,375.3,1,1,1,1
211,2349,353.16,470.09,550.53,557.64,1,1,1,1
211,2367,2718.34,981.06,156.78,181.79,1,1,1,0
211,2368,2896.41,1013.54,125.81,145.85,1,1,1,0
212,2348,1688.09,351.39,301.21,371.47,1,1,1,1
212,2349,349.09,454.02,559.92,566.57,1,1,1,1
212,2367,2716.4,967.77,160.45,184.9,1,1,1,0
212,2368,2896.92,1001.79,127.77,147.37,1,1,1,0
213,2348,1689.22,335.7,305.75,378.02,1,1,1,1
213,2349,352.11,443.87,554.33,558.86,1,1,1,1
213,2367,2716.14,954.83,161.2,184.48,1,1,1,0
213,2368,2895.68,989.39,131.6,151.02,1,1,1,0
214,2348,1693.73,321.73,305.89,378.5,1,1,1,1
214,2349,356.65,435.57,546.19,547.88,1,1,1,1
214,2367,2714.68,940.41,164.56,187.54,1,1,1,0
214,2368,2897.75,978.72,131.21,150.0,1,1,1,0
215,2348,1697.56,304.85,306.84,380.17,1,1,1,1
215,2349,353.28,421.17,551.64,551.8,1,1,1,1
215,2367,2715.16,929.05,163.99,186.31,1,1,1,0
215,2368,2899.52,967.54,132.44,151.08,1,1,1,0
216,2348,1700.59,287.64,313.81,390.33,1,1,1,1
216,2349,353.23,414.52,551.83,550.1,1,1,1,1
216,2367,2716.64,917.65,164.65,186.63,1,1,1,0
216,2368,2902.06,958.93,132.41,150.64,1,1,1,0
217,2348,1707.6,274.14,315.85,393.94,1,1,1,1
217,2349,357.14,408.39,551.62,548.7,1,1,1,1
217,2367,2726.79,919.79,155.47,176.39,1,1,1,0
217,2368,2904.06,952.49,133.55,151.19,1,1,1,0
218,2348,1715.87,262.71,318.23,398.34,1,1,1,1
218,2349,362.03,405.23,554.26,550.6,1,1,1,1
218,2367,2739.43,919.69,151.01,172.47,1,1,1,0
218,2368,2907.46,948.84,135.07,152.93,1,1,1,0
219,2348,1723.63,253.08,321.03,404.0,1,1,1,1
219,2349,368.87,403.95,555.16,551.35,1,1,1,1
219,2367,2754.19,936.23,135.58,154.04,1,1,1,0
219,2368,2912.7,945.83,137.22,155.12,1,1,1,0
220,2348,1729.75,244.53,325.17,411.71,1,1,1,1
220,2349,371.83,396.6,562.79,559.62,1,1,1,1
220,2367,2764.17,943.56,131.05,148.92,1,1,1,0
220,2368,2918.09,944.61,137.53,155.11,1,1,1,0
221,2348,1738.1,238.76,324.08,411.93,1,1,1,1
221,2349,376.75,392.5,565.05,563.53,1,1,1,1
221,2367,2765.73,937.46,136.38,155.6,1,1,1,0
221,2368,2921.88,942.92,137.31,155.05,1,1,1,0
222,2348,1746.18,231.6,320.08,407.36,1,1,1,1
222,2349,380.68,386.46,562.59,562.62,1,1,1,1
222,2367,2758.3,914.5,154.13,178.06,1,1,1,0
222,2368,2924.62,940.99,137.69,155.76,1,1,1,0
222,2369,3588.45,816.99,287.63,259.63,1,1,1,0
223,2348,1752.11,221.8,319.01,406.61,1,1,1,1
223,2349,388.32,382.45,550.53,550.31,1,1,1,1
223,2367,2754.1,903.82,160.53,187.8,1,1,1,0
223,2368,2928.85,937.35,137.66,155.99,1,1,1,0
223,2369,3591.02,810.23,289.17,261.12,1,1,1,0
224,2348,1755.78,209.8,320.29,408.55,1,1,1,1
224,2349,391.27,377.62,547.99,548.02,1,1,1,1
224,2367,2751.14,897.86,162.34,190.96,1,1,1,0
224,2368,2931.75,933.06,138.09,156.83,1,1,1,0
224,2369,3598.54,803.75,287.58,259.75,1,1,1,0
225,2348,1756.9,198.56,324.26,414.67,1,1,1,1
225,2349,385.75,372.46,557.69,559.19,1,1,1,1
225,2367,2752.57,893.48,160.82,189.79,1,1,1,0
225,2368,2934.16,928.09,138.65,157.89,1,1,1,0
225,2369,3600.76,799.65,283.57,256.56,1,1,1,0
226,2348,1758.65,187.33,329.21,422.46,1,1,1,1
226,2349,382.89,366.76,562.77,566.53,1,1,1,1
226,2367,2750.31,890.89,159.43,189.25,1,1,1,0
226,2368,2937.59,922.87,136.84,155.89,1,1,1,0
226,2369,3604.19,792.4,283.47,257.28,1,1,1,0
227,2348,1758.19,173.64,334.69,431.75,1,1,1,1
227,2349,382.77,360.87,561.03,566.15,1,1,1,1
227,2367,2750.63,888.57,159.61,191.35,1,1,1,0
227,2368,2939.23,916.76,138.49,158.26,1,1,1,0
227,2369,3608.23,783.77,284.29,259.28,1,1,1,0
228,2348,1759.0,161.38,337.73,437.47,1,1,1,1
228,2349,382.11,357.68,559.05,565.16,1,1,1,1
228,2367,2755.32,880.03,159.92,193.67,1,1,1,0
228,2368,2941.78,910.3,138.26,158.34,1,1,1,0
228,2369,3613.48,778.03,283.33,260.0,1,1,1,0
229,2348,1760.79,149.18,338.84,440.73,1,1,1,1
229,2349,381.94,351.93,553.23,559.97,1,1,1,1
229,2367,2762.02,870.69,159.59,194.5,1,1,1,0
229,2368,2945.34,904.5,139.16,159.92,1,1,1,0
229,2369,3619.54,772.51,284.26,262.74,1,1,1,0
230,2348,1762.11,135.93,339.35,442.54,1,1,1,1
230,2349,380.85,344.6,550.61,556.98,1,1,1,1
230,2367,2768.5,863.4,157.86,193.97,1,1,1,0
230,2368,2949.67,898.96,139.69,160.49,1,1,1,0
230,2369,3625.88,767.47,282.6,263.74,1,1,1,0
230,2370,2481.44,611.42,316.58,350.7,1,1,1,0
230,2357,1051.76,1030.94,162.31,227.45,1,1,1,0
231,2348,1764.13,121.79,341.02,445.86,1,1,1,1
231,2349,381.25,339.88,547.93,554.06,1,1,1,1
231,2367,2781.94,855.72,157.3,192.92,1,1,1,0
231,2368,2958.39,893.51,138.24,159.09,1,1,1,0
231,2369,3632.62,765.04,276.1,260.85,1,1,1,0
231,2357,1050.32,1027.83,151.25,211.71,1,1,1,0
232,2348,1766.38,107.82,341.65,447.5,1,1,1,1
232,2349,374.1,331.94,560.9,570.14,1,1,1,1
232,2367,2788.03,857.82,151.77,185.32,1,1,1,0
232,2368,2963.45,887.7,140.36,161.7,1,1,1,0
232,2369,3641.02,760.34,271.25,259.74,1,1,1,0
232,2357,1050.87,1036.15,122.24,170.52,1,1,1,0
233,2348,1768.19,92.53,342.92,449.88,1,1,1,1
233,2349,367.86,325.0,564.78,575.93,1,1,1,1
233,2367,2800.71,846.07,157.65,192.04,1,1,1,0
233,2368,2972.72,882.54,138.84,160.29,1,1,1,0
233,2369,3654.63,756.38,264.28,256.91,1,1,1,0
234,2348,1771.89,76.86,345.07,453.43,1,1,1,1
234,2349,374.58,316.65,547.25,557.15,1,1,1,1
234,2367,2818.53,834.82,161.54,196.04,1,1,1,0
234,2368,2982.17,874.05,142.07,164.49,1,1,1,0
234,2369,3673.06,752.7,247.53,244.55,1,1,1,0
235,2348,1777.58,59.97,345.03,453.59,1,1,1,1
235,2349,376.72,303.81,537.39,545.29,1,1,1,1
235,2367,2832.97,827.59,160.12,193.61,1,1,1,0
235,2368,2994.96,867.89,140.26,162.89,1,1,1,0
235,2369,3696.12,753.65,234.63,235.83,1,1,1,0
236,2348,1782.66,43.12,346.86,456.3,1,1,1,1
236,2349,375.76,292.55,538.9,546.05,1,1,1,1
236,2367,2850.87,819.55,162.97,195.79,1,1,1,0
236,2368,3009.36,861.81,139.3,162.23,1,1,1,0
236,2369,3720.09,752.96,208.04,213.07,1,1,1,0
236,2361,0,434.05,128.84,355.1,1,1,1,0
237,2348,1786.53,26.99,351.36,462.66,1,1,1,1
237,2349,373.29,283.94,546.93,555.08,1,1,1,1
237,2367,2862.68,821.5,159.74,191.05,1,1,1,0
237,2368,3022.94,856.97,138.13,161.16,1,1,1,0
237,2369,3748.02,757.65,169.22,176.11,1,1,1,0
237,2361,0,421.25,162.29,416.24,1,1,1,0
238,2348,1790.06,12.45,353.43,465.57,1,1,1,1
238,2349,378.38,277.39,540.33,548.17,1,1,1,1
238,2367,2871.45,817.79,158.82,189.18,1,1,1,0
238,2368,3038.27,850.99,135.9,159.14,1,1,1,0
238,2369,3775.93,759.18,132.26,139.54,1,1,1,0
238,2361,0,408.85,189.44,444.66,1,1,1,0
239,2348,1794.82,0,351.84,463.3,1,1,1,1
239,2349,382.13,274.64,536.63,544.14,1,1,1,1
239,2367,2892.77,813.83,153.75,182.07,1,1,1,0
239,2368,3051.8,844.58,138.19,162.36,1,1,1,0
239,2369,3804.7,756.12,120.43,128.13,1,1,1,0
239,2361,0,401.17,212.92,442.24,1,1,1,0
240,2348,1801.5,0,350.72,449.76,1,1,1,1
240,2349,385.47,271.7,533.79,540.86,1,1,1,1
240,2367,2910.11,798.05,161.56,191.53,1,1,1,0
240,2368,3065.93,839.2,139.35,164.34,1,1,1,0
240,2361,0,401.43,238.19,450.12,1,1,1,0
241,2348,1808.99,0,348.02,435.32,1,1,1,1
241,2349,391.76,269.67,527.44,533.68,1,1,1,1
241,2367,2922.28,790.88,164.83,195.72,1,1,1,0
241,2368,3081.92,834.21,140.07,165.87,1,1,1,0
241,2361,0,403.91,263.49,447.2,1,1,1,0
241,2370,2478.19,480.91,327.89,365.16,1,1,1,0
242,2348,1814.96,0,348.37,424.12,1,1,1,1
242,2349,401.9,267.27,523.94,530.55,1,1,1,1
242,2367,2938.26,784.05,167.87,201.26,1,1,1,0
242,2368,3098.9,829.76,140.02,166.43,1,1,1,0
242,2361,0,403.12,289.41,441.9,1,1,1,0
242,2370,2499.18,478.63,319.28,356.46,1,1,1,0
243,2348,1818.6,0,353.34,421.14,1,1,1,1
243,2349,402.68,258.78,529.36,536.49,1,1,1,1
243,2367,2949.43,778.53,167.57,202.56,1,1,1,0
243,2368,3117.24,824.33,140.85,168.2,1,1,1,0
243,2361,0,398.99,317.53,439.25,1,1,1,0
243,2370,2481.22,471.28,340.57,374.34,1,1,1,0
244,2348,1824.92,0,354.51,412.66,1,1,1,1
244,2349,401.72,247.45,534.58,542.75,1,1,1,1
244,2367,2973.91,766.43,167.13,203.01,1,1,1,0
244,2368,3136.92,818.51,140.22,168.06,1,1,1,0
244,2361,22.07,393.99,319.85,435.37,1,1,1,0
244,2370,2513.71,496.26,351.99,383.14,1,1,1,0
245,2348,1835.42,0,346.34,389.98,1,1,1,1
245,2349,405.37,233.56,530.18,537.51,1,1,1,1
245,2367,2994.81,749.81,168.28,206.29,1,1,1,0
245,2368,3155.95,807.8,141.39,170.35,1,1,1,0
245,2361,51.3,387.66,319.59,428.07,1,1,1,0
246,2348,1848.69,0,335.47,359.5,1,1,1,1
246,2349,409.72,216.97,527.04,533.13,1,1,1,1
246,2367,3004.11,749.25,161.97,200.41,1,1,1,0
246,2368,3176.41,799.6,139.74,168.82,1,1,1,0
246,2361,79.88,378.2,317.18,417.73,1,1,1,0
247,2348,1856.59,0,331.53,342.81,1,1,1,1
247,2349,410.69,200.23,530.44,536.34,1,1,1,1
247,2367,3023.73,731.46,164.43,203.65,1,1,1,0
247,2368,3193.01,785.59,142.71,172.97,1,1,1,0
247,2361,101.87,368.18,321.18,417.88,1,1,1,0
248,2348,1862.04,0,334.28,327.92,1,1,1,1
248,2349,403.97,184.22,539.2,545.24,1,1,1,1
248,2367,3036.88,718.76,165.53,203.25,1,1,1,0
248,2368,3210.73,771.47,145.23,176.86,1,1,1,0
248,2361,125.47,359.05,322.95,415.82,1,1,1,0
249,2348,1868.72,0,330.36,309.86,1,1,1,1
249,2349,398.5,168.82,547.45,555.54,1,1,1,1
249,2367,3043.7,705.92,167.57,203.05,1,1,1,0
249,2368,3209.26,740.82,161.75,197.14,1,1,1,0
249,2361,146.17,350.24,320.75,408.51,1,1,1,0
250,2348,1872.25,0,332.79,291.3,1,1,1,1
250,2349,396.51,154.14,547.94,557.57,1,1,1,1
250,2367,3049.83,689.88,176.08,211.68,1,1,1,0
250,2368,3221.93,728.58,162.6,197.18,1,1,1,0
250,2361,162.41,342.37,323.85,408.89,1,1,1,0
251,2348,1877.56,0,333.33,270.8,1,1,1,1
251,2349,396.35,141.03,542.1,551.56,1,1,1,1
251,2367,3055.04,679.8,188.46,224.26,1,1,1,0
251,2368,3244.39,726.86,157.98,191.54,1,1,1,0
251,2361,178.8,334.88,326.82,410.6,1,1,1,0
252,2348,1888.71,0,327.66,253.93,1,1,1,1
252,2349,393.2,130.82,544.38,555.29,1,1,1,1
252,2367,3083.47,668.07,207.64,242.19,1,1,1,0
252,2368,3265.55,721.94,155.41,187.61,1,1,1,0
252,2361,200.33,329.53,327.69,409.61,1,1,1,0
253,2348,1890.19,0,336.86,253.05,1,1,1,1
253,2349,391.42,123.9,545.82,558.15,1,1,1,1
253,2367,3108.72,659.14,213.68,244.56,1,1,1,0
253,2368,3285.81,719.64,154.26,186.05,1,1,1,0
253,2361,218.41,325.79,330.75,412.0,1,1,1,0
254,2348,1894.02,0,341.3,247.1,1,1,1,1
254,2349,397.02,123.17,539.94,552.95,1,1,1,1
254,2367,3132.08,652.15,222.56,251.52,1,1,1,0
254,2368,3303.55,716.71,154.79,185.41,1,1,1,0
254,2361,241.74,328.41,330.05,410.68,1,1,1,0
255,2348,1893.65,0,352.52,246.46,1,1,1,1
255,2349,402.08,123.34,538.23,552.52,1,1,1,1
255,2367,3158.58,646.64,224.16,251.0,1,1,1,0
255,2368,3318.04,713.53,160.48,191.48,1,1,1,0
255,2361,267.73,334.45,326.07,405.35,1,1,1,0
256,2348,1889.01,0,370.1,246.5,1,1,1,1
256,2349,407.39,127.13,539.5,555.73,1,1,1,1
256,2367,3182.49,642.93,224.49,249.06,1,1,1,0
256,2368,3324.74,693.72,174.97,208.62,1,1,1,0
256,2361,293.71,343.57,324.18,401.9,1,1,1,0
257,2348,1888.56,0,378.52,244.67,1,1,1,1
257,2349,411.14,135.91,539.61,557.41,1,1,1,1
257,2367,3192.2,640.29,225.41,247.37,1,1,1,0
257,2368,3343.37,688.98,178.43,212.8,1,1,1,0
257,2361,320.99,354.14,304.58,374.76,1,1,1,0
