1,841,2256.43,0,482.14,309.17,1,1,1,0
2,841,2214.44,0,467.79,312.32,1,1,1,0
3,841,2208.29,0,464.3,313.32,1,1,1,0
3,842,1108.47,0,204.75,212.63,1,1,1,0
4,841,2158.22,0,462.92,340.97,1,1,1,0
4,842,1026.6,14.27,212.12,230.66,1,1,1,0
5,841,2143.2,0,462.3,350.48,1,1,1,0
5,842,999.47,23.17,213.84,232.84,1,1,1,0
6,841,2096.62,0,483.58,396.46,1,1,1,0
6,842,917.46,42.57,229.85,250.55,1,1,1,0
7,841,2081.71,0,490.11,412.27,1,1,1,0
7,842,891.18,48.81,234.83,256.31,1,1,1,0
7,843,3444.54,245.29,540.75,644.63,1,1,1,1
8,841,2030.68,0,505.81,442.19,1,1,1,0
8,842,803.91,73.26,242.65,265.86,1,1,1,0
8,843,3378.87,279.42,530.92,632.51,1,1,1,1
9,841,2012.47,0,511.16,453.4,1,1,1,0
9,842,774.32,81.72,243.16,267.46,1,1,1,0
9,843,3357.64,293.64,522.52,621.83,1,1,1,1
10,841,1954.07,0,536.0,486.79,1,1,1,0
10,842,690.76,107.59,237.45,262.06,1,1,1,0
10,843,3302.04,326.95,468.59,555.11,1,1,1,1
11,841,1935.27,0,541.95,496.48,1,1,1,0
11,842,661.5,117.42,234.01,258.99,1,1,1,0
11,843,3281.99,336.61,454.27,535.61,1,1,1,1
12,841,1899.8,0,537.6,501.69,1,1,1,0
12,842,571.36,137.71,229.3,253.31,1,1,1,0
12,843,3208.66,356.17,463.2,544.96,1,1,1,1
13,841,1887.12,0,534.55,503.83,1,1,1,0
13,842,540.33,144.96,227.27,250.7,1,1,1,0
13,843,3183.92,361.52,467.37,548.62,1,1,1,1
14,841,1849.28,0,526.96,491.87,1,1,1,0
14,842,441.34,164.69,230.36,253.76,1,1,1,0
14,843,3112.51,370.74,498.15,584.78,1,1,1,1
15,841,1835.52,0,524.91,488.65,1,1,1,0
15,842,406.69,171.15,231.2,254.24,1,1,1,0
15,843,3086.36,374.47,509.48,598.57,1,1,1,1
16,841,1792.7,0,525.14,482.62,1,1,1,0
16,842,305.89,188.86,231.55,254.23,1,1,1,0
16,843,3023.79,369.79,507.64,596.97,1,1,1,1
17,841,1779.83,0,518.89,477.52,1,1,1,0
17,842,270.17,195.1,231.4,253.65,1,1,1,0
17,843,3003.37,366.19,504.28,593.18,1,1,1,1
18,841,1731.17,0,520.22,444.05,1,1,1,0
18,842,154.62,205.57,236.25,259.06,1,1,1,0
18,843,2933.44,351.52,499.2,587.79,1,1,1,1
19,841,1714.02,0,518.82,430.25,1,1,1,0
19,842,113.04,209.78,237.84,260.94,1,1,1,0
19,843,2908.92,345.7,497.67,586.64,1,1,1,1
20,841,1675.24,0,508.64,374.67,1,1,1,0
20,842,0,225.63,240.21,269.21,1,1,1,0
20,843,2842.81,322.05,476.37,561.39,1,1,1,1
21,841,1662.7,0,506.3,352.95,1,1,1,0
21,842,0,231.37,199.43,272.19,1,1,1,0
21,843,2819.66,312.46,469.38,553.18,1,1,1,1
22,841,1606.77,0,497.71,337.47,1,1,1,0
22,843,2766.25,275.6,449.84,530.6,1,1,1,1
23,841,1585.71,0,500.53,329.77,1,1,1,0
23,843,2746.49,262.28,447.06,527.92,1,1,1,1
24,841,1538.64,0,526.06,324.21,1,1,1,0
24,843,2692.8,222.56,428.62,508.32,1,1,1,1
25,841,1521.68,0,536.02,319.58,1,1,1,0
25,843,2679.76,210.08,419.08,498.63,1,1,1,1
26,841,1466.6,0,563.65,322.86,1,1,1,0
26,843,2633.3,171.33,404.56,480.23,1,1,1,1
27,841,1448.13,0,570.82,314.93,1,1,1,0
27,843,2618.6,157.79,398.83,472.17,1,1,1,1
28,841,1415.94,0,616.76,207.33,1,1,1,0
28,843,2579.13,113.45,389.82,461.97,1,1,1,1
29,841,1409.98,0,629.99,166.56,1,1,1,0
29,843,2566.53,97.14,389.82,462.37,1,1,1,1
29,844,1000.44,290.43,148.27,159.71,1,1,1,0
29,845,1356.0,154.38,222.8,239.05,1,1,1,1
30,841,1372.95,0,589.27,114.16,1,1,1,0
30,843,2549.2,60.41,356.44,418.38,1,1,1,1
30,845,1332.97,143.77,249.5,268.13,1,1,1,1
31,841,1358.39,0,573.87,94.89,1,1,1,0
31,843,2547.08,49.3,344.15,400.41,1,1,1,1
31,845,1325.93,140.33,256.98,276.78,1,1,1,1
31,846,727.87,249.63,88.33,93.78,1,1,1,1
32,843,2521.38,39.4,348.85,402.79,1,1,1,1
32,845,1289.44,117.97,270.92,291.58,1,1,1,1
33,843,2512.45,36.26,352.26,403.35,1,1,1,1
33,845,1276.99,108.88,277.04,297.9,1,1,1,1
33,847,619.44,238.12,85.8,93.35,1,1,1,0
33,848,819.94,290.67,143.08,145.49,1,1,1,0
34,843,2502.93,50.39,368.55,419.59,1,1,1,1
34,845,1237.33,101.22,276.83,298.83,1,1,1,1
35,843,2501.38,55.18,372.02,421.2,1,1,1,1
35,845,1223.88,99.32,274.87,297.89,1,1,1,1
35,849,523.43,213.32,103.22,107.31,1,1,1,0
36,843,2507.6,65.37,378.02,427.12,1,1,1,1
36,845,1200.73,99.33,284.33,311.15,1,1,1,1
36,846,685.61,250.69,157.52,168.3,1,1,1,1
37,843,2510.69,68.98,380.16,428.0,1,1,1,1
37,845,1193.62,100.13,286.09,316.07,1,1,1,1
37,850,468.55,198.31,94.08,101.97,1,1,1,0
37,846,682.53,251.12,162.31,174.62,1,1,1,1
38,843,2551.06,94.71,367.92,413.2,1,1,1,1
38,845,1194.89,104.31,282.93,314.83,1,1,1,1
38,846,664.76,244.88,170.22,184.35,1,1,1,1
39,843,2566.16,103.23,365.2,408.89,1,1,1,1
39,845,1197.02,106.5,280.21,314.07,1,1,1,1
39,846,657.65,242.61,172.15,187.64,1,1,1,1
39,852,420.11,185.5,91.39,101.61,1,1,1,0
40,845,1225.79,125.24,269.97,304.52,1,1,1,1
40,846,647.12,242.14,173.22,190.09,1,1,1,1
40,852,410.81,160.44,105.44,117.2,1,1,1,0
41,845,1237.15,132.52,264.95,300.45,1,1,1,1
41,846,643.3,242.25,172.15,190.21,1,1,1,1
41,852,407.38,152.2,109.87,122.07,1,1,1,0
41,853,1838.97,0,671.96,287.54,1,1,1,0
42,845,1285.32,170.4,267.14,306.54,1,1,1,1
42,846,661.37,262.17,159.46,176.85,1,1,1,1
42,852,409.17,158.44,112.88,125.6,1,1,1,0
42,853,1930.05,0,761.66,313.77,1,1,1,0
42,844,1030.64,222.32,163.54,175.93,1,1,1,0
43,845,1304.44,184.68,265.83,308.71,1,1,1,1
43,846,668.45,270.12,154.47,171.96,1,1,1,1
43,852,410.41,161.79,113.32,126.32,1,1,1,0
43,853,1960.02,0,792.12,322.76,1,1,1,0
43,844,1031.25,220.8,164.36,176.67,1,1,1,0
44,845,1372.34,226.23,256.64,301.47,1,1,1,1
44,853,2114.25,0,811.67,416.52,1,1,1,0
44,850,455.31,225.38,109.85,119.72,1,1,1,0
45,845,1398.88,241.53,251.92,298.92,1,1,1,1
45,853,2166.61,0,821.75,455.84,1,1,1,0
45,854,1113.6,298.66,140.73,152.57,1,1,1,0
45,850,455.06,227.19,109.78,120.24,1,1,1,0
46,845,1476.79,314.49,247.84,296.09,1,1,1,1
46,853,2323.65,0,867.19,508.32,1,1,1,0
47,845,1506.19,341.87,245.06,294.56,1,1,1,1
47,853,2401.75,0,854.04,521.11,1,1,1,0
47,855,1190.89,372.76,147.05,159.71,1,1,1,0
48,845,1583.19,416.67,243.42,292.74,1,1,1,1
48,853,2607.67,0,815.33,600.57,1,1,1,0
49,845,1611.87,445.8,241.65,290.22,1,1,1,1
49,853,2678.73,0,804.9,632.22,1,1,1,0
49,856,1226.82,441.82,170.78,189.78,1,1,1,0
49,857,571.46,402.71,115.71,115.71,1,1,1,0
50,845,1676.77,518.65,247.61,297.67,1,1,1,1
50,853,2773.5,0,885.34,770.02,1,1,1,0
51,845,1698.75,545.74,249.35,299.64,1,1,1,1
51,853,2812.37,0,908.59,821.07,1,1,1,0
51,858,1301.2,570.01,154.48,169.23,1,1,1,0
51,859,926.95,613.95,129.39,159.65,1,1,1,0
52,845,1745.24,623.45,244.25,294.8,1,1,1,1
52,853,2920.4,16.22,908.95,910.95,1,1,1,0
53,845,1761.5,650.93,242.5,293.7,1,1,1,1
53,853,2960.08,50.02,919.23,934.14,1,1,1,0
53,860,1305.19,673.43,160.01,169.71,1,1,1,0
53,861,606.35,643.3,100.89,114.27,1,1,1,0
54,845,1799.58,715.4,247.42,302.05,1,1,1,1
54,853,3035.43,123.18,955.28,986.08,1,1,1,0
54,860,1311.34,746.97,154.76,164.34,1,1,1,0
55,845,1813.63,738.08,249.47,306.73,1,1,1,1
55,853,3067.2,151.84,956.54,1002.21,1,1,1,0
55,860,1311.58,771.54,152.82,162.54,1,1,1,0
55,862,584.35,721.17,101.26,119.33,1,1,1,0
55,863,1627.23,729.84,130.18,165.13,1,1,1,0
56,845,1842.12,773.33,244.28,302.96,1,1,1,1
56,853,3149.47,204.05,958.44,1016.25,1,1,1,0
56,860,1323.08,821.74,151.14,161.23,1,1,1,0
56,863,1624.69,758.64,138.98,176.28,1,1,1,0
57,845,1852.47,784.83,240.81,300.64,1,1,1,1
57,853,3180.51,223.55,952.08,1020.85,1,1,1,0
57,860,1326.11,833.97,153.55,164.45,1,1,1,0
57,863,1622.79,767.5,144.04,182.78,1,1,1,0
57,864,572.73,794.81,106.97,116.92,1,1,1,0
58,845,1859.67,783.0,240.28,302.12,1,1,1,1
58,853,3235.94,267.71,918.72,1002.03,1,1,1,0
58,860,1303.79,854.52,156.65,168.14,1,1,1,0
58,863,1615.18,784.06,147.3,187.27,1,1,1,0
59,845,1862.36,781.19,238.29,301.06,1,1,1,1
59,853,3258.21,285.44,893.89,990.74,1,1,1,0
59,860,1296.17,860.13,156.81,168.65,1,1,1,0
59,863,1613.03,788.8,147.35,187.7,1,1,1,0
59,865,519.14,842.3,117.84,123.67,1,1,1,0
59,866,1038.94,903.9,101.64,120.78,1,1,1,0
60,845,1830.57,764.19,239.07,303.82,1,1,1,1
60,853,3269.05,264.09,889.76,1001.39,1,1,1,0
61,845,1819.06,756.14,238.61,304.84,1,1,1,1
61,853,3275.93,250.41,884.55,1009.86,1,1,1,0
61,867,409.47,871.71,118.46,121.5,1,1,1,0
61,860,1182.1,846.16,174.17,190.45,1,1,1,0
61,869,1535.74,780.47,148.76,194.3,1,1,1,0
62,853,3235.88,214.35,868.77,1000.97,1,1,1,0
62,860,1053.2,840.03,148.3,175.39,1,1,1,0
62,845,1673.8,722.61,244.37,305.44,1,1,1,1
63,853,3223.64,200.15,857.55,996.92,1,1,1,0
63,845,1673.8,722.61,244.37,305.44,1,1,1,1
63,860,1059.38,832.14,154.3,182.03,1,1,1,0
64,853,3123.14,155.19,844.81,987.02,1,1,1,0
64,845,1477.46,691.38,229.21,298.02,1,1,1,1
65,853,3085.52,136.5,838.74,984.64,1,1,1,0
65,860,771.56,809.88,177.16,180.8,1,1,1,0
65,845,1466.48,676.49,244.72,316.74,1,1,1,1
66,853,2954.4,78.03,842.71,988.43,1,1,1,0
66,845,1216.06,612.8,268.37,313.88,1,1,1,1
67,853,2903.71,54.77,845.42,991.0,1,1,1,0
67,845,1216.06,612.8,268.37,313.88,1,1,1,1
67,860,429.77,756.12,176.59,186.35,1,1,1,0
68,853,2765.0,0,844.02,978.61,1,1,1,0
68,874,148.98,695.13,154.66,154.04,1,1,1,0
68,845,954.32,527.71,271.62,326.89,1,1,1,1
69,853,2714.4,0,846.1,953.02,1,1,1,0
69,874,148.98,695.13,154.66,154.04,1,1,1,0
69,845,954.32,527.71,271.62,326.89,1,1,1,1
70,853,2647.34,0,842.53,913.77,1,1,1,0
70,876,745.17,471.78,285.63,362.81,1,1,1,0
71,853,2621.5,0,847.03,900.38,1,1,1,0
71,876,745.17,471.78,285.63,362.81,1,1,1,0
72,853,2605.93,0,827.41,878.62,1,1,1,0
72,845,566.41,431.78,300.58,352.21,1,1,1,1
73,853,2596.2,0,827.13,872.13,1,1,1,0
73,845,567.34,432.8,294.36,355.02,1,1,1,1
74,853,2577.7,0,845.87,875.03,1,1,1,0
74,845,487.92,417.31,301.97,369.42,1,1,1,1
75,853,2569.36,0,857.32,877.23,1,1,1,0
75,845,456.97,410.91,303.87,376.18,1,1,1,1
76,853,2616.02,0,894.42,916.69,1,1,1,0
76,845,401.92,404.01,313.33,393.89,1,1,1,1
77,853,2633.75,0,908.73,930.47,1,1,1,0
77,845,381.81,401.62,314.07,399.54,1,1,1,1
78,853,2777.98,0,892.44,949.72,1,1,1,0
78,845,369.77,402.27,311.32,395.2,1,1,1,1
79,853,2838.37,0,883.89,958.02,1,1,1,0
79,845,364.99,401.84,310.67,394.16,1,1,1,1
80,853,2959.43,0,896.93,989.41,1,1,1,0
80,845,380.52,407.83,308.28,389.26,1,1,1,1
81,853,3008.22,0,896.91,1002.24,1,1,1,0
81,845,385.24,409.85,308.7,388.12,1,1,1,1
81,843,2654.18,289.89,413.72,506.97,1,1,1,1
82,853,3133.9,26.86,870.96,984.07,1,1,1,0
82,845,421.16,416.83,309.15,387.52,1,1,1,1
82,843,2719.8,285.59,417.09,510.72,1,1,1,1
83,853,3181.58,33.0,859.2,979.79,1,1,1,0
83,845,435.38,420.19,308.41,385.55,1,1,1,1
83,843,2741.48,284.38,418.75,512.2,1,1,1,1
84,853,3321.74,84.2,783.03,909.13,1,1,1,0
84,845,438.42,404.94,311.09,383.66,1,1,1,1
84,843,2778.85,276.47,448.01,546.83,1,1,1,1
85,853,3381.4,104.95,737.1,867.83,1,1,1,0
85,845,438.01,399.04,313.71,382.42,1,1,1,1
85,843,2789.28,273.92,456.33,556.0,1,1,1,1
86,853,3575.08,136.21,707.87,844.74,1,1,1,0
86,845,477.88,423.34,321.17,390.97,1,1,1,1
86,843,2840.83,284.94,429.7,520.35,1,1,1,1
87,853,3645.52,148.61,688.51,831.18,1,1,1,0
87,845,491.14,432.07,325.07,394.9,1,1,1,1
87,843,2857.14,288.67,420.9,506.81,1,1,1,1
88,845,513.77,461.13,320.32,389.4,1,1,1,1
88,843,2877.7,298.34,415.61,496.62,1,1,1,1
89,845,524.95,474.74,316.22,384.55,1,1,1,1
89,843,2881.04,300.54,419.2,497.58,1,1,1,1
90,845,539.51,494.78,316.77,382.64,1,1,1,1
90,843,2894.5,296.86,429.98,507.31,1,1,1,1
91,845,545.0,502.64,317.16,380.47,1,1,1,1
91,843,2898.46,295.05,437.46,512.94,1,1,1,1
92,845,531.42,504.87,321.44,384.0,1,1,1,1
92,843,2901.94,296.44,434.42,506.12,1,1,1,1
93,845,525.76,503.45,325.26,387.28,1,1,1,1
93,843,2901.28,296.73,435.26,504.12,1,1,1,1
94,845,473.16,520.86,336.41,398.79,1,1,1,1
94,843,2870.89,297.62,442.98,510.22,1,1,1,1
95,845,452.7,527.83,340.01,401.33,1,1,1,1
95,843,2857.97,297.62,448.09,513.6,1,1,1,1
96,845,412.01,534.93,372.31,441.68,1,1,1,1
96,843,2824.36,300.59,442.88,505.49,1,1,1,1
97,845,399.06,537.53,379.42,452.09,1,1,1,1
97,843,2809.47,302.29,444.4,504.59,1,1,1,1
98,845,388.36,544.8,372.95,445.18,1,1,1,1
98,843,2790.31,302.59,443.2,502.57,1,1,1,1
99,845,384.47,546.53,370.44,442.9,1,1,1,1
99,843,2783.4,303.96,438.92,496.92,1,1,1,1
100,845,393.49,546.95,383.79,461.55,1,1,1,1
100,843,2791.84,303.64,447.45,506.46,1,1,1,1
101,845,398.39,547.36,386.43,466.91,1,1,1,1
101,843,2793.31,305.08,450.85,510.82,1,1,1,1
102,845,446.44,562.51,355.7,428.91,1,1,1,1
102,843,2814.64,306.19,445.59,504.73,1,1,1,1
103,845,465.89,568.13,343.41,413.38,1,1,1,1
103,843,2824.01,306.28,444.29,502.68,1,1,1,1
104,845,478.79,576.83,331.81,397.2,1,1,1,1
104,843,2824.59,301.98,443.1,498.23,1,1,1,1
105,845,483.18,578.74,328.31,391.06,1,1,1,1
105,843,2822.48,300.64,440.69,493.87,1,1,1,1
106,845,465.16,585.47,326.97,387.48,1,1,1,1
106,843,2780.42,301.93,445.2,498.88,1,1,1,1
107,845,456.85,588.12,328.03,387.06,1,1,1,1
107,843,2765.97,301.91,444.42,496.91,1,1,1,1
108,845,395.28,586.66,326.65,383.18,1,1,1,1
108,843,2697.3,311.57,423.82,472.52,1,1,1,1
109,845,371.79,586.88,326.49,380.82,1,1,1,1
109,843,2668.5,314.02,428.33,476.72,1,1,1,1
110,845,313.27,581.54,342.45,396.16,1,1,1,1
110,843,2612.15,309.06,432.84,486.11,1,1,1,1
111,845,292.92,579.48,350.51,401.83,1,1,1,1
111,843,2593.22,307.07,431.31,488.2,1,1,1,1
112,845,303.51,559.96,346.64,396.11,1,1,1,1
112,843,2592.84,300.81,409.09,460.26,1,1,1,1
113,845,306.29,552.35,346.66,394.7,1,1,1,1
113,843,2592.28,298.49,400.46,447.85,1,1,1,1
114,845,298.32,530.15,353.81,399.18,1,1,1,1
114,843,2576.67,288.0,406.64,454.4,1,1,1,1
115,845,303.21,520.89,357.23,402.25,1,1,1,1
115,843,2569.94,284.24,411.93,460.49,1,1,1,1
116,845,270.67,491.71,361.23,400.24,1,1,1,1
116,843,2557.03,280.2,407.13,455.21,1,1,1,1
117,845,256.32,481.38,364.23,398.06,1,1,1,1
117,843,2550.9,279.67,405.9,454.02,1,1,1,1
118,845,249.22,459.59,365.29,394.65,1,1,1,1
118,843,2526.86,275.65,424.4,474.81,1,1,1,1
119,845,239.06,450.07,371.55,395.76,1,1,1,1
119,843,2517.28,273.13,433.23,485.17,1,1,1,1
120,845,225.07,446.81,387.43,408.15,1,1,1,1
120,843,2502.82,282.18,434.07,486.71,1,1,1,1
121,845,219.73,445.04,396.68,413.57,1,1,1,1
121,843,2499.61,285.17,433.91,487.05,1,1,1,1
122,845,219.88,467.95,406.07,421.13,1,1,1,1
122,843,2485.42,314.98,413.22,464.04,1,1,1,1
123,845,222.09,476.93,409.57,423.17,1,1,1,1
123,843,2481.1,326.66,404.35,454.13,1,1,1,1
124,845,221.99,513.11,413.69,429.59,1,1,1,1
124,843,2463.22,361.71,399.14,449.14,1,1,1,1
125,845,225.37,527.14,412.06,429.4,1,1,1,1
125,843,2453.36,374.28,397.45,447.99,1,1,1,1
126,845,187.04,581.9,417.77,433.97,1,1,1,1
126,843,2412.45,427.85,386.43,431.4,1,1,1,1
127,845,170.07,602.56,422.08,437.2,1,1,1,1
127,843,2394.28,445.79,385.14,426.3,1,1,1,1
128,845,137.05,633.43,429.94,444.65,1,1,1,1
128,843,2359.39,462.98,401.96,447.04,1,1,1,1
129,845,128.04,644.09,432.57,446.61,1,1,1,1
129,843,2348.09,468.57,408.35,456.21,1,1,1,1
129,879,2287.3,1404.96,221.75,243.48,1,1,1,0
130,843,2385.51,453.74,381.76,424.02,1,1,1,1
131,843,2395.27,452.12,371.32,410.79,1,1,1,1
131,845,267.57,523.44,429.58,434.09,1,1,1,1
132,843,2440.44,398.61,389.44,435.95,1,1,1,1
132,845,267.57,523.44,429.58,434.09,1,1,1,1
133,843,2461.58,378.58,388.93,439.99,1,1,1,1
133,845,269.76,519.6,431.9,436.13,1,1,1,1
134,843,2473.86,319.94,396.76,449.55,1,1,1,1
134,845,286.44,457.42,445.3,448.77,1,1,1,1
135,843,2480.74,298.12,398.41,452.48,1,1,1,1
135,845,291.51,433.69,450.58,453.45,1,1,1,1
136,843,2492.11,241.48,378.28,429.73,1,1,1,1
136,845,297.8,377.86,457.26,460.38,1,1,1,1
137,843,2495.71,221.97,368.57,419.07,1,1,1,1
137,845,301.68,356.81,458.38,462.02,1,1,1,1
138,843,2485.71,164.51,365.65,412.72,1,1,1,1
138,845,318.95,318.61,452.56,455.42,1,1,1,1
139,843,2480.46,143.77,366.0,410.68,1,1,1,1
139,845,329.02,304.44,448.3,450.85,1,1,1,1
140,843,2433.8,104.65,366.22,412.86,1,1,1,1
140,845,295.89,264.5,457.63,458.72,1,1,1,1
141,843,2416.64,90.65,365.27,413.97,1,1,1,1
141,845,281.46,249.76,462.29,462.02,1,1,1,1
142,843,2354.05,64.46,356.09,404.68,1,1,1,1
142,845,228.99,247.13,480.14,479.97,1,1,1,1
143,843,2331.59,55.77,350.97,400.25,1,1,1,1
143,845,212.08,246.78,481.88,481.02,1,1,1,1
144,843,2253.03,20.64,354.52,408.89,1,1,1,1
144,845,146.64,237.76,489.05,482.1,1,1,1,1
145,843,2225.92,7.09,354.0,412.74,1,1,1,1
145,845,119.88,234.94,495.68,483.37,1,1,1,1
146,845,170.71,236.55,462.66,451.53,1,1,1,1
147,845,190.74,236.09,450.38,439.89,1,1,1,1
148,845,149.79,190.87,474.34,457.63,1,1,1,1
148,843,2170.49,0,301.67,314.33,1,1,1,1
149,845,132.81,174.44,486.5,463.87,1,1,1,1
149,843,2166.09,0,293.95,302.72,1,1,1,1
150,845,124.57,133.63,492.21,464.51,1,1,1,1
150,843,2144.2,0,288.94,273.6,1,1,1,1
151,845,118.39,117.91,499.01,466.52,1,1,1,1
151,843,2138.34,0,286.73,260.89,1,1,1,1
152,845,114.18,81.78,507.98,470.08,1,1,1,1
152,843,2116.51,0,289.44,260.72,1,1,1,1
153,845,110.72,69.2,513.56,470.64,1,1,1,1
153,843,2110.12,0,288.84,263.54,1,1,1,1
154,845,120.94,45.34,523.35,475.13,1,1,1,1
154,843,2075.35,0,317.88,269.07,1,1,1,1
155,845,123.05,36.85,532.58,480.2,1,1,1,1
155,843,2062.97,0,326.64,271.87,1,1,1,1
156,845,148.77,35.39,535.31,480.37,1,1,1,1
156,843,2055.88,0,333.17,319.74,1,1,1,1
157,845,156.94,35.06,538.82,481.6,1,1,1,1
157,843,2055.79,0,331.56,338.93,1,1,1,1
158,845,178.54,59.49,543.47,484.76,1,1,1,1
158,843,2039.87,0,337.32,361.38,1,1,1,1
159,845,185.96,69.36,546.59,486.76,1,1,1,1
159,843,2035.46,0,335.45,368.05,1,1,1,1
160,845,225.84,100.52,536.17,477.03,1,1,1,1
160,843,2031.68,0,329.04,363.04,1,1,1,1
161,845,240.22,112.42,533.87,474.4,1,1,1,1
161,843,2027.05,0,332.56,369.45,1,1,1,1
162,845,312.14,146.42,517.62,460.72,1,1,1,1
162,843,2014.01,0,357.21,422.31,1,1,1,1
163,845,340.28,156.07,513.61,459.64,1,1,1,1
163,843,2011.06,0,362.8,440.14,1,1,1,1
164,845,389.08,182.99,506.35,451.86,1,1,1,1
164,843,2030.34,23.56,357.71,440.58,1,1,1,1
165,845,405.51,193.79,504.4,448.98,1,1,1,1
165,843,2039.33,34.35,353.78,437.75,1,1,1,1
166,845,462.5,209.14,496.85,440.44,1,1,1,1
166,843,2066.26,62.61,346.83,432.73,1,1,1,1
167,845,482.42,214.0,495.14,437.54,1,1,1,1
167,843,2079.67,74.52,341.54,429.16,1,1,1,1
168,845,548.36,232.14,490.74,433.24,1,1,1,1
168,843,2106.45,106.18,343.97,434.83,1,1,1,1
169,845,572.59,239.32,488.67,431.04,1,1,1,1
169,843,2117.84,118.16,342.34,435.2,1,1,1,1
170,845,627.04,259.46,486.56,429.43,1,1,1,1
170,843,2152.67,160.87,333.7,425.82,1,1,1,1
171,845,645.26,266.84,486.18,429.14,1,1,1,1
171,843,2164.6,177.46,332.13,425.6,1,1,1,1
172,845,690.23,297.89,483.56,427.33,1,1,1,1
172,843,2196.23,219.13,310.26,395.71,1,1,1,1
173,845,705.64,309.74,483.14,427.74,1,1,1,1
173,843,2206.85,234.38,304.17,386.69,1,1,1,1
174,845,747.52,348.53,478.92,424.78,1,1,1,1
174,843,2226.92,280.76,298.21,377.04,1,1,1,1
175,845,762.29,362.61,476.08,422.95,1,1,1,1
175,843,2233.11,297.46,296.9,374.03,1,1,1,1
176,845,794.59,400.96,470.9,418.34,1,1,1,1
176,843,2241.15,348.69,293.11,367.71,1,1,1,1
177,845,806.83,415.7,469.16,417.7,1,1,1,1
177,843,2243.38,366.76,292.48,365.53,1,1,1,1
178,845,833.34,459.61,462.23,410.94,1,1,1,1
178,843,2229.95,414.96,316.09,398.86,1,1,1,1
179,845,841.65,474.93,461.03,409.3,1,1,1,1
179,843,2227.3,431.62,322.48,410.29,1,1,1,1
180,845,862.37,509.58,457.16,404.78,1,1,1,1
180,843,2221.39,477.16,331.01,427.13,1,1,1,1
181,845,868.63,521.31,456.31,403.19,1,1,1,1
181,843,2220.46,494.5,331.27,432.96,1,1,1,1
182,845,884.59,548.96,455.52,402.71,1,1,1,1
182,843,2227.5,531.29,324.0,427.08,1,1,1,1
183,845,890.37,558.49,454.37,401.83,1,1,1,1
183,843,2230.35,544.2,320.55,426.01,1,1,1,1
184,845,907.59,575.27,450.29,398.38,1,1,1,1
184,843,2233.31,573.26,305.7,406.72,1,1,1,1
185,845,912.54,580.35,449.83,397.99,1,1,1,1
185,843,2233.92,582.45,300.65,400.59,1,1,1,1
186,845,929.76,589.54,446.81,394.72,1,1,1,1
186,843,2228.51,604.44,308.24,413.0,1,1,1,1
187,845,935.19,591.87,445.97,393.58,1,1,1,1
187,843,2228.04,612.18,309.47,416.98,1,1,1,1
188,845,948.7,590.91,447.08,394.85,1,1,1,1
188,843,2230.32,622.28,305.65,411.93,1,1,1,1
189,845,952.73,589.21,448.42,396.19,1,1,1,1
189,843,2231.66,624.75,303.1,408.35,1,1,1,1
190,845,965.98,582.7,449.46,397.76,1,1,1,1
190,843,2242.64,630.87,286.65,382.21,1,1,1,1
191,845,970.6,579.83,449.52,398.4,1,1,1,1
191,843,2244.63,632.47,281.31,372.24,1,1,1,1
192,845,989.03,574.2,444.62,394.5,1,1,1,1
192,843,2244.8,633.69,286.07,377.72,1,1,1,1
193,845,995.78,571.74,442.49,393.06,1,1,1,1
193,843,2243.42,633.72,289.01,381.4,1,1,1,1
194,845,1012.57,560.98,442.97,394.17,1,1,1,1
194,843,2247.9,632.81,284.0,374.08,1,1,1,1
195,845,1018.44,556.36,443.5,395.42,1,1,1,1
195,843,2249.89,632.28,281.38,369.78,1,1,1,1
196,845,1036.1,549.31,440.51,393.54,1,1,1,1
196,843,2247.86,629.66,291.49,384.41,1,1,1,1
197,845,1042.48,546.53,438.95,392.86,1,1,1,1
197,843,2247.77,628.91,295.39,390.59,1,1,1,1
198,845,1060.75,538.24,440.82,395.83,1,1,1,1
198,843,2249.82,625.14,290.22,383.5,1,1,1,1
199,845,1066.73,535.49,439.25,395.38,1,1,1,1
199,843,2250.75,623.36,287.82,379.96,1,1,1,1
200,845,1085.42,530.86,435.09,392.04,1,1,1,1
200,843,2247.34,616.08,291.11,383.47,1,1,1,1
201,845,1092.09,529.12,433.3,390.79,1,1,1,1
201,843,2246.74,613.62,293.33,385.6,1,1,1,1
202,845,1104.27,526.89,429.93,387.96,1,1,1,1
202,843,2252.16,606.39,282.01,369.13,1,1,1,1
203,845,1108.05,526.49,429.35,387.73,1,1,1,1
203,843,2253.2,604.28,278.05,362.82,1,1,1,1
204,845,1118.14,525.37,426.92,385.48,1,1,1,1
204,843,2237.53,601.63,285.22,374.12,1,1,1,1
205,845,1121.45,525.18,425.71,384.47,1,1,1,1
205,843,2232.48,601.03,286.52,377.5,1,1,1,1
206,845,1132.09,528.74,423.69,382.54,1,1,1,1
206,843,2230.41,601.16,276.25,362.14,1,1,1,1
207,845,1137.25,530.11,423.03,381.85,1,1,1,1
207,843,2228.45,600.77,272.35,355.45,1,1,1,1
208,845,1150.14,540.03,420.95,379.84,1,1,1,1
208,843,2229.25,613.53,264.82,343.38,1,1,1,1
209,845,1154.84,544.35,419.73,378.53,1,1,1,1
209,843,2229.13,618.64,263.87,339.84,1,1,1,1
210,845,1178.98,558.33,413.81,374.09,1,1,1,1
210,843,2199.34,615.17,300.52,386.46,1,1,1,1
211,845,1187.59,562.92,411.37,372.67,1,1,1,1
211,843,2189.0,614.15,312.24,400.47,1,1,1,1
212,845,1202.27,572.73,411.2,372.0,1,1,1,1
212,843,2180.99,621.99,300.88,378.32,1,1,1,1
213,845,1207.09,575.88,411.32,371.81,1,1,1,1
213,843,2174.34,625.05,300.44,371.59,1,1,1,1
214,845,1265.99,598.71,391.14,357.6,1,1,1,1
214,843,2170.43,635.71,309.91,378.69,1,1,1,1
215,845,1282.91,607.36,383.53,352.9,1,1,1,1
215,843,2165.08,639.2,319.07,386.05,1,1,1,1
216,845,1305.9,621.22,378.44,348.86,1,1,1,1
216,843,2172.24,649.09,311.52,371.47,1,1,1,1
217,845,1322.2,627.3,372.75,345.87,1,1,1,1
217,843,2174.19,652.76,310.68,365.7,1,1,1,1
218,845,1340.8,632.5,371.77,344.88,1,1,1,1
218,843,2174.49,660.81,318.64,371.61,1,1,1,1
219,845,1344.84,634.16,372.78,345.44,1,1,1,1
219,843,2173.7,664.07,322.72,373.01,1,1,1,1
220,845,1373.49,641.75,369.08,341.74,1,1,1,1
220,843,2181.22,673.49,313.53,358.42,1,1,1,1
221,845,1380.74,644.33,368.66,340.46,1,1,1,1
221,843,2182.06,676.47,315.06,356.87,1,1,1,1
222,845,1415.57,648.26,367.34,340.88,1,1,1,1
222,843,2185.8,679.41,316.02,355.55,1,1,1,1
223,845,1419.52,650.71,367.78,340.33,1,1,1,1
223,843,2185.71,679.94,319.38,357.51,1,1,1,1
224,845,1440.99,659.42,365.11,336.2,1,1,1,1
224,843,2189.56,685.17,325.66,363.08,1,1,1,1
225,845,1448.7,662.06,365.13,334.73,1,1,1,1
225,843,2191.54,687.0,326.93,362.82,1,1,1,1
226,845,1466.48,660.42,374.26,342.29,1,1,1,1
226,843,2192.53,690.32,330.04,365.12,1,1,1,1
227,845,1472.36,658.87,378.2,345.15,1,1,1,1
227,843,2193.1,691.03,333.12,367.59,1,1,1,1
228,845,1487.8,654.93,388.59,355.01,1,1,1,1
228,843,2196.36,695.53,336.03,369.31,1,1,1,1
229,845,1493.27,653.34,392.29,358.73,1,1,1,1
229,843,2198.26,697.51,336.5,368.36,1,1,1,1
230,845,1512.57,658.53,391.28,357.77,1,1,1,1
230,843,2205.68,703.69,331.89,360.82,1,1,1,1
231,845,1518.99,659.61,391.61,358.16,1,1,1,1
231,843,2208.16,705.88,330.67,357.15,1,1,1,1
232,845,1536.45,662.7,390.74,358.28,1,1,1,1
232,843,2202.26,709.77,347.68,374.25,1,1,1,1
233,845,1541.53,662.98,390.83,359.1,1,1,1,1
233,843,2200.79,710.74,353.27,378.97,1,1,1,1
234,845,1554.88,664.18,392.35,360.97,1,1,1,1
234,843,2193.99,711.36,372.44,400.47,1,1,1,1
235,845,1559.34,663.75,393.13,362.45,1,1,1,1
235,843,2194.24,711.91,374.72,403.13,1,1,1,1
236,845,1570.81,660.73,396.65,366.94,1,1,1,1
236,843,2195.56,714.74,367.5,395.38,1,1,1,1
237,845,1574.63,658.73,398.18,369.4,1,1,1,1
237,843,2196.05,716.5,364.54,392.22,1,1,1,1
238,845,1589.51,656.34,397.85,369.5,1,1,1,1
238,843,2195.74,717.86,365.12,393.33,1,1,1,1
239,845,1596.14,655.38,396.47,368.7,1,1,1,1
239,843,2195.36,718.28,364.18,392.9,1,1,1,1
240,845,1607.1,651.42,398.79,371.52,1,1,1,1
240,843,2199.72,718.35,359.47,387.9,1,1,1,1
241,845,1611.78,650.7,397.79,370.97,1,1,1,1
241,843,2202.97,718.27,354.43,381.95,1,1,1,1
242,845,1626.3,644.46,399.6,373.89,1,1,1,1
242,843,2201.07,718.17,356.27,383.68,1,1,1,1
243,845,1632.15,642.91,398.82,374.16,1,1,1,1
243,843,2201.58,718.07,356.04,382.73,1,1,1,1
244,845,1639.77,635.99,402.72,378.98,1,1,1,1
244,843,2201.72,717.96,356.81,383.16,1,1,1,1
245,845,1642.65,633.41,403.49,380.76,1,1,1,1
245,843,2200.87,716.68,358.03,384.11,1,1,1,1
246,845,1649.73,630.11,405.25,382.96,1,1,1,1
246,843,2201.56,714.56,355.62,380.48,1,1,1,1
247,845,1653.99,630.1,403.66,382.16,1,1,1,1
247,843,2202.83,713.71,352.64,375.9,1,1,1,1
248,845,1664.19,628.18,402.61,381.79,1,1,1,1
248,843,2201.99,712.57,346.9,368.58,1,1,1,1
249,845,1667.81,627.51,402.03,381.6,1,1,1,1
249,843,2200.33,711.72,345.79,366.67,1,1,1,1
250,845,1678.78,626.12,399.43,379.1,1,1,1,1
250,843,2196.4,710.59,344.8,365.22,1,1,1,1
251,845,1682.97,625.66,397.69,377.32,1,1,1,1
251,843,2194.5,710.57,345.33,365.53,1,1,1,1
252,845,1691.3,622.75,400.43,379.81,1,1,1,1
252,843,2192.94,709.36,338.48,356.9,1,1,1,1
253,845,1694.61,622.1,400.55,379.94,1,1,1,1
253,843,2193.66,708.91,333.34,349.67,1,1,1,1
254,845,1702.97,623.91,395.3,373.6,1,1,1,1
254,843,2186.63,708.74,334.84,350.32,1,1,1,1
255,845,1705.56,624.65,393.78,371.17,1,1,1,1
255,843,2184.15,708.69,335.29,349.84,1,1,1,1
256,845,1713.01,624.97,395.73,372.67,1,1,1,1
256,843,2172.95,707.87,348.14,364.19,1,1,1,1
257,845,1715.09,624.72,397.39,374.05,1,1,1,1
257,843,2169.29,707.58,351.23,367.96,1,1,1,1
258,845,1720.83,627.44,400.3,376.96,1,1,1,1
258,843,2163.77,707.47,351.33,367.84,1,1,1,1
259,845,1722.82,628.49,401.3,378.06,1,1,1,1
259,843,2160.93,707.44,352.24,368.57,1,1,1,1
260,845,1729.97,633.67,401.09,377.67,1,1,1,1
260,843,2154.79,707.84,346.22,362.49,1,1,1,1
261,845,1733.67,636.03,400.15,376.71,1,1,1,1
261,843,2152.01,707.59,346.67,363.37,1,1,1,1
262,845,1739.56,639.3,401.46,377.14,1,1,1,1
262,843,2139.53,705.92,354.81,373.27,1,1,1,1
263,845,1741.34,640.5,402.41,377.29,1,1,1,1
263,843,2134.99,705.69,357.79,377.76,1,1,1,1
264,845,1751.1,644.11,403.25,378.94,1,1,1,1
264,843,2132.57,703.24,352.68,372.35,1,1,1,1
265,845,1754.82,645.03,403.07,379.55,1,1,1,1
265,843,2131.38,702.72,350.8,370.21,1,1,1,1
266,845,1750.41,650.5,436.43,415.55,1,1,1,1
266,843,2122.31,701.74,359.64,381.35,1,1,1,1
267,845,1755.05,653.28,436.14,418.06,1,1,1,1
267,843,2121.22,701.0,359.32,382.34,1,1,1,1
268,845,1778.78,654.7,416.67,399.27,1,1,1,1
268,843,2124.63,698.76,355.82,379.49,1,1,1,1
269,845,1787.44,655.16,409.58,392.48,1,1,1,1
269,843,2128.36,698.33,350.71,374.37,1,1,1,1
270,845,1809.61,653.27,395.75,377.92,1,1,1,1
270,843,2132.51,696.2,341.94,364.41,1,1,1,1
271,845,1818.47,652.89,390.46,371.6,1,1,1,1
271,843,2133.76,695.43,341.1,363.07,1,1,1,1
272,845,1834.89,647.07,390.67,370.11,1,1,1,1
272,843,2130.68,691.57,338.41,360.2,1,1,1,1
273,845,1839.02,644.48,392.46,370.41,1,1,1,1
273,843,2131.03,690.56,336.15,357.56,1,1,1,1
274,845,1851.82,635.09,398.79,375.38,1,1,1,1
274,843,2126.76,685.82,341.06,363.83,1,1,1,1
275,845,1856.02,631.6,401.76,377.28,1,1,1,1
275,843,2126.89,684.5,339.6,363.02,1,1,1,1
276,845,1845.92,617.98,449.44,427.38,1,1,1,1
276,843,2121.98,678.08,345.93,372.3,1,1,1,1
277,845,1846.18,613.0,460.57,442.62,1,1,1,1
277,843,2119.85,675.33,347.41,376.57,1,1,1,1
278,845,1868.73,600.68,440.89,424.72,1,1,1,1
278,843,2130.72,668.04,329.5,357.62,1,1,1,1
279,845,1875.5,595.71,436.48,422.08,1,1,1,1
279,843,2134.36,665.34,322.29,350.22,1,1,1,1
280,845,1902.4,581.52,409.28,393.89,1,1,1,1
280,843,2148.85,661.63,306.35,333.84,1,1,1,1
281,845,1911.91,576.68,399.47,382.8,1,1,1,1
281,843,2153.01,660.38,301.37,329.47,1,1,1,1
281,880,3750.9,482.32,198.01,281.63,1,1,1,0
282,845,1914.93,557.7,423.66,407.92,1,1,1,1
282,843,2172.53,655.56,278.14,306.92,1,1,1,1
282,880,3717.56,466.86,201.56,286.14,1,1,1,0
283,845,1916.2,551.32,431.84,417.71,1,1,1,1
283,843,2180.02,653.93,269.09,299.56,1,1,1,1
283,880,3706.3,461.67,202.87,287.18,1,1,1,0
284,845,1939.89,537.72,431.81,416.75,1,1,1,1
284,843,2184.93,646.87,261.29,294.71,1,1,1,1
284,880,3669.52,444.74,206.79,291.43,1,1,1,0
285,845,1948.28,532.74,430.99,415.45,1,1,1,1
285,843,2188.28,644.44,256.85,293.21,1,1,1,1
285,880,3657.23,438.6,209.67,294.04,1,1,1,0
286,845,1958.84,520.42,427.83,413.27,1,1,1,1
286,843,2190.9,640.43,245.83,283.93,1,1,1,1
286,880,3621.32,421.32,215.13,298.63,1,1,1,0
287,845,1963.87,516.42,425.38,411.57,1,1,1,1
287,843,2191.49,639.11,240.75,280.78,1,1,1,1
287,880,3608.46,415.51,218.57,300.17,1,1,1,0
288,845,1985.03,506.44,416.99,402.91,1,1,1,1
288,843,2193.8,636.31,229.81,270.88,1,1,1,1
288,880,3567.13,405.07,219.78,298.76,1,1,1,0
289,845,1993.31,502.99,414.05,399.57,1,1,1,1
289,843,2195.18,634.61,223.04,264.23,1,1,1,1
289,880,3552.07,402.25,221.41,297.91,1,1,1,0
290,845,2006.36,498.17,406.68,392.51,1,1,1,1
290,880,3509.34,389.68,223.75,298.12,1,1,1,0
291,845,2010.04,496.06,405.51,391.68,1,1,1,1
291,880,3491.99,385.56,226.01,298.33,1,1,1,0
292,845,2019.77,495.92,408.47,394.61,1,1,1,1
292,880,3449.47,374.75,226.97,296.75,1,1,1,0
293,845,2023.3,495.68,410.75,397.33,1,1,1,1
293,880,3433.93,371.26,228.4,295.9,1,1,1,0
294,845,2038.16,498.79,402.97,389.42,1,1,1,1
294,880,3388.58,359.47,229.81,295.14,1,1,1,0
295,845,2043.29,500.2,400.22,386.42,1,1,1,1
295,880,3372.13,355.18,231.14,295.03,1,1,1,0
296,845,2054.76,502.27,405.08,391.96,1,1,1,1
296,880,3327.69,344.71,230.25,291.77,1,1,1,0
297,845,2059.88,503.15,406.21,394.05,1,1,1,1
297,880,3311.58,341.11,230.8,290.53,1,1,1,0
298,845,2069.54,502.79,409.61,398.04,1,1,1,1
298,880,3264.74,329.07,231.4,290.06,1,1,1,0
299,845,2072.25,502.34,411.33,400.34,1,1,1,1
299,880,3248.09,325.06,231.89,289.49,1,1,1,0
299,881,3680.7,150.52,251.63,360.07,1,1,1,0
299,843,1980.34,528.91,253.25,320.14,1,1,1,1
300,845,2077.91,496.3,418.71,408.35,1,1,1,1
300,880,3201.82,312.28,231.14,288.48,1,1,1,0
300,881,3629.97,137.41,256.58,366.82,1,1,1,0
300,843,1955.77,519.78,281.9,356.85,1,1,1,1
301,845,2079.8,493.89,423.04,413.91,1,1,1,1
301,880,3185.49,307.79,230.9,288.11,1,1,1,0
301,881,3612.6,133.0,258.83,369.56,1,1,1,0
301,843,1947.83,515.79,292.58,371.1,1,1,1,1
302,845,2087.05,481.82,429.14,421.31,1,1,1,1
302,880,3140.23,294.64,231.4,288.79,1,1,1,0
302,881,3560.26,119.64,262.68,373.6,1,1,1,0
302,843,1933.55,509.06,304.43,386.99,1,1,1,1
303,845,2089.64,476.91,429.71,423.29,1,1,1,1
303,880,3124.29,290.0,231.58,289.05,1,1,1,0
303,881,3543.52,115.05,264.71,374.79,1,1,1,0
303,843,1930.57,506.87,308.18,392.69,1,1,1,1
304,845,2102.97,460.16,421.98,417.64,1,1,1,1
304,880,3079.86,277.71,231.02,288.26,1,1,1,0
304,881,3484.73,104.01,269.44,380.01,1,1,1,0
304,843,1922.65,496.03,308.95,394.77,1,1,1,1
305,845,2108.31,453.9,417.89,415.38,1,1,1,1
305,880,3064.42,273.6,230.43,287.37,1,1,1,0
305,881,3464.48,100.17,271.93,381.96,1,1,1,0
305,843,1919.68,491.38,311.32,398.95,1,1,1,1
306,845,2122.56,428.85,411.99,410.3,1,1,1,1
306,880,3019.75,260.0,230.39,287.84,1,1,1,0
306,881,3411.08,90.63,272.84,382.01,1,1,1,0
306,843,1924.42,483.03,288.03,367.0,1,1,1,1
307,845,2127.87,419.6,409.31,408.33,1,1,1,1
307,880,3004.15,255.2,230.15,288.03,1,1,1,0
307,881,3392.43,87.52,273.57,381.79,1,1,1,0
307,843,1926.18,480.21,279.85,354.62,1,1,1,1
308,845,2134.58,393.05,410.26,410.18,1,1,1,1
308,880,2960.33,243.26,228.52,286.81,1,1,1,0
308,881,3339.27,75.76,275.34,383.22,1,1,1,0
308,843,1909.48,471.39,295.45,374.22,1,1,1,1
309,845,2135.66,382.97,411.38,412.06,1,1,1,1
309,880,2945.12,239.08,227.57,286.36,1,1,1,0
309,881,3320.36,71.56,276.7,384.17,1,1,1,0
309,843,1904.36,468.93,301.1,380.94,1,1,1,1
310,845,2132.68,351.3,432.33,437.39,1,1,1,1
310,880,2898.84,228.06,227.63,286.6,1,1,1,0
310,881,3266.2,60.16,277.87,384.94,1,1,1,0
310,843,1894.52,462.49,289.27,366.44,1,1,1,1
311,845,2133.05,340.06,436.96,446.03,1,1,1,1
311,880,2880.96,224.42,227.59,286.7,1,1,1,0
311,881,3247.03,55.96,278.48,384.96,1,1,1,0
311,843,1891.13,460.11,284.39,360.72,1,1,1,1
312,845,2135.42,312.1,436.09,449.1,1,1,1,1
312,880,2837.75,213.01,226.34,286.35,1,1,1,0
312,881,3193.49,46.39,278.17,383.59,1,1,1,0
312,843,1883.07,454.2,285.36,361.77,1,1,1,1
313,845,2137.17,301.74,433.58,450.14,1,1,1,1
313,880,2823.12,209.42,224.81,285.43,1,1,1,0
313,881,3174.35,43.27,278.65,383.42,1,1,1,0
313,843,1880.36,451.59,287.22,363.91,1,1,1,1
314,845,2140.23,273.15,434.49,454.63,1,1,1,1
314,880,2776.22,200.3,223.22,284.19,1,1,1,0
314,881,3119.34,31.51,281.32,386.8,1,1,1,0
314,843,1867.38,439.83,307.52,389.22,1,1,1,1
315,845,2140.16,262.51,436.94,461.15,1,1,1,1
315,880,2759.87,197.18,222.31,283.74,1,1,1,0
315,881,3099.96,27.64,282.11,387.53,1,1,1,0
315,843,1863.74,434.77,315.97,399.36,1,1,1,1
316,845,2144.78,238.43,431.37,458.11,1,1,1,1
316,880,2710.21,189.52,221.95,283.98,1,1,1,0
316,881,3047.51,17.81,283.13,389.45,1,1,1,0
316,843,1851.34,423.83,326.09,412.36,1,1,1,1
317,845,2146.46,229.75,427.45,456.78,1,1,1,1
317,880,2693.01,187.12,221.13,283.49,1,1,1,0
317,881,3029.12,14.16,283.16,389.93,1,1,1,0
317,843,1848.04,420.37,328.86,415.87,1,1,1,1
318,845,2145.82,207.9,427.38,460.22,1,1,1,1
318,880,2640.39,180.21,219.82,282.82,1,1,1,0
318,881,2974.0,5.42,283.65,391.15,1,1,1,0
318,843,1841.58,409.09,328.16,414.66,1,1,1,1
319,845,2145.82,200.33,426.62,462.81,1,1,1,1
319,880,2623.4,177.38,219.25,283.08,1,1,1,0
319,881,2952.85,2.37,283.83,391.96,1,1,1,0
319,843,1838.1,404.57,328.66,415.15,1,1,1,1
320,845,2155.63,190.41,407.24,442.45,1,1,1,1
320,880,2576.87,171.49,218.83,283.49,1,1,1,0
320,881,2899.0,0,282.94,390.14,1,1,1,0
320,843,1818.07,392.44,330.32,419.11,1,1,1,1
321,845,2158.52,186.98,400.39,435.64,1,1,1,1
321,880,2560.72,169.51,218.3,283.66,1,1,1,0
321,881,2880.05,0,282.41,389.16,1,1,1,0
321,843,1810.86,387.83,330.45,421.05,1,1,1,1
322,845,2158.41,181.47,396.01,431.03,1,1,1,1
322,880,2515.4,165.72,216.18,283.43,1,1,1,0
322,881,2825.6,0,280.92,387.2,1,1,1,0
322,843,1793.09,374.3,332.6,425.38,1,1,1,1
323,845,2158.31,180.32,393.53,429.33,1,1,1,1
323,880,2499.79,164.21,214.82,284.05,1,1,1,0
323,881,2805.09,0,279.73,386.25,1,1,1,0
323,843,1787.38,369.56,331.72,425.51,1,1,1,1
324,845,2158.1,181.13,388.8,424.33,1,1,1,1
324,880,2447.7,161.76,212.8,283.99,1,1,1,0
324,881,2747.7,0,279.4,385.67,1,1,1,0
324,843,1770.74,357.76,333.99,428.56,1,1,1,1
325,845,2158.97,181.49,387.42,422.9,1,1,1,1
325,880,2429.72,161.14,211.07,284.07,1,1,1,0
325,881,2727.76,0,278.59,385.01,1,1,1,0
325,843,1764.81,354.11,334.56,429.39,1,1,1,1
326,845,2151.46,186.58,386.45,421.82,1,1,1,1
326,880,2391.28,159.99,191.01,255.13,1,1,1,0
326,881,2671.88,0,279.06,388.09,1,1,1,0
326,843,1744.7,348.26,336.3,430.36,1,1,1,1
327,845,2148.79,188.9,385.76,420.97,1,1,1,1
327,880,2379.12,160.0,183.53,243.58,1,1,1,0
327,881,2650.58,0,279.22,389.77,1,1,1,0
327,843,1736.8,344.92,338.05,431.6,1,1,1,1
328,845,2138.72,200.43,381.24,417.51,1,1,1,1
328,880,2320.89,166.32,206.8,271.92,1,1,1,0
328,881,2593.65,3.93,278.1,390.35,1,1,1,0
328,843,1714.2,338.17,340.57,432.55,1,1,1,1
329,845,2136.02,205.28,378.22,415.56,1,1,1,1
329,880,2300.51,170.38,217.94,284.66,1,1,1,0
329,881,2573.86,6.59,277.03,389.09,1,1,1,0
329,843,1706.19,335.45,342.62,432.8,1,1,1,1
330,845,2127.14,214.85,376.15,414.9,1,1,1,1
330,881,2515.93,11.55,275.25,386.51,1,1,1,0
330,843,1684.71,333.48,333.45,417.73,1,1,1,1
331,845,2124.65,219.52,373.88,413.71,1,1,1,1
331,881,2496.87,12.77,275.16,386.43,1,1,1,0
331,843,1676.83,333.24,330.25,410.42,1,1,1,1
332,845,2109.5,226.12,380.09,422.13,1,1,1,1
332,881,2434.92,10.35,284.67,401.86,1,1,1,0
332,843,1651.52,329.94,320.03,391.82,1,1,1,1
333,845,2104.59,228.89,381.13,424.61,1,1,1,1
333,881,2411.84,9.27,287.63,408.19,1,1,1,0
333,843,1642.67,329.38,317.73,383.65,1,1,1,1
334,845,2093.69,232.81,374.49,418.72,1,1,1,1
334,881,2362.18,16.16,273.39,386.56,1,1,1,0
334,843,1618.7,328.54,328.51,395.4,1,1,1,1
334,880,2083.82,175.17,204.49,265.32,1,1,1,0
335,845,2089.28,234.68,371.28,416.48,1,1,1,1
335,881,2346.54,19.0,268.14,377.88,1,1,1,0
335,843,1609.05,328.53,334.96,402.7,1,1,1,1
335,880,2068.67,176.18,203.58,262.56,1,1,1,0
336,845,2077.67,234.45,361.59,406.58,1,1,1,1
336,881,2274.9,24.76,284.58,403.27,1,1,1,0
336,843,1582.84,330.07,343.86,414.85,1,1,1,1
336,880,2012.15,181.36,205.15,265.32,1,1,1,0
337,845,2073.75,234.32,357.53,402.89,1,1,1,1
337,881,2250.43,26.94,290.7,414.08,1,1,1,0
337,843,1576.41,331.94,342.66,413.94,1,1,1,1
337,880,1993.38,183.03,205.73,266.77,1,1,1,0
338,845,2060.5,230.32,362.43,409.53,1,1,1,1
338,881,2205.62,36.85,261.92,368.41,1,1,1,0
338,843,1556.8,338.76,333.22,401.22,1,1,1,1
338,880,1940.52,189.23,201.33,260.97,1,1,1,0
339,845,2056.84,228.83,363.74,412.05,1,1,1,1
339,881,2191.18,40.43,249.95,347.61,1,1,1,0
339,843,1553.42,343.69,324.33,388.48,1,1,1,1
339,880,1922.52,191.63,199.02,257.71,1,1,1,0
340,845,2047.67,227.66,358.06,406.07,1,1,1,1
340,881,2139.46,51.52,222.95,302.46,1,1,1,0
340,843,1540.52,353.06,306.68,363.34,1,1,1,1
340,880,1869.74,200.83,201.35,259.7,1,1,1,0
341,845,2045.49,227.51,355.5,403.54,1,1,1,1
341,881,2121.8,55.49,216.6,287.31,1,1,1,0
341,843,1531.05,356.99,311.02,366.48,1,1,1,1
341,880,1850.82,203.77,203.46,261.69,1,1,1,0
342,845,2037.97,216.85,362.06,413.65,1,1,1,1
342,881,2059.5,68.44,208.09,268.58,1,1,1,0
342,843,1509.3,372.48,320.91,377.75,1,1,1,1
342,880,1799.09,211.96,197.3,252.9,1,1,1,0
343,845,2036.12,212.91,363.01,417.44,1,1,1,1
343,881,2040.57,73.1,204.02,256.31,1,1,1,0
343,843,1500.39,378.16,327.13,385.19,1,1,1,1
343,880,1781.16,215.05,195.12,249.31,1,1,1,0
343,883,3652.06,184.6,193.21,228.78,1,1,1,0
344,845,2041.46,209.08,358.11,414.13,1,1,1,1
344,881,1955.81,91.41,244.11,307.53,1,1,1,0
344,843,1474.66,387.55,343.51,405.74,1,1,1,1
344,880,1725.65,224.14,196.35,250.89,1,1,1,0
344,883,3598.84,189.57,195.64,231.52,1,1,1,0
345,845,2044.28,207.69,355.18,412.85,1,1,1,1
345,881,1926.57,96.87,254.46,321.33,1,1,1,0
345,843,1468.47,390.82,343.34,405.87,1,1,1,1
345,880,1706.92,227.68,195.74,250.23,1,1,1,0
345,883,3580.81,191.7,196.79,232.67,1,1,1,0
346,845,2040.95,209.52,352.06,409.69,1,1,1,1
346,881,1858.4,104.07,262.09,331.75,1,1,1,0
346,843,1456.33,408.12,346.6,411.37,1,1,1,1
346,880,1651.32,232.05,199.44,254.86,1,1,1,0
346,883,3534.13,205.5,188.58,222.16,1,1,1,0
347,845,2040.05,211.58,348.91,406.4,1,1,1,1
347,881,1833.7,106.99,262.99,333.25,1,1,1,0
347,843,1450.27,413.77,351.61,419.71,1,1,1,1
347,880,1631.72,233.56,200.88,256.62,1,1,1,0
347,883,3521.05,209.68,184.22,215.93,1,1,1,0
348,845,2042.13,221.81,346.44,404.6,1,1,1,1
348,881,1764.53,117.1,289.99,368.09,1,1,1,0
348,843,1450.26,429.88,330.87,392.99,1,1,1,1
348,880,1579.34,238.36,200.39,255.34,1,1,1,0
348,883,3465.94,220.33,189.93,221.4,1,1,1,0
349,845,2043.18,227.27,343.66,402.35,1,1,1,1
349,881,1737.84,120.08,302.26,384.81,1,1,1,0
349,843,1449.91,436.69,323.33,382.3,1,1,1,1
349,880,1560.82,240.02,200.49,254.87,1,1,1,0
349,883,3447.63,223.96,193.03,223.75,1,1,1,0
350,845,2046.72,240.71,341.42,401.75,1,1,1,1
350,881,1670.85,129.25,298.88,383.32,1,1,1,0
350,843,1428.03,451.08,351.94,418.86,1,1,1,1
350,880,1510.95,245.1,196.55,248.73,1,1,1,0
350,883,3396.47,233.22,197.17,226.72,1,1,1,0
351,845,2048.67,245.51,339.56,401.36,1,1,1,1
351,881,1646.8,133.1,294.32,379.61,1,1,1,0
351,843,1419.51,455.45,363.51,435.74,1,1,1,1
351,880,1493.77,247.26,194.98,245.63,1,1,1,0
351,883,3380.21,236.77,199.42,227.43,1,1,1,0
352,845,2046.53,263.0,344.79,409.84,1,1,1,1
352,881,1587.94,156.92,288.14,370.71,1,1,1,0
352,843,1410.31,468.91,369.75,445.45,1,1,1,1
352,880,1438.88,250.53,194.44,244.53,1,1,1,0
352,883,3340.42,246.11,202.57,228.91,1,1,1,0
353,845,2046.39,269.24,345.55,412.83,1,1,1,1
353,881,1566.78,166.28,286.44,367.8,1,1,1,0
353,843,1408.53,473.92,370.84,449.09,1,1,1,1
353,880,1419.04,251.82,194.18,243.78,1,1,1,0
353,883,3326.41,249.74,204.54,229.06,1,1,1,0
354,845,2047.37,289.5,347.11,415.76,1,1,1,1
354,881,1521.24,197.78,260.81,332.01,1,1,1,0
354,843,1414.29,483.41,357.5,435.42,1,1,1,1
354,880,1362.67,254.97,201.84,253.57,1,1,1,0
354,883,3291.7,257.06,205.72,228.3,1,1,1,0
355,845,2048.06,297.02,347.16,416.45,1,1,1,1
355,881,1502.18,200.23,258.04,326.67,1,1,1,0
355,843,1416.71,485.94,352.8,432.26,1,1,1,1
355,880,1343.94,256.56,203.7,255.54,1,1,1,0
355,883,3279.34,259.55,207.22,228.01,1,1,1,0
356,845,2055.24,319.08,325.51,388.9,1,1,1,1
356,881,1426.76,212.32,255.32,318.66,1,1,1,0
356,843,1400.94,483.85,361.04,443.7,1,1,1,1
356,880,1284.44,259.7,202.84,256.79,1,1,1,0
356,883,3243.91,266.45,207.54,227.89,1,1,1,0
357,845,2058.08,328.01,317.15,377.41,1,1,1,1
357,881,1395.24,212.59,262.07,323.62,1,1,1,0
357,843,1396.45,483.29,363.25,447.92,1,1,1,1
357,880,1262.98,260.78,201.3,257.26,1,1,1,0
357,883,3231.69,269.11,207.67,227.55,1,1,1,0
358,845,2058.19,338.27,320.95,382.73,1,1,1,1
358,881,1332.0,226.65,263.21,322.28,1,1,1,0
358,843,1399.1,483.23,352.76,434.45,1,1,1,1
358,880,1210.57,263.86,198.43,256.24,1,1,1,0
358,883,3199.65,273.77,207.24,228.12,1,1,1,0
359,845,2058.05,341.16,322.74,385.73,1,1,1,1
359,881,1314.94,236.08,258.69,314.31,1,1,1,0
359,843,1401.17,483.13,347.34,427.66,1,1,1,1
359,880,1192.67,264.91,196.26,255.84,1,1,1,0
359,883,3189.03,275.72,206.25,227.93,1,1,1,0
360,845,2057.92,356.52,322.04,385.15,1,1,1,1
360,881,1217.93,233.4,298.23,363.59,1,1,1,0
360,843,1389.35,484.32,358.16,440.88,1,1,1,1
360,880,1145.17,269.97,195.01,256.08,1,1,1,0
360,883,3157.45,281.72,205.65,228.16,1,1,1,0
361,845,2057.9,361.58,321.78,385.4,1,1,1,1
361,881,1186.23,234.34,308.39,377.05,1,1,1,0
361,843,1385.29,485.25,361.81,445.55,1,1,1,1
361,880,1128.87,271.88,193.97,256.46,1,1,1,0
361,883,3146.86,283.69,204.76,227.95,1,1,1,0
362,845,2062.05,369.95,318.21,381.95,1,1,1,1
362,881,1103.65,220.0,326.04,399.81,1,1,1,0
362,843,1382.02,482.1,363.94,449.82,1,1,1,1
362,880,1083.16,280.75,191.56,254.31,1,1,1,0
362,883,3112.92,289.42,202.5,225.87,1,1,1,0
363,845,2064.19,373.16,315.76,379.91,1,1,1,1
363,881,1073.33,215.36,330.62,406.65,1,1,1,0
363,843,1382.6,480.56,363.1,450.78,1,1,1,1
363,880,1067.47,283.19,190.69,254.29,1,1,1,0
363,883,3101.22,291.58,201.44,225.09,1,1,1,0
364,845,2063.86,376.05,315.52,380.01,1,1,1,1
364,881,1008.15,207.47,336.12,416.86,1,1,1,0
364,843,1372.04,477.29,365.74,454.01,1,1,1,1
364,883,3065.97,294.21,203.94,228.8,1,1,1,0
365,845,2063.8,376.86,315.31,380.11,1,1,1,1
365,881,985.18,204.08,336.67,420.81,1,1,1,0
365,843,1367.02,474.78,369.1,458.31,1,1,1,1
365,883,3053.63,294.45,204.74,230.59,1,1,1,0
366,845,2060.3,374.89,315.82,380.2,1,1,1,1
366,881,915.52,201.27,335.28,422.3,1,1,1,0
366,843,1362.01,474.15,367.47,457.49,1,1,1,1
366,883,3017.93,297.75,205.51,232.45,1,1,1,0
367,845,2058.86,373.92,316.27,380.28,1,1,1,1
367,881,890.51,200.08,333.2,422.64,1,1,1,0
367,843,1360.58,473.86,366.25,457.06,1,1,1,1
367,883,3005.51,298.85,205.33,233.14,1,1,1,0
368,845,2055.48,369.75,315.78,378.76,1,1,1,1
368,881,823.17,201.61,335.9,429.11,1,1,1,0
368,843,1348.56,474.1,362.15,451.26,1,1,1,1
368,883,2970.0,302.7,205.27,233.39,1,1,1,0
369,845,2054.42,368.8,315.23,377.42,1,1,1,1
369,881,798.82,201.55,336.96,433.56,1,1,1,0
369,843,1344.0,472.96,359.39,446.58,1,1,1,1
369,883,2957.51,304.22,205.08,233.46,1,1,1,0
370,845,2046.45,365.51,323.84,389.75,1,1,1,1
370,881,730.82,201.36,336.55,436.35,1,1,1,0
370,843,1337.85,473.09,359.67,446.97,1,1,1,1
370,883,2923.27,307.14,205.53,234.96,1,1,1,0
371,845,2043.97,364.21,326.12,394.35,1,1,1,1
371,881,707.23,201.82,336.8,439.77,1,1,1,0
371,843,1335.73,473.71,358.22,444.91,1,1,1,1
371,883,2911.42,308.13,205.22,235.51,1,1,1,0
372,845,2052.67,363.21,309.38,373.98,1,1,1,1
372,881,643.64,204.4,333.06,434.51,1,1,1,0
372,843,1325.61,473.52,362.41,450.5,1,1,1,1
372,883,2880.12,312.24,203.43,233.41,1,1,1,0
373,845,2055.42,362.7,302.67,366.02,1,1,1,1
373,881,621.0,205.73,331.71,432.26,1,1,1,0
373,843,1323.42,473.43,362.71,450.99,1,1,1,1
373,883,2869.05,313.48,203.04,232.99,1,1,1,0
374,845,2052.75,364.28,304.41,369.43,1,1,1,1
374,881,544.71,196.67,330.47,432.85,1,1,1,0
374,843,1327.32,478.15,347.47,431.27,1,1,1,1
374,883,2834.54,318.61,204.81,234.82,1,1,1,0
374,880,707.39,306.52,208.73,271.93,1,1,1,0
375,845,2052.8,364.21,304.65,370.94,1,1,1,1
375,881,517.82,193.69,328.44,432.06,1,1,1,0
375,843,1326.76,480.74,344.7,427.72,1,1,1,1
375,883,2822.47,320.44,205.28,235.1,1,1,1,0
375,880,694.97,307.06,213.36,273.46,1,1,1,0
376,845,2053.51,372.11,303.46,370.77,1,1,1,1
376,881,448.41,190.46,319.21,417.45,1,1,1,0
376,843,1334.57,488.48,327.99,405.57,1,1,1,1
376,883,2786.67,324.38,206.15,235.98,1,1,1,0
376,880,675.55,312.98,193.17,246.7,1,1,1,0
377,845,2054.91,375.43,300.82,368.35,1,1,1,1
377,881,422.53,188.82,317.72,413.34,1,1,1,0
377,843,1337.42,490.93,324.03,399.78,1,1,1,1
377,883,2773.82,325.76,206.82,236.7,1,1,1,0
377,880,668.48,314.91,188.01,239.47,1,1,1,0
378,845,2059.21,388.01,295.55,362.47,1,1,1,1
378,881,353.97,181.72,324.25,420.32,1,1,1,0
378,843,1329.27,497.83,331.49,409.21,1,1,1,1
378,883,2740.27,331.92,205.86,236.56,1,1,1,0
378,880,583.14,304.71,219.74,269.2,1,1,1,0
379,845,2061.17,392.83,292.94,359.72,1,1,1,1
379,881,331.77,179.2,323.74,417.64,1,1,1,0
379,843,1326.23,500.89,334.55,412.94,1,1,1,1
379,883,2728.68,333.94,205.05,236.49,1,1,1,0
379,880,551.39,301.17,234.75,278.42,1,1,1,0
380,845,2063.39,409.15,290.63,357.36,1,1,1,1
380,881,249.48,173.5,349.81,451.29,1,1,1,0
380,843,1307.78,510.52,348.25,431.03,1,1,1,1
380,883,2695.09,340.15,204.49,236.05,1,1,1,0
380,880,517.87,305.92,241.93,284.8,1,1,1,0
381,845,2064.31,415.09,289.62,356.55,1,1,1,1
381,881,219.3,171.42,359.21,463.65,1,1,1,0
381,843,1302.06,514.05,351.22,435.45,1,1,1,1
381,883,2683.33,342.37,204.18,235.87,1,1,1,0
381,880,505.56,307.76,245.66,287.19,1,1,1,0
382,845,2071.34,434.94,282.29,346.5,1,1,1,1
382,881,148.08,166.88,364.21,470.23,1,1,1,0
382,843,1297.08,525.54,358.28,445.84,1,1,1,1
382,883,2649.44,348.06,204.27,236.19,1,1,1,0
382,880,471.48,320.01,244.64,283.68,1,1,1,0
383,845,2073.74,442.17,280.02,342.8,1,1,1,1
383,881,122.99,165.67,365.34,471.71,1,1,1,0
383,843,1296.24,529.79,359.13,448.18,1,1,1,1
383,883,2637.7,350.27,203.9,235.91,1,1,1,0
383,880,459.53,325.1,244.98,282.2,1,1,1,0
384,845,2076.91,461.11,274.6,334.28,1,1,1,1
384,881,48.3,160.28,371.6,479.45,1,1,1,0
384,843,1295.23,542.31,358.01,447.42,1,1,1,1
384,883,2605.88,359.53,206.21,238.58,1,1,1,0
384,880,439.02,343.19,237.47,275.62,1,1,1,0
385,845,2077.15,467.23,274.42,332.26,1,1,1,1
385,881,20.38,158.68,373.93,482.24,1,1,1,0
385,843,1297.32,547.31,352.92,440.72,1,1,1,1
385,883,2594.98,363.49,206.48,238.78,1,1,1,0
385,880,432.48,349.77,234.15,273.63,1,1,1,0
386,845,2076.06,486.54,275.08,332.05,1,1,1,1
386,881,0,159.23,327.74,476.94,1,1,1,0
386,843,1305.59,562.56,337.91,420.55,1,1,1,1
386,883,2562.33,370.79,208.23,241.63,1,1,1,0
386,880,395.56,359.47,233.19,275.05,1,1,1,0
387,845,2074.56,493.37,275.87,332.09,1,1,1,1
387,881,0,159.14,304.3,475.48,1,1,1,0
387,843,1306.48,567.86,337.04,418.75,1,1,1,1
387,883,2550.82,373.41,208.78,243.08,1,1,1,0
387,880,383.81,363.15,231.25,274.96,1,1,1,0
388,845,2072.92,509.8,275.09,330.01,1,1,1,1
388,881,0,181.86,234.46,433.49,1,1,1,0
388,843,1314.37,582.65,315.33,387.44,1,1,1,1
388,883,2521.58,385.32,209.77,245.19,1,1,1,0
388,880,336.3,364.15,237.95,284.65,1,1,1,0
389,845,2071.5,515.57,274.82,328.53,1,1,1,1
389,881,0,194.53,209.32,413.21,1,1,1,0
389,843,1316.38,588.29,309.36,376.45,1,1,1,1
389,883,2511.19,389.1,210.29,246.16,1,1,1,0
389,880,323.51,366.17,237.29,286.09,1,1,1,0
390,845,2067.97,530.79,274.3,326.68,1,1,1,1
390,881,0,207.61,143.03,410.59,1,1,1,0
390,843,1301.92,599.47,337.75,412.09,1,1,1,1
390,883,2483.57,399.65,212.01,249.47,1,1,1,0
390,880,250.69,362.62,253.58,302.58,1,1,1,0
391,845,2066.48,536.09,274.5,326.08,1,1,1,1
391,881,0,212.21,120.66,410.57,1,1,1,0
391,843,1297.07,603.21,347.27,424.76,1,1,1,1
391,883,2474.06,403.28,212.18,250.88,1,1,1,0
391,880,223.16,361.21,261.02,308.74,1,1,1,0
392,845,2064.32,547.11,271.41,320.93,1,1,1,1
392,843,1302.88,612.98,345.18,422.7,1,1,1,1
392,883,2445.86,417.7,211.64,251.18,1,1,1,0
392,880,182.03,369.68,263.51,308.11,1,1,1,0
393,845,2063.07,551.23,271.21,319.1,1,1,1,1
393,843,1308.0,617.03,340.42,416.88,1,1,1,1
393,883,2436.73,423.78,210.58,250.86,1,1,1,0
393,880,166.2,372.67,266.21,308.31,1,1,1,0
394,845,2053.88,560.83,280.64,331.37,1,1,1,1
394,843,1325.69,624.26,316.79,384.28,1,1,1,1
394,883,2408.89,437.76,212.13,253.86,1,1,1,0
394,880,140.47,386.49,264.95,299.8,1,1,1,0
395,845,2050.79,564.16,283.58,335.93,1,1,1,1
395,843,1332.09,626.56,308.56,371.0,1,1,1,1
395,883,2399.54,443.02,211.74,254.37,1,1,1,0
395,880,130.5,391.85,267.13,296.2,1,1,1,0
396,845,2053.16,569.02,277.73,329.0,1,1,1,1
396,843,1330.79,634.92,314.41,376.24,1,1,1,1
396,883,2375.2,454.26,208.82,250.96,1,1,1,0
396,880,96.61,404.87,268.94,291.6,1,1,1,0
397,845,2054.76,570.68,274.24,324.95,1,1,1,1
397,843,1328.99,637.76,319.16,380.63,1,1,1,1
397,883,2366.87,458.04,207.48,249.41,1,1,1,0
397,880,84.63,409.98,270.84,287.83,1,1,1,0
398,845,2054.18,568.99,273.81,324.68,1,1,1,1
398,843,1325.19,643.37,328.74,392.0,1,1,1,1
398,883,2342.97,466.57,206.96,249.81,1,1,1,0
398,880,56.28,423.3,275.48,289.61,1,1,1,0
399,845,2055.46,568.3,272.34,323.22,1,1,1,1
399,843,1321.72,644.87,336.4,401.87,1,1,1,1
399,883,2335.51,469.13,205.9,249.54,1,1,1,0
399,880,44.76,427.88,279.52,290.87,1,1,1,0
400,845,2056.46,567.0,280.45,332.31,1,1,1,1
400,843,1331.88,651.54,316.32,374.09,1,1,1,1
400,883,2325.43,475.2,196.83,239.27,1,1,1,0
400,880,5.49,437.93,296.85,308.25,1,1,1,0
401,845,2057.51,565.98,283.73,335.72,1,1,1,1
401,843,1335.64,654.17,310.44,363.96,1,1,1,1
401,883,2322.51,477.36,193.5,235.95,1,1,1,0
401,880,0,441.55,294.61,314.7,1,1,1,0
402,845,2065.72,566.18,288.41,340.18,1,1,1,1
402,843,1334.27,660.21,308.88,358.8,1,1,1,1
402,883,2295.27,477.73,205.52,252.3,1,1,1,0
402,880,0,460.12,286.4,309.9,1,1,1,0
403,845,2068.31,565.72,291.22,342.66,1,1,1,1
403,843,1334.34,662.22,308.73,355.43,1,1,1,1
403,883,2285.77,477.61,209.47,258.82,1,1,1,0
403,880,0,467.85,281.19,307.9,1,1,1,0
404,845,2076.28,566.99,289.32,339.62,1,1,1,1
404,843,1329.74,665.58,314.71,359.99,1,1,1,1
404,883,2277.44,482.62,195.79,241.53,1,1,1,0
404,880,0,475.46,257.84,308.07,1,1,1,0
405,845,2078.67,567.93,288.19,337.42,1,1,1,1
405,843,1325.85,666.25,319.66,364.18,1,1,1,1
405,883,2275.81,483.05,189.3,232.95,1,1,1,0
405,880,0,477.67,247.6,308.08,1,1,1,0
406,845,2083.21,568.57,293.09,343.34,1,1,1,1
406,843,1317.93,670.32,328.08,373.83,1,1,1,1
406,883,2263.62,488.52,186.91,228.44,1,1,1,0
406,880,0,484.98,222.9,312.8,1,1,1,0
407,845,2084.75,568.33,295.11,345.94,1,1,1,1
407,843,1312.07,671.31,338.62,386.99,1,1,1,1
407,883,2259.49,489.95,186.47,226.45,1,1,1,0
407,880,0,487.11,212.94,314.53,1,1,1,0
408,845,2093.43,575.06,290.58,340.77,1,1,1,1
408,843,1316.08,673.91,322.33,366.11,1,1,1,1
408,883,2249.3,492.93,182.13,219.52,1,1,1,0
408,880,0,495.96,189.03,314.34,1,1,1,0
409,845,2097.08,577.13,289.57,339.54,1,1,1,1
409,843,1318.69,675.08,315.56,356.18,1,1,1,1
409,883,2245.61,493.44,181.57,217.43,1,1,1,0
409,880,0,498.69,178.28,313.42,1,1,1,0
410,845,2107.98,584.18,287.45,336.67,1,1,1,1
410,843,1310.36,675.78,317.14,355.04,1,1,1,1
410,883,2233.77,497.54,187.09,222.83,1,1,1,0
410,880,0,507.01,157.52,313.8,1,1,1,0
411,845,2112.87,586.53,286.44,335.39,1,1,1,1
411,843,1308.46,675.92,317.12,352.28,1,1,1,1
411,883,2230.58,498.94,187.5,222.07,1,1,1,0
411,880,0,509.13,149.53,313.91,1,1,1,0
412,845,2120.78,595.08,288.0,337.5,1,1,1,1
412,843,1299.68,678.66,318.92,351.34,1,1,1,1
412,883,2220.37,501.51,192.26,226.46,1,1,1,0
412,880,0,515.65,131.05,315.49,1,1,1,0
413,845,2124.58,598.57,288.24,338.31,1,1,1,1
413,843,1297.46,679.17,320.85,351.07,1,1,1,1
413,883,2216.45,504.55,191.74,224.75,1,1,1,0
413,880,0,518.29,123.84,316.85,1,1,1,0
414,845,2133.88,609.3,286.59,337.81,1,1,1,1
414,843,1284.73,683.66,326.32,355.85,1,1,1,1
414,883,2205.42,505.56,192.34,224.52,1,1,1,0
414,880,0,528.19,109.54,319.71,1,1,1,0
415,845,2137.44,613.21,285.55,337.62,1,1,1,1
415,843,1276.07,685.25,333.16,363.27,1,1,1,1
415,883,2200.49,504.43,191.69,222.67,1,1,1,0
415,880,0,531.53,103.44,321.74,1,1,1,0
416,845,2146.16,622.08,285.97,339.94,1,1,1,1
416,843,1267.86,689.32,334.77,364.51,1,1,1,1
416,883,2191.83,508.48,191.44,219.4,1,1,1,0
416,880,0,542.47,81.43,323.65,1,1,1,0
