1,2115,513.78,216.96,142.53,168.75,1,1,1,0
1,2116,708.75,169.05,184.42,190.75,1,1,1,0
1,2117,1375.31,73.23,412.23,447.49,1,1,1,1
1,2118,964.29,104.11,227.81,300.89,1,1,1,1
1,2119,112.7,234.44,345.94,396.56,1,1,1,1
1,2120,1294.55,178.09,166.34,226.91,1,1,1,0
1,2121,885.33,275.12,118.12,159.11,1,1,1,0
2,2115,512.25,216.7,142.98,169.27,1,1,1,0
2,2116,708.04,169.71,183.75,190.09,1,1,1,0
2,2117,1378.1,70.87,412.94,448.27,1,1,1,1
2,2118,964.68,101.04,225.98,298.47,1,1,1,1
2,2119,112.98,235.88,345.12,395.65,1,1,1,1
2,2120,1292.88,177.83,171.77,234.49,1,1,1,0
2,2121,887.16,274.86,116.56,157.02,1,1,1,0
3,2115,510.29,216.19,142.71,168.89,1,1,1,0
3,2116,707.28,169.7,183.96,190.34,1,1,1,0
3,2117,1379.52,70.47,411.16,446.3,1,1,1,1
3,2118,966.41,101.93,221.39,292.16,1,1,1,1
3,2119,110.22,234.95,345.3,395.73,1,1,1,1
3,2120,1294.66,178.02,172.29,235.33,1,1,1,0
3,2121,888.71,275.41,114.77,154.65,1,1,1,0
4,2115,507.8,216.26,142.49,168.53,1,1,1,0
4,2116,706.43,170.03,184.38,190.77,1,1,1,0
4,2117,1380.98,69.35,410.31,445.08,1,1,1,1
4,2118,966.74,100.11,219.48,289.15,1,1,1,1
4,2119,106.59,227.39,349.98,401.17,1,1,1,1
4,2120,1296.54,176.71,173.46,237.06,1,1,1,0
4,2121,890.26,275.58,113.89,153.5,1,1,1,0
5,2115,505.35,217.3,141.85,167.65,1,1,1,0
5,2116,704.43,170.69,185.36,191.9,1,1,1,0
5,2117,1378.8,66.79,415.26,450.08,1,1,1,1
5,2118,967.06,99.83,217.58,285.63,1,1,1,1
5,2119,102.24,229.06,348.81,399.72,1,1,1,1
5,2120,1298.0,176.73,172.04,235.11,1,1,1,0
5,2121,892.8,275.06,113.93,153.77,1,1,1,0
5,2122,342.2,219.44,110.54,128.91,1,1,1,0
6,2115,504.31,218.09,141.4,166.93,1,1,1,0
6,2116,702.93,171.33,187.38,194.21,1,1,1,0
6,2117,1375.99,65.98,417.57,452.21,1,1,1,1
6,2118,966.01,99.01,218.44,285.62,1,1,1,1
6,2119,99.7,230.53,347.1,397.51,1,1,1,1
6,2120,1300.03,177.19,170.06,232.43,1,1,1,0
6,2121,895.34,274.45,114.82,155.21,1,1,1,0
6,2122,343.48,219.51,109.38,127.44,1,1,1,0
7,2115,503.93,218.03,141.45,166.8,1,1,1,0
7,2116,701.64,171.75,188.85,196.05,1,1,1,0
7,2117,1370.1,66.28,419.7,454.08,1,1,1,1
7,2118,964.94,98.7,218.51,284.1,1,1,1,1
7,2119,98.36,231.75,346.6,396.91,1,1,1,1
7,2120,1300.65,177.68,167.7,229.46,1,1,1,0
7,2121,897.45,274.35,113.37,153.53,1,1,1,0
7,2122,344.21,219.41,108.85,126.6,1,1,1,0
8,2115,503.66,218.0,141.69,166.99,1,1,1,0
8,2116,699.14,172.5,191.05,198.94,1,1,1,0
8,2117,1364.82,69.33,420.19,454.08,1,1,1,1
8,2118,963.7,98.42,219.46,283.68,1,1,1,1
8,2119,95.79,232.74,346.15,396.17,1,1,1,1
8,2120,1303.48,178.38,164.88,225.59,1,1,1,0
8,2121,899.17,274.0,112.44,152.63,1,1,1,0
8,2122,345.39,219.49,107.65,124.91,1,1,1,0
9,2115,503.32,218.59,142.61,168.1,1,1,1,0
9,2116,696.85,173.78,191.41,199.75,1,1,1,0
9,2117,1349.62,73.05,425.65,460.27,1,1,1,1
9,2118,959.22,97.31,224.64,289.41,1,1,1,1
9,2119,90.75,234.15,345.67,395.28,1,1,1,1
9,2120,1307.37,180.92,158.04,215.31,1,1,1,0
9,2121,899.38,274.51,112.78,153.57,1,1,1,0
9,2122,345.38,219.52,108.43,125.51,1,1,1,0
10,2115,502.5,218.8,143.2,168.92,1,1,1,0
10,2116,695.34,174.43,189.69,198.17,1,1,1,0
10,2117,1341.1,76.84,430.45,466.14,1,1,1,1
10,2118,955.32,96.77,228.66,293.52,1,1,1,1
10,2119,87.89,236.0,345.17,394.45,1,1,1,1
10,2120,1304.93,183.19,158.12,215.94,1,1,1,0
10,2121,899.74,275.31,113.85,155.57,1,1,1,0
10,2122,344.97,219.64,109.04,125.86,1,1,1,0
11,2115,501.31,219.07,144.07,170.24,1,1,1,0
11,2116,694.5,175.26,186.44,194.89,1,1,1,0
11,2117,1336.65,80.55,431.83,468.77,1,1,1,1
11,2118,952.33,97.2,231.71,296.69,1,1,1,1
11,2119,83.29,235.36,347.46,396.69,1,1,1,1
11,2120,1308.23,184.48,162.91,221.88,1,1,1,0
11,2121,901.57,275.71,112.36,154.2,1,1,1,0
11,2122,344.19,219.78,109.66,126.11,1,1,1,0
12,2115,500.15,219.16,144.3,170.93,1,1,1,0
12,2116,692.58,175.85,185.31,193.73,1,1,1,0
12,2117,1335.85,82.61,430.89,468.95,1,1,1,1
12,2118,948.96,97.03,235.82,301.44,1,1,1,1
12,2119,80.48,236.12,348.72,397.73,1,1,1,1
12,2120,1304.26,183.32,163.7,223.91,1,1,1,0
12,2121,903.14,276.06,111.52,153.68,1,1,1,0
12,2122,343.73,219.93,109.8,125.71,1,1,1,0
13,2115,497.81,219.18,144.05,170.98,1,1,1,0
13,2116,689.46,177.15,183.37,191.38,1,1,1,0
13,2117,1336.25,81.44,427.84,467.23,1,1,1,1
13,2118,946.33,94.8,240.96,308.98,1,1,1,1
13,2119,80.06,238.9,347.88,396.81,1,1,1,1
13,2120,1304.6,184.05,161.81,221.9,1,1,1,0
13,2121,907.95,276.89,110.74,152.39,1,1,1,0
13,2122,342.84,220.09,110.46,125.88,1,1,1,0
14,2115,495.75,219.18,143.81,170.99,1,1,1,0
14,2116,687.82,177.81,182.92,190.49,1,1,1,0
14,2117,1337.29,83.04,420.38,459.98,1,1,1,1
14,2118,943.4,93.28,244.49,314.66,1,1,1,1
14,2119,79.71,242.55,346.48,395.05,1,1,1,1
14,2120,1306.33,184.8,157.87,216.43,1,1,1,0
14,2121,911.54,280.42,108.35,149.1,1,1,1,0
14,2122,341.75,220.25,110.99,125.86,1,1,1,0
14,2123,1670.01,97.84,293.88,383.7,1,1,1,0
15,2115,493.59,219.27,143.58,170.88,1,1,1,0
15,2116,685.45,177.83,183.21,190.57,1,1,1,0
15,2117,1339.3,85.21,414.6,454.37,1,1,1,1
15,2118,940.66,92.32,246.77,319.13,1,1,1,1
15,2119,78.25,244.29,346.21,394.39,1,1,1,1
15,2120,1307.9,184.75,157.76,216.15,1,1,1,0
15,2121,915.37,284.06,106.38,146.17,1,1,1,0
15,2122,341.36,220.3,111.17,125.45,1,1,1,0
15,2123,1659.46,95.94,304.96,398.15,1,1,1,0
16,2115,492.13,219.3,143.48,170.83,1,1,1,0
16,2116,684.04,178.31,183.7,190.92,1,1,1,0
16,2117,1340.22,86.57,410.75,450.84,1,1,1,1
16,2118,939.29,92.18,247.58,321.75,1,1,1,1
16,2119,75.09,244.9,346.52,394.15,1,1,1,1
16,2120,1308.91,184.3,156.83,214.88,1,1,1,0
16,2121,918.69,285.37,107.38,147.35,1,1,1,0
16,2122,341.06,220.52,111.56,125.31,1,1,1,0
16,2123,1656.45,93.0,309.44,403.93,1,1,1,0
17,2115,490.68,219.4,143.55,171.1,1,1,1,0
17,2116,680.92,179.17,184.4,191.95,1,1,1,0
17,2117,1339.35,91.65,405.52,445.72,1,1,1,1
17,2118,935.35,94.62,246.91,321.97,1,1,1,1
17,2119,71.32,246.49,344.87,391.87,1,1,1,1
17,2120,1308.0,183.51,155.78,213.65,1,1,1,0
17,2121,923.14,275.28,115.6,158.55,1,1,1,0
17,2122,340.51,220.59,111.8,124.86,1,1,1,0
17,2123,1663.19,87.97,302.9,395.02,1,1,1,0
18,2115,489.26,219.73,143.05,170.9,1,1,1,0
18,2116,679.1,180.26,184.51,192.35,1,1,1,0
18,2117,1338.91,96.11,400.79,441.21,1,1,1,1
18,2118,931.58,95.78,247.3,323.74,1,1,1,1
18,2119,66.36,244.85,346.63,393.23,1,1,1,1
18,2120,1307.32,183.3,156.05,214.35,1,1,1,0
18,2121,926.63,261.25,124.96,170.84,1,1,1,0
18,2122,340.19,220.72,112.12,124.61,1,1,1,0
18,2123,1655.7,85.39,316.94,413.4,1,1,1,0
19,2115,488.05,219.75,143.12,171.52,1,1,1,0
19,2116,676.3,181.45,184.14,192.3,1,1,1,0
19,2117,1337.89,98.31,397.73,438.57,1,1,1,1
19,2118,924.75,96.53,248.86,326.01,1,1,1,1
19,2119,63.81,244.6,346.29,391.76,1,1,1,1
19,2120,1306.4,182.92,155.86,214.35,1,1,1,0
19,2122,340.18,220.76,111.62,123.32,1,1,1,0
19,2123,1655.76,82.73,309.86,403.51,1,1,1,0
20,2115,486.98,220.05,142.49,171.25,1,1,1,0
20,2116,674.42,182.57,183.4,191.78,1,1,1,0
20,2117,1337.18,99.95,394.25,435.34,1,1,1,1
20,2118,920.05,97.61,249.81,327.58,1,1,1,1
20,2119,62.03,244.67,346.52,391.01,1,1,1,1
20,2120,1305.48,183.56,155.33,213.79,1,1,1,0
20,2122,340.39,220.77,111.44,122.44,1,1,1,0
20,2123,1661.19,81.91,308.14,400.68,1,1,1,0
21,2115,485.45,220.26,142.02,171.24,1,1,1,0
21,2116,671.9,183.86,182.91,191.88,1,1,1,0
21,2117,1338.08,103.6,390.85,432.09,1,1,1,1
21,2118,914.16,100.3,249.04,327.01,1,1,1,1
21,2119,61.13,246.67,345.69,388.75,1,1,1,1
21,2120,1304.23,183.2,155.35,214.02,1,1,1,0
21,2122,340.71,220.88,110.9,121.23,1,1,1,0
21,2123,1660.9,82.35,315.37,410.07,1,1,1,0
22,2115,483.97,220.13,142.16,172.02,1,1,1,0
22,2116,670.12,184.31,181.37,190.92,1,1,1,0
22,2117,1338.71,107.29,389.17,430.95,1,1,1,1
22,2118,913.02,103.61,246.73,325.03,1,1,1,1
22,2119,58.72,246.2,346.74,388.32,1,1,1,1
22,2120,1303.87,182.86,155.15,213.53,1,1,1,0
22,2122,340.86,220.81,111.05,120.89,1,1,1,0
22,2123,1668.79,83.79,301.99,391.19,1,1,1,0
23,2115,482.71,220.08,141.73,172.12,1,1,1,0
23,2116,669.53,184.65,179.98,189.57,1,1,1,0
23,2117,1338.41,109.68,388.22,431.1,1,1,1,1
23,2118,908.78,104.65,246.53,325.79,1,1,1,1
23,2119,56.88,246.0,347.98,388.18,1,1,1,1
23,2120,1303.64,183.12,155.27,213.18,1,1,1,0
23,2122,340.23,220.98,111.69,121.19,1,1,1,0
23,2123,1669.46,84.78,304.78,394.81,1,1,1,0
24,2115,481.65,220.05,141.07,171.95,1,1,1,0
24,2116,668.82,184.85,179.81,189.56,1,1,1,0
24,2117,1337.68,110.58,387.65,431.93,1,1,1,1
24,2118,905.74,106.11,245.54,325.34,1,1,1,1
24,2119,55.56,246.1,349.0,387.95,1,1,1,1
24,2120,1303.33,183.02,152.59,209.07,1,1,1,0
24,2122,340.09,221.14,111.75,120.82,1,1,1,0
24,2123,1677.03,87.49,302.41,390.34,1,1,1,0
25,2115,479.85,220.04,140.54,171.87,1,1,1,0
25,2116,666.34,183.8,180.34,190.67,1,1,1,0
25,2117,1337.44,116.13,382.72,427.6,1,1,1,1
25,2118,901.39,107.73,243.84,323.82,1,1,1,1
25,2119,53.64,246.12,350.42,388.29,1,1,1,1
25,2120,1305.59,182.57,159.74,217.42,1,1,1,0
25,2122,340.07,221.2,112.1,120.89,1,1,1,0
25,2123,1672.08,88.56,317.0,409.32,1,1,1,0
26,2115,478.64,220.03,140.12,171.84,1,1,1,0
26,2116,664.53,182.68,180.84,191.79,1,1,1,0
26,2117,1337.77,119.43,378.59,423.72,1,1,1,1
26,2118,896.46,106.62,244.44,325.09,1,1,1,1
26,2119,51.82,245.91,351.6,388.23,1,1,1,1
26,2120,1305.92,182.01,164.92,223.24,1,1,1,0
26,2122,339.6,221.22,112.77,121.34,1,1,1,0
26,2123,1672.17,89.35,318.46,411.5,1,1,1,0
27,2115,477.41,220.02,140.02,172.22,1,1,1,0
27,2116,662.99,181.75,181.29,192.91,1,1,1,0
27,2117,1340.16,120.25,372.67,417.03,1,1,1,1
27,2118,891.28,106.38,245.17,326.14,1,1,1,1
27,2119,50.1,246.91,352.18,387.53,1,1,1,1
27,2120,1306.11,182.19,166.77,224.49,1,1,1,0
27,2122,339.18,221.32,113.52,122.02,1,1,1,0
27,2123,1671.69,88.08,321.5,415.03,1,1,1,0
28,2115,476.59,219.82,140.01,172.56,1,1,1,0
28,2116,663.04,180.59,181.14,193.33,1,1,1,0
28,2117,1340.39,117.93,368.72,411.89,1,1,1,1
28,2118,886.69,107.65,244.61,325.11,1,1,1,1
28,2119,48.42,247.27,352.83,386.88,1,1,1,1
28,2120,1307.34,182.76,163.54,218.32,1,1,1,0
28,2122,338.64,221.46,114.17,122.58,1,1,1,0
28,2123,1668.48,87.41,322.22,416.08,1,1,1,0
29,2115,476.12,219.64,140.04,172.78,1,1,1,0
29,2116,662.63,178.65,179.7,191.99,1,1,1,0
29,2117,1343.87,116.17,365.44,406.86,1,1,1,1
29,2118,881.3,108.81,244.8,325.18,1,1,1,1
29,2119,46.76,247.7,353.26,385.96,1,1,1,1
29,2120,1305.82,183.07,155.0,206.0,1,1,1,0
29,2122,338.47,221.7,114.75,123.19,1,1,1,0
29,2123,1676.68,93.83,311.49,403.38,1,1,1,0
30,2115,476.11,219.47,140.23,173.16,1,1,1,0
30,2116,663.13,177.62,178.76,190.98,1,1,1,0
30,2117,1344.86,112.83,366.59,406.92,1,1,1,1
30,2118,883.02,111.71,242.41,322.69,1,1,1,1
30,2119,44.86,247.44,355.73,387.62,1,1,1,1
30,2120,1305.38,183.6,151.47,200.35,1,1,1,0
30,2122,338.0,221.79,115.4,123.83,1,1,1,0
30,2123,1683.72,99.11,307.52,399.42,1,1,1,0
31,2115,476.17,219.41,140.66,173.5,1,1,1,0
31,2116,663.76,176.44,178.46,190.8,1,1,1,0
31,2117,1345.69,111.34,367.77,406.85,1,1,1,1
31,2118,881.9,112.08,242.16,323.02,1,1,1,1
31,2119,43.47,247.53,357.44,388.46,1,1,1,1
31,2120,1304.31,183.38,155.28,204.87,1,1,1,0
31,2122,337.87,221.92,115.54,123.97,1,1,1,0
31,2123,1687.58,105.66,305.06,397.54,1,1,1,0
32,2115,476.93,219.38,141.01,173.61,1,1,1,0
32,2116,663.54,174.81,179.36,191.93,1,1,1,0
32,2117,1343.39,108.75,371.9,410.13,1,1,1,1
32,2118,880.3,110.99,242.28,323.53,1,1,1,1
32,2119,42.99,248.14,358.01,388.19,1,1,1,1
32,2120,1307.94,184.79,156.63,205.04,1,1,1,0
32,2122,337.68,222.07,115.9,124.31,1,1,1,0
32,2123,1695.09,105.47,299.88,390.22,1,1,1,0
33,2115,477.73,219.57,141.8,173.25,1,1,1,0
33,2116,665.54,172.62,180.39,192.75,1,1,1,0
33,2117,1341.74,105.06,379.88,418.52,1,1,1,1
33,2118,880.96,108.16,240.84,322.52,1,1,1,1
33,2119,42.06,249.46,357.96,387.0,1,1,1,1
33,2120,1308.51,186.03,160.37,209.05,1,1,1,0
33,2122,337.52,222.12,116.2,124.64,1,1,1,0
33,2123,1700.5,106.53,311.92,404.6,1,1,1,0
34,2115,478.62,219.45,143.76,174.11,1,1,1,0
34,2116,668.31,171.42,180.8,193.06,1,1,1,0
34,2117,1340.82,100.81,388.27,427.76,1,1,1,1
34,2118,881.59,103.58,242.15,325.41,1,1,1,1
34,2119,40.73,250.44,358.3,386.06,1,1,1,1
34,2120,1308.45,186.78,163.87,212.86,1,1,1,0
34,2122,336.96,222.13,116.53,124.96,1,1,1,0
34,2123,1702.37,111.13,318.03,410.57,1,1,1,0
35,2115,479.08,219.3,145.88,175.12,1,1,1,0
35,2116,670.52,170.39,181.85,194.37,1,1,1,0
35,2117,1341.23,96.53,394.69,435.13,1,1,1,1
35,2118,883.36,101.85,241.33,325.7,1,1,1,1
35,2119,40.02,250.99,358.87,385.52,1,1,1,1
35,2120,1307.52,186.36,157.48,204.52,1,1,1,0
35,2122,336.83,222.14,116.51,124.88,1,1,1,0
35,2123,1709.48,116.8,316.83,409.67,1,1,1,0
36,2115,478.66,219.54,148.08,176.38,1,1,1,0
36,2116,672.86,168.84,184.02,197.04,1,1,1,0
36,2117,1345.93,94.24,397.51,437.43,1,1,1,1
36,2118,885.59,101.11,239.67,324.89,1,1,1,1
36,2119,41.18,250.98,359.0,385.13,1,1,1,1
36,2120,1306.79,185.56,155.68,202.3,1,1,1,0
36,2122,336.77,222.13,116.52,124.84,1,1,1,0
36,2123,1703.53,124.66,323.89,417.01,1,1,1,0
37,2115,478.71,219.83,149.71,177.05,1,1,1,0
37,2116,678.71,167.1,186.75,200.8,1,1,1,0
37,2117,1352.81,86.87,399.46,438.07,1,1,1,1
37,2118,887.98,98.45,240.07,326.56,1,1,1,1
37,2119,41.82,251.66,358.34,383.9,1,1,1,1
37,2120,1307.94,182.05,158.6,205.93,1,1,1,0
37,2122,336.28,222.13,116.67,124.82,1,1,1,0
37,2123,1703.16,131.99,330.47,423.19,1,1,1,0
38,2115,478.27,219.84,151.23,177.78,1,1,1,0
38,2116,683.98,166.27,187.18,201.43,1,1,1,0
38,2117,1356.81,84.41,402.11,438.36,1,1,1,1
38,2118,889.16,97.27,239.76,327.18,1,1,1,1
38,2119,39.23,250.9,359.13,383.65,1,1,1,1
38,2120,1308.47,179.16,161.07,209.29,1,1,1,0
38,2122,336.06,222.12,116.8,124.81,1,1,1,0
38,2123,1705.06,140.7,327.1,416.32,1,1,1,0
39,2115,478.2,220.24,152.39,178.05,1,1,1,0
39,2116,688.43,165.2,187.95,202.82,1,1,1,0
39,2117,1360.64,82.16,404.7,438.03,1,1,1,1
39,2118,891.87,97.15,239.17,327.1,1,1,1,1
39,2119,40.73,252.39,356.65,379.78,1,1,1,1
39,2120,1308.4,177.78,162.51,211.07,1,1,1,0
39,2122,336.35,222.12,116.91,125.0,1,1,1,0
39,2123,1720.15,141.61,319.12,407.69,1,1,1,0
40,2115,478.11,220.09,153.36,178.43,1,1,1,0
40,2116,692.53,164.73,188.04,203.02,1,1,1,0
40,2117,1362.5,79.49,411.06,441.93,1,1,1,1
40,2118,895.45,96.74,238.66,327.44,1,1,1,1
40,2119,35.55,246.73,358.97,380.14,1,1,1,1
40,2120,1310.01,176.98,161.34,209.07,1,1,1,0
40,2122,335.97,221.92,117.55,125.86,1,1,1,0
40,2123,1727.66,142.7,313.82,401.28,1,1,1,0
41,2115,478.22,220.03,154.22,178.95,1,1,1,0
41,2116,701.54,163.89,184.91,199.6,1,1,1,0
41,2117,1360.02,74.0,422.82,453.06,1,1,1,1
41,2118,902.61,94.62,238.81,328.75,1,1,1,1
41,2119,34.87,246.0,353.9,371.33,1,1,1,1
41,2120,1310.67,178.89,159.17,206.1,1,1,1,0
41,2122,335.19,222.04,117.87,126.19,1,1,1,0
41,2123,1744.79,140.66,321.44,410.02,1,1,1,0
42,2115,478.4,219.81,155.05,179.53,1,1,1,0
42,2116,706.32,163.21,184.02,198.66,1,1,1,0
42,2117,1356.79,68.94,431.67,461.84,1,1,1,1
42,2118,910.51,92.35,238.01,328.93,1,1,1,1
42,2119,29.53,244.43,351.08,363.49,1,1,1,1
42,2120,1310.59,180.04,158.98,206.19,1,1,1,0
42,2122,334.82,222.08,118.16,126.5,1,1,1,0
42,2123,1763.63,140.32,319.58,402.85,1,1,1,0
43,2115,478.55,219.53,155.57,179.73,1,1,1,0
43,2116,710.07,162.79,184.37,198.89,1,1,1,0
43,2117,1355.25,65.61,437.06,466.99,1,1,1,1
43,2118,917.56,91.53,236.68,327.59,1,1,1,1
43,2119,32.23,243.86,347.17,355.41,1,1,1,1
43,2120,1309.78,180.48,157.23,204.24,1,1,1,0
43,2122,334.49,222.1,118.25,126.61,1,1,1,0
43,2123,1766.28,144.77,292.23,368.92,1,1,1,0
44,2115,478.82,219.22,156.32,180.19,1,1,1,0
44,2116,714.5,162.17,184.6,198.87,1,1,1,0
44,2117,1354.5,61.67,442.39,472.4,1,1,1,1
44,2118,925.05,90.26,235.96,326.67,1,1,1,1
44,2119,31.65,241.94,345.58,350.39,1,1,1,1
44,2120,1309.44,180.55,156.62,203.42,1,1,1,0
44,2122,334.42,222.0,118.2,126.55,1,1,1,0
44,2123,1774.37,141.14,288.2,362.62,1,1,1,0
45,2115,480.07,219.11,156.67,180.35,1,1,1,0
45,2116,721.61,161.66,184.74,199.35,1,1,1,0
45,2117,1355.13,56.52,451.86,483.6,1,1,1,1
45,2118,936.05,88.32,236.72,328.4,1,1,1,1
45,2119,37.94,243.28,338.7,341.79,1,1,1,1
45,2120,1307.68,180.78,159.65,207.33,1,1,1,0
45,2122,333.48,221.87,118.41,126.81,1,1,1,0
45,2123,1779.95,130.84,294.04,368.27,1,1,1,0
46,2115,480.68,219.26,157.1,180.79,1,1,1,0
46,2116,726.24,161.3,184.63,199.52,1,1,1,0
46,2117,1356.87,53.77,457.02,490.8,1,1,1,1
46,2118,943.65,87.53,237.03,329.15,1,1,1,1
46,2119,38.02,242.48,338.57,340.88,1,1,1,1
46,2120,1307.57,181.37,159.68,207.12,1,1,1,0
46,2122,332.94,221.91,118.49,127.01,1,1,1,0
46,2123,1780.25,124.26,304.13,378.87,1,1,1,0
47,2115,481.88,219.52,157.49,181.33,1,1,1,0
47,2116,729.33,161.0,184.01,199.18,1,1,1,0
47,2117,1359.3,53.6,456.87,491.66,1,1,1,1
47,2118,950.3,86.88,237.27,329.81,1,1,1,1
47,2119,24.65,240.18,346.93,347.14,1,1,1,1
47,2120,1307.05,180.0,163.84,212.81,1,1,1,0
47,2122,332.29,222.03,118.64,127.37,1,1,1,0
47,2123,1763.25,122.01,309.97,386.48,1,1,1,0
48,2115,482.82,219.62,157.81,181.92,1,1,1,0
48,2116,731.27,160.71,184.34,199.84,1,1,1,0
48,2117,1363.22,51.19,458.5,495.06,1,1,1,1
48,2118,956.04,86.57,237.77,330.94,1,1,1,1
48,2119,14.22,239.25,357.48,356.84,1,1,1,1
48,2120,1309.42,179.1,164.99,214.15,1,1,1,0
48,2122,332.01,222.17,118.77,127.8,1,1,1,0
48,2123,1754.76,120.18,330.1,412.02,1,1,1,0
49,2115,484.99,219.46,158.03,182.53,1,1,1,0
49,2116,735.18,160.43,184.99,201.08,1,1,1,0
49,2117,1366.43,43.78,464.95,503.59,1,1,1,1
49,2118,964.92,87.19,237.7,330.86,1,1,1,1
49,2119,0,241.89,369.91,368.27,1,1,1,1
49,2120,1309.22,178.06,167.65,218.3,1,1,1,0
49,2122,331.79,222.23,119.07,128.75,1,1,1,0
49,2123,1767.71,107.77,334.75,415.3,1,1,1,0
50,2115,487.65,219.7,157.95,182.84,1,1,1,0
50,2116,738.01,160.25,183.88,200.44,1,1,1,0
50,2117,1372.94,42.02,466.04,506.13,1,1,1,1
50,2118,968.71,86.66,238.88,332.6,1,1,1,1
50,2119,0,241.93,371.31,376.38,1,1,1,1
50,2120,1308.68,177.38,172.69,225.07,1,1,1,0
50,2122,331.74,222.54,118.74,129.0,1,1,1,0
50,2123,1772.55,107.02,332.17,409.99,1,1,1,0
51,2115,490.8,220.09,158.15,183.63,1,1,1,0
51,2116,741.63,160.5,181.26,197.9,1,1,1,0
51,2117,1378.68,41.76,466.03,507.42,1,1,1,1
51,2118,971.84,86.69,239.52,333.64,1,1,1,1
51,2119,0,241.77,375.43,382.03,1,1,1,1
51,2120,1307.78,176.16,174.41,227.81,1,1,1,0
51,2122,331.61,222.76,118.48,129.38,1,1,1,0
51,2123,1763.09,101.76,313.76,389.27,1,1,1,0
52,2115,494.09,220.83,158.92,185.11,1,1,1,0
52,2116,743.59,160.02,181.2,198.33,1,1,1,0
52,2117,1383.82,40.69,466.19,508.64,1,1,1,1
52,2118,974.17,86.53,240.29,334.8,1,1,1,1
52,2119,0,239.74,380.0,389.66,1,1,1,1
52,2120,1306.11,175.3,176.11,230.77,1,1,1,0
52,2122,331.36,222.74,118.38,130.01,1,1,1,0
52,2123,1751.9,95.1,329.52,411.71,1,1,1,0
53,2115,502.44,226.25,161.14,188.42,1,1,1,0
53,2116,747.06,159.86,181.06,198.49,1,1,1,0
53,2117,1387.31,38.6,466.06,509.55,1,1,1,1
53,2118,979.05,86.59,240.97,336.31,1,1,1,1
53,2119,0,243.39,389.92,393.6,1,1,1,1
53,2120,1304.45,175.97,175.62,230.28,1,1,1,0
53,2122,331.59,222.93,118.13,130.44,1,1,1,0
53,2123,1746.42,85.9,327.17,412.08,1,1,1,0
54,2115,511.48,233.33,162.34,190.54,1,1,1,0
54,2116,748.7,159.81,180.9,198.75,1,1,1,0
54,2117,1389.6,36.62,473.27,518.36,1,1,1,1
54,2118,982.19,86.63,241.48,337.65,1,1,1,1
54,2119,5.86,249.34,391.29,392.86,1,1,1,1
54,2120,1302.2,175.95,177.02,232.28,1,1,1,0
54,2122,331.91,223.0,117.57,130.59,1,1,1,0
54,2123,1743.8,80.06,296.99,378.12,1,1,1,0
55,2115,519.33,239.66,163.69,192.8,1,1,1,0
55,2116,749.22,159.81,181.6,200.24,1,1,1,0
55,2117,1390.72,36.74,476.82,522.76,1,1,1,1
55,2118,985.13,86.87,241.78,338.73,1,1,1,1
55,2119,11.34,249.74,391.84,395.54,1,1,1,1
55,2120,1300.57,175.46,177.51,233.09,1,1,1,0
55,2122,331.65,222.82,117.75,131.62,1,1,1,0
55,2123,1735.07,77.61,293.99,376.22,1,1,1,0
56,2115,527.29,247.15,163.73,193.63,1,1,1,0
56,2116,749.53,160.02,181.43,200.41,1,1,1,0
56,2117,1391.13,36.87,479.48,525.88,1,1,1,1
56,2118,987.92,87.97,241.4,338.91,1,1,1,1
56,2119,15.7,248.99,392.49,398.95,1,1,1,1
56,2120,1297.95,174.5,176.97,232.74,1,1,1,0
56,2122,331.56,222.85,117.42,132.1,1,1,1,0
56,2123,1729.15,75.72,292.25,375.08,1,1,1,0
57,2115,538.0,256.46,163.54,193.9,1,1,1,0
57,2116,750.77,160.32,179.68,198.67,1,1,1,0
57,2117,1390.7,32.97,482.96,530.97,1,1,1,1
57,2118,991.16,90.29,240.54,338.44,1,1,1,1
57,2119,25.79,249.77,386.51,393.96,1,1,1,1
57,2120,1296.75,174.14,177.16,232.75,1,1,1,0
57,2122,331.89,222.96,116.57,131.77,1,1,1,0
57,2123,1721.71,75.45,295.86,381.67,1,1,1,0
58,2115,545.56,262.09,163.11,193.96,1,1,1,0
58,2116,751.81,160.34,177.7,196.71,1,1,1,0
58,2117,1390.61,32.04,480.71,529.12,1,1,1,1
58,2118,993.89,93.36,238.47,336.05,1,1,1,1
58,2119,28.97,243.69,387.2,395.13,1,1,1,1
58,2120,1295.0,173.73,178.26,234.19,1,1,1,0
58,2122,332.64,223.0,115.42,131.03,1,1,1,0
58,2123,1715.31,74.95,303.07,393.81,1,1,1,0
59,2115,552.1,266.88,161.59,192.76,1,1,1,0
59,2116,751.88,160.26,176.61,195.67,1,1,1,0
59,2117,1388.83,33.35,476.72,525.08,1,1,1,1
59,2118,994.72,94.02,237.78,335.82,1,1,1,1
59,2119,32.26,241.89,383.86,391.05,1,1,1,1
59,2120,1293.94,173.49,177.94,233.6,1,1,1,0
59,2122,333.13,222.91,114.99,131.24,1,1,1,0
59,2123,1717.08,73.87,300.79,392.3,1,1,1,0
60,2115,556.15,270.95,161.85,193.46,1,1,1,0
60,2116,750.29,160.13,176.09,195.4,1,1,1,0
60,2117,1386.46,39.4,468.82,516.76,1,1,1,1
60,2118,995.88,97.44,235.55,332.94,1,1,1,1
60,2119,33.87,242.11,379.63,384.95,1,1,1,1
60,2120,1292.08,173.41,177.59,232.93,1,1,1,0
60,2122,333.27,222.78,114.92,131.81,1,1,1,0
60,2123,1722.32,72.99,294.27,384.72,1,1,1,0
61,2115,560.9,277.42,161.3,193.0,1,1,1,0
61,2116,748.99,160.59,175.58,195.8,1,1,1,0
61,2117,1384.87,46.95,462.22,509.5,1,1,1,1
61,2118,996.24,102.71,232.19,328.24,1,1,1,1
61,2119,42.22,248.61,368.01,370.61,1,1,1,1
61,2120,1289.54,173.2,176.4,231.64,1,1,1,0
61,2122,333.67,222.43,114.6,132.11,1,1,1,0
61,2123,1721.63,72.56,292.6,382.23,1,1,1,0
62,2115,564.07,282.01,161.13,192.71,1,1,1,0
62,2116,747.91,160.37,174.08,195.17,1,1,1,0
62,2117,1383.21,53.21,456.97,503.52,1,1,1,1
62,2118,995.52,106.16,230.01,324.98,1,1,1,1
62,2119,40.47,247.33,366.71,366.52,1,1,1,1
62,2120,1287.5,173.33,173.4,228.14,1,1,1,0
62,2122,333.91,222.5,114.31,132.42,1,1,1,0
62,2123,1718.36,70.98,296.55,387.02,1,1,1,0
63,2115,567.46,286.58,160.29,191.78,1,1,1,0
63,2116,747.08,162.19,170.29,191.65,1,1,1,0
63,2117,1381.43,56.65,452.44,498.76,1,1,1,1
63,2118,994.57,109.21,227.95,321.98,1,1,1,1
63,2119,39.36,247.05,367.27,364.68,1,1,1,1
63,2120,1285.77,173.29,172.67,227.69,1,1,1,0
63,2122,334.22,222.62,113.77,132.42,1,1,1,0
63,2123,1711.84,70.17,310.36,404.61,1,1,1,0
64,2115,570.4,289.95,158.67,189.81,1,1,1,0
64,2116,745.42,161.98,169.08,191.03,1,1,1,0
64,2117,1379.47,58.61,446.92,493.08,1,1,1,1
64,2118,992.56,111.09,227.11,320.5,1,1,1,1
64,2119,37.77,246.53,369.54,364.86,1,1,1,1
64,2120,1283.97,173.59,171.61,226.61,1,1,1,0
64,2122,334.52,222.57,113.2,132.31,1,1,1,0
64,2123,1704.15,66.98,340.21,446.99,1,1,1,0
65,2115,579.08,294.85,147.36,174.67,1,1,1,0
65,2116,742.16,161.69,165.9,187.83,1,1,1,0
65,2117,1373.27,62.81,438.15,483.45,1,1,1,1
65,2118,988.59,115.23,225.92,318.48,1,1,1,1
65,2119,35.62,246.54,374.84,369.0,1,1,1,1
65,2120,1281.47,174.01,171.75,226.9,1,1,1,0
65,2122,335.01,222.55,112.23,131.67,1,1,1,0
65,2123,1710.07,69.59,317.19,417.45,1,1,1,0
66,2115,583.63,297.7,142.25,167.22,1,1,1,0
66,2116,740.44,162.99,163.29,185.44,1,1,1,0
66,2117,1369.33,65.14,430.13,474.67,1,1,1,1
66,2118,985.0,118.32,224.78,316.57,1,1,1,1
66,2119,32.28,244.94,381.95,375.38,1,1,1,1
66,2120,1279.42,173.58,169.37,224.02,1,1,1,0
66,2122,335.27,222.64,111.33,130.92,1,1,1,0
66,2123,1720.6,70.96,293.16,384.76,1,1,1,0
67,2115,586.45,299.38,139.58,162.59,1,1,1,0
67,2116,738.9,163.27,162.55,185.2,1,1,1,0
67,2117,1364.67,69.88,424.01,467.98,1,1,1,1
67,2118,980.58,119.7,224.07,315.01,1,1,1,1
67,2119,29.93,242.36,388.73,382.17,1,1,1,1
67,2120,1276.77,172.92,167.55,222.03,1,1,1,0
67,2122,335.06,222.78,110.8,130.33,1,1,1,0
67,2123,1724.54,76.27,277.77,363.59,1,1,1,0
68,2115,589.01,300.44,137.48,158.56,1,1,1,0
68,2116,738.87,163.97,159.65,182.14,1,1,1,0
68,2117,1359.28,76.92,418.01,461.89,1,1,1,1
68,2118,974.88,119.43,223.88,314.58,1,1,1,1
68,2119,29.66,241.77,392.89,386.72,1,1,1,1
68,2120,1274.02,172.68,165.71,220.1,1,1,1,0
68,2122,335.13,222.83,110.3,129.71,1,1,1,0
68,2123,1722.13,76.88,273.44,357.59,1,1,1,0
69,2115,591.32,300.57,135.49,154.65,1,1,1,0
69,2116,737.83,167.05,155.07,176.8,1,1,1,0
69,2117,1348.21,84.39,414.81,459.27,1,1,1,1
69,2118,965.11,118.25,222.35,312.26,1,1,1,1
69,2119,33.97,246.31,393.2,388.03,1,1,1,1
69,2120,1269.53,172.6,167.3,223.21,1,1,1,0
69,2122,335.64,222.84,108.76,127.69,1,1,1,0
69,2123,1718.42,74.68,274.46,357.38,1,1,1,0
70,2115,592.37,299.96,134.67,152.23,1,1,1,0
70,2116,736.97,169.2,151.15,171.63,1,1,1,0
70,2117,1339.95,89.06,410.98,456.03,1,1,1,1
70,2118,957.15,117.14,221.62,311.25,1,1,1,1
70,2119,36.15,247.26,393.18,388.49,1,1,1,1
70,2120,1267.35,172.37,165.86,222.19,1,1,1,0
70,2122,335.55,222.75,108.35,127.03,1,1,1,0
70,2123,1717.46,73.08,274.17,356.0,1,1,1,0
71,2115,593.12,298.61,134.62,150.65,1,1,1,0
71,2116,736.44,171.89,148.64,167.87,1,1,1,0
71,2117,1336.75,94.09,405.39,449.74,1,1,1,1
71,2118,950.46,116.87,220.18,309.12,1,1,1,1
71,2119,41.26,247.62,390.86,386.64,1,1,1,1
71,2120,1265.96,172.1,163.45,219.82,1,1,1,0
71,2122,335.39,222.81,108.05,126.29,1,1,1,0
71,2123,1717.05,72.21,272.73,352.49,1,1,1,0
72,2115,593.42,297.2,134.74,149.38,1,1,1,0
72,2116,735.82,173.76,147.06,165.06,1,1,1,0
72,2117,1335.2,99.05,399.67,442.29,1,1,1,1
72,2118,944.52,116.98,218.72,307.12,1,1,1,1
72,2119,48.88,250.63,384.56,380.63,1,1,1,1
72,2120,1264.25,172.41,160.31,215.93,1,1,1,0
72,2122,334.65,222.74,108.92,127.14,1,1,1,0
72,2123,1718.82,73.54,268.51,345.64,1,1,1,0
73,2115,593.98,294.38,135.52,149.02,1,1,1,0
73,2116,735.18,177.45,145.8,162.5,1,1,1,0
73,2117,1330.67,110.55,386.5,426.05,1,1,1,1
73,2118,935.98,116.68,218.26,306.53,1,1,1,1
73,2119,47.73,246.06,381.52,375.62,1,1,1,1
73,2120,1262.41,171.52,158.51,213.7,1,1,1,0
73,2122,334.55,222.81,109.29,127.56,1,1,1,0
73,2123,1721.81,78.83,265.69,340.69,1,1,1,0
74,2115,594.12,292.48,136.78,149.39,1,1,1,0
74,2116,733.82,178.86,146.1,161.97,1,1,1,0
74,2117,1324.78,116.17,382.41,419.73,1,1,1,1
74,2118,930.52,116.74,218.12,306.77,1,1,1,1
74,2119,46.2,242.13,379.73,371.34,1,1,1,1
74,2120,1261.17,171.2,157.54,212.5,1,1,1,0
74,2122,334.66,222.93,109.55,128.03,1,1,1,0
74,2123,1724.64,79.88,266.18,341.34,1,1,1,0
75,2115,593.91,290.54,137.41,149.21,1,1,1,0
75,2116,733.93,180.43,144.28,158.72,1,1,1,0
75,2117,1316.06,120.47,381.54,417.65,1,1,1,1
75,2118,925.6,117.83,217.76,306.81,1,1,1,1
75,2119,44.35,239.86,378.02,366.56,1,1,1,1
75,2120,1259.85,170.59,155.88,210.8,1,1,1,0
75,2122,334.23,222.68,110.2,128.91,1,1,1,0
75,2123,1721.5,79.96,271.6,347.02,1,1,1,0
76,2115,594.0,290.0,138.77,150.02,1,1,1,0
76,2116,733.13,181.97,143.79,157.01,1,1,1,0
76,2117,1306.39,123.18,381.71,418.82,1,1,1,1
76,2118,921.25,119.11,217.39,306.57,1,1,1,1
76,2119,39.89,236.82,380.0,365.21,1,1,1,1
76,2120,1258.9,169.87,154.76,209.7,1,1,1,0
76,2122,334.42,222.59,109.76,128.46,1,1,1,0
76,2123,1711.43,80.08,275.5,347.73,1,1,1,0
77,2115,594.05,288.99,140.73,151.58,1,1,1,0
77,2116,732.68,182.88,142.41,154.24,1,1,1,0
77,2117,1296.04,129.24,379.74,419.85,1,1,1,1
77,2118,913.61,122.21,216.04,304.47,1,1,1,1
77,2119,38.3,235.02,381.48,363.86,1,1,1,1
77,2120,1259.19,168.41,154.85,210.34,1,1,1,0
77,2122,334.87,222.65,109.23,127.98,1,1,1,0
77,2123,1713.04,78.21,279.0,350.38,1,1,1,0
78,2115,594.97,288.0,141.15,151.42,1,1,1,0
78,2116,731.86,183.25,142.51,153.22,1,1,1,0
78,2117,1289.81,132.32,376.28,419.0,1,1,1,1
78,2118,908.81,123.0,215.75,304.47,1,1,1,1
78,2119,36.7,234.48,384.64,364.71,1,1,1,1
78,2120,1258.52,169.58,153.41,208.92,1,1,1,0
78,2122,334.81,222.57,109.1,127.91,1,1,1,0
78,2123,1711.44,77.81,281.63,351.53,1,1,1,0
79,2115,596.47,287.03,140.47,150.2,1,1,1,0
79,2116,730.97,183.54,143.02,152.72,1,1,1,0
79,2117,1285.53,133.79,373.07,417.73,1,1,1,1
79,2118,904.32,123.75,215.81,305.01,1,1,1,1
79,2119,36.53,235.62,387.16,365.58,1,1,1,1
79,2120,1256.99,171.34,149.17,204.31,1,1,1,0
79,2122,334.3,222.65,109.64,128.58,1,1,1,0
79,2123,1709.43,77.05,283.93,352.2,1,1,1,0
80,2115,596.68,285.47,140.81,150.18,1,1,1,0
80,2116,729.5,183.8,143.97,152.83,1,1,1,0
80,2117,1279.29,132.97,372.13,419.0,1,1,1,1
80,2118,900.68,124.7,216.12,305.95,1,1,1,1
80,2119,34.86,236.18,392.03,369.83,1,1,1,1
80,2120,1257.27,172.82,146.04,200.81,1,1,1,0
80,2122,334.48,222.87,109.49,128.44,1,1,1,0
80,2123,1712.08,76.18,284.42,351.9,1,1,1,0
81,2115,597.47,282.19,141.81,151.31,1,1,1,0
81,2116,727.64,184.56,145.41,153.64,1,1,1,0
81,2117,1269.73,133.71,370.78,419.59,1,1,1,1
81,2118,896.61,125.61,216.43,307.13,1,1,1,1
81,2119,35.26,236.12,401.22,381.29,1,1,1,1
81,2122,333.61,222.86,109.74,128.68,1,1,1,0
81,2123,1712.98,78.44,283.28,349.61,1,1,1,0
82,2115,597.49,279.49,143.25,153.05,1,1,1,0
82,2116,726.47,184.8,146.21,153.8,1,1,1,0
82,2117,1262.32,133.86,368.91,419.91,1,1,1,1
82,2118,893.87,125.87,216.92,308.64,1,1,1,1
82,2119,33.99,236.51,406.12,389.15,1,1,1,1
82,2122,333.31,222.65,109.77,128.58,1,1,1,0
82,2123,1714.67,80.3,283.38,348.98,1,1,1,0
83,2115,598.19,277.3,144.29,154.53,1,1,1,0
83,2116,725.54,184.76,146.77,153.61,1,1,1,0
83,2117,1253.94,133.59,368.8,422.92,1,1,1,1
83,2118,892.67,125.84,216.99,309.52,1,1,1,1
83,2119,32.88,239.23,407.73,393.9,1,1,1,1
83,2122,332.13,222.28,111.15,130.23,1,1,1,0
83,2123,1712.89,81.79,286.67,351.97,1,1,1,0
84,2115,599.27,275.32,143.77,154.3,1,1,1,0
84,2116,724.98,184.8,147.49,153.69,1,1,1,0
84,2117,1250.08,133.29,367.56,425.01,1,1,1,1
84,2118,892.26,124.89,217.26,310.56,1,1,1,1
84,2119,29.68,238.13,414.23,404.52,1,1,1,1
84,2122,330.57,221.94,112.3,131.44,1,1,1,0
84,2123,1705.66,81.74,291.51,355.3,1,1,1,0
85,2115,600.21,271.82,144.59,155.82,1,1,1,0
85,2116,725.87,184.19,148.04,153.76,1,1,1,0
85,2117,1240.58,129.9,369.43,431.42,1,1,1,1
85,2118,890.77,123.91,217.95,311.94,1,1,1,1
85,2119,33.46,240.94,414.0,408.79,1,1,1,1
85,2122,331.99,222.01,109.54,127.74,1,1,1,0
85,2123,1702.12,81.02,294.96,356.28,1,1,1,0
86,2115,600.62,268.96,144.71,156.39,1,1,1,0
86,2116,726.34,182.94,149.63,155.02,1,1,1,0
86,2117,1236.51,127.86,368.46,434.56,1,1,1,1
86,2118,890.48,123.32,217.94,312.27,1,1,1,1
86,2119,38.96,240.47,408.74,407.19,1,1,1,1
86,2122,331.11,221.84,111.34,129.72,1,1,1,0
86,2123,1701.94,82.42,295.6,354.36,1,1,1,0
87,2115,600.52,266.54,145.17,157.41,1,1,1,0
87,2116,727.43,182.25,150.85,155.72,1,1,1,0
87,2117,1236.71,128.51,363.58,433.49,1,1,1,1
87,2118,889.2,121.99,218.93,314.07,1,1,1,1
87,2119,45.97,239.69,399.13,399.53,1,1,1,1
87,2122,329.85,221.78,113.49,132.24,1,1,1,0
87,2123,1703.03,84.83,293.59,349.15,1,1,1,0
87,2124,1509.2,302.42,128.54,169.11,1,1,1,0
88,2115,598.62,263.1,147.42,160.16,1,1,1,0
88,2116,729.26,180.58,152.48,157.6,1,1,1,0
88,2117,1234.97,127.72,361.17,434.86,1,1,1,1
88,2118,888.45,120.09,219.28,314.75,1,1,1,1
88,2119,51.64,238.89,390.49,391.82,1,1,1,1
88,2122,330.79,221.86,112.29,130.52,1,1,1,0
88,2123,1705.22,84.02,292.53,346.69,1,1,1,0
88,2124,1510.02,302.52,128.02,168.37,1,1,1,0
89,2115,595.8,256.73,148.25,161.2,1,1,1,0
89,2116,728.13,179.45,157.54,163.77,1,1,1,0
89,2117,1239.34,127.18,360.22,437.96,1,1,1,1
89,2118,888.36,117.18,219.21,314.99,1,1,1,1
89,2119,57.34,239.0,381.59,382.46,1,1,1,1
89,2122,332.48,221.79,109.98,127.15,1,1,1,0
89,2123,1718.61,82.5,287.84,342.6,1,1,1,0
89,2124,1510.22,302.78,126.11,165.77,1,1,1,0
90,2115,593.7,251.99,148.38,161.18,1,1,1,0
90,2116,729.02,179.81,159.15,166.49,1,1,1,0
90,2117,1243.62,125.75,358.21,439.13,1,1,1,1
90,2118,888.26,114.89,219.53,315.86,1,1,1,1
90,2119,62.21,240.15,375.2,375.21,1,1,1,1
90,2122,332.72,221.67,109.92,126.58,1,1,1,0
90,2123,1730.49,81.41,283.62,339.8,1,1,1,0
90,2124,1506.0,301.61,128.58,168.75,1,1,1,0
91,2115,591.07,248.49,149.08,161.95,1,1,1,0
91,2116,729.19,177.89,164.04,173.52,1,1,1,0
91,2117,1245.05,122.01,358.22,441.93,1,1,1,1
91,2118,887.05,113.54,219.77,316.07,1,1,1,1
91,2119,63.92,239.87,372.63,371.84,1,1,1,1
91,2122,332.8,221.52,109.91,126.07,1,1,1,0
91,2123,1737.58,79.89,279.84,337.7,1,1,1,0
91,2124,1502.34,301.99,130.54,170.94,1,1,1,0
92,2115,587.47,245.28,149.58,162.23,1,1,1,0
92,2116,730.86,175.99,167.35,179.09,1,1,1,0
92,2117,1246.64,117.8,359.61,445.75,1,1,1,1
92,2118,886.1,112.16,220.2,316.63,1,1,1,1
92,2119,64.88,240.77,371.84,370.44,1,1,1,1
92,2122,332.54,221.47,110.5,126.29,1,1,1,0
92,2123,1743.55,82.13,271.64,330.15,1,1,1,0
92,2124,1502.98,304.35,129.18,168.85,1,1,1,0
93,2115,585.71,242.37,147.19,159.14,1,1,1,0
93,2116,736.72,173.71,169.82,183.35,1,1,1,0
93,2117,1250.33,113.83,362.14,450.73,1,1,1,1
93,2118,883.58,108.09,221.66,318.82,1,1,1,1
93,2119,63.47,242.91,373.67,372.58,1,1,1,1
93,2122,332.77,221.56,110.06,125.29,1,1,1,0
93,2123,1750.19,85.2,267.64,326.78,1,1,1,0
93,2124,1510.98,309.08,123.36,161.26,1,1,1,0
94,2115,583.88,240.39,148.05,159.95,1,1,1,0
94,2116,743.6,171.28,172.43,187.08,1,1,1,0
94,2117,1251.06,111.55,364.63,455.35,1,1,1,1
94,2118,880.05,104.7,223.52,321.51,1,1,1,1
94,2119,61.54,243.71,376.0,375.83,1,1,1,1
94,2122,332.97,221.59,109.69,124.32,1,1,1,0
94,2123,1754.18,88.04,261.28,320.48,1,1,1,0
94,2124,1517.25,311.6,118.01,154.3,1,1,1,0
95,2115,583.92,239.74,146.77,158.25,1,1,1,0
95,2116,749.28,169.38,172.77,188.27,1,1,1,0
95,2117,1252.03,110.41,365.95,458.92,1,1,1,1
95,2118,877.4,103.15,224.61,322.8,1,1,1,1
95,2119,59.84,243.0,379.55,381.27,1,1,1,1
95,2122,333.23,221.71,109.98,124.27,1,1,1,0
95,2123,1756.53,90.48,258.6,318.24,1,1,1,0
95,2124,1518.74,312.01,115.87,151.5,1,1,1,0
95,2125,1635.21,367.88,109.89,109.93,1,1,1,0
96,2115,584.41,239.4,146.4,157.61,1,1,1,0
96,2116,752.47,169.65,171.55,188.26,1,1,1,0
96,2117,1249.87,110.01,368.46,463.78,1,1,1,1
96,2118,874.03,102.03,225.93,324.45,1,1,1,1
96,2119,58.31,241.23,383.21,388.0,1,1,1,1
96,2122,332.85,221.95,111.03,125.27,1,1,1,0
96,2123,1755.41,89.64,259.8,320.85,1,1,1,0
96,2124,1521.03,312.93,113.2,147.7,1,1,1,0
96,2125,1633.75,368.15,110.58,110.67,1,1,1,0
97,2115,585.71,239.56,146.67,157.77,1,1,1,0
97,2116,758.48,170.28,168.42,186.11,1,1,1,0
97,2117,1243.84,110.48,378.37,480.15,1,1,1,1
97,2118,871.22,100.76,227.27,326.53,1,1,1,1
97,2119,60.84,242.62,384.07,392.82,1,1,1,1
97,2122,333.69,221.84,110.27,124.06,1,1,1,0
97,2123,1750.09,85.1,265.1,328.51,1,1,1,0
97,2124,1516.33,311.34,116.6,151.43,1,1,1,0
97,2125,1632.13,368.25,111.21,111.39,1,1,1,0
98,2115,587.06,240.1,147.27,158.63,1,1,1,0
98,2116,763.7,171.24,165.94,184.72,1,1,1,0
98,2117,1243.36,109.8,384.83,493.21,1,1,1,1
98,2118,870.48,100.13,228.04,327.88,1,1,1,1
98,2119,63.41,243.35,382.82,395.21,1,1,1,1
98,2122,334.07,221.8,109.84,123.21,1,1,1,0
98,2123,1742.54,84.27,268.57,333.9,1,1,1,0
98,2124,1515.96,311.15,116.81,150.79,1,1,1,0
98,2125,1631.74,368.04,111.22,111.59,1,1,1,0
99,2115,586.23,240.48,152.0,164.62,1,1,1,0
99,2116,766.09,173.02,164.77,185.33,1,1,1,0
99,2117,1248.93,110.54,385.27,497.95,1,1,1,1
99,2118,869.83,100.13,228.45,328.54,1,1,1,1
99,2119,65.28,243.42,380.29,395.49,1,1,1,1
99,2122,334.46,221.89,109.18,122.01,1,1,1,0
99,2123,1732.8,82.37,274.05,340.35,1,1,1,0
99,2124,1523.0,316.52,109.01,140.07,1,1,1,0
99,2125,1630.21,367.54,112.37,112.94,1,1,1,0
100,2115,583.9,240.36,159.18,174.22,1,1,1,0
100,2116,769.48,173.5,163.12,185.32,1,1,1,0
100,2117,1260.22,112.43,384.51,499.6,1,1,1,1
100,2118,869.73,100.18,228.44,328.76,1,1,1,1
100,2119,66.87,243.44,377.11,394.35,1,1,1,1
100,2122,333.72,221.92,110.29,122.98,1,1,1,0
100,2123,1730.96,84.9,273.95,339.74,1,1,1,0
100,2125,1628.96,367.57,112.59,113.38,1,1,1,0
101,2115,585.18,239.77,161.65,178.64,1,1,1,0
101,2116,775.51,172.31,162.31,186.06,1,1,1,0
101,2117,1274.5,109.04,378.55,493.97,1,1,1,1
101,2118,870.33,100.25,228.08,328.0,1,1,1,1
101,2119,71.0,247.51,368.88,386.62,1,1,1,1
101,2122,333.46,222.03,110.68,123.05,1,1,1,0
101,2123,1727.9,79.93,280.22,347.03,1,1,1,0
101,2125,1626.87,367.59,114.37,115.59,1,1,1,0
102,2115,585.44,239.5,163.88,182.95,1,1,1,0
102,2116,779.5,172.26,160.79,185.91,1,1,1,0
102,2117,1289.24,104.49,376.68,494.1,1,1,1,1
102,2118,870.95,99.81,228.06,327.78,1,1,1,1
102,2119,74.91,252.35,361.08,378.74,1,1,1,1
102,2122,333.15,222.17,111.23,123.39,1,1,1,0
102,2123,1723.35,81.4,279.97,346.01,1,1,1,0
102,2125,1628.17,367.8,112.57,114.33,1,1,1,0
102,2120,1240.23,162.69,173.81,232.12,1,1,1,0
103,2115,586.16,239.43,164.65,185.73,1,1,1,0
103,2116,781.07,174.23,159.87,187.01,1,1,1,0
103,2117,1300.64,98.64,376.83,496.01,1,1,1,1
103,2118,871.6,98.68,228.93,328.66,1,1,1,1
103,2119,75.38,253.93,357.79,375.59,1,1,1,1
103,2122,332.96,222.23,111.59,123.53,1,1,1,0
103,2123,1705.45,82.88,286.83,350.63,1,1,1,0
103,2125,1630.25,367.48,110.46,113.0,1,1,1,0
103,2120,1230.8,171.63,168.45,227.06,1,1,1,0
104,2115,587.95,239.54,163.45,186.05,1,1,1,0
104,2116,783.53,174.39,159.54,188.19,1,1,1,0
104,2117,1316.17,94.28,374.83,494.65,1,1,1,1
104,2118,872.14,96.3,230.32,330.56,1,1,1,1
104,2119,75.46,254.38,357.01,375.76,1,1,1,1
104,2122,333.44,222.34,111.4,123.09,1,1,1,0
104,2123,1706.24,83.05,290.19,353.72,1,1,1,0
104,2120,1227.44,173.21,169.68,229.08,1,1,1,0
105,2115,590.93,239.43,161.91,185.69,1,1,1,0
105,2116,787.47,174.45,157.16,186.82,1,1,1,0
105,2117,1335.59,91.69,373.7,494.02,1,1,1,1
105,2118,877.33,95.64,228.87,328.67,1,1,1,1
105,2119,77.35,258.4,354.27,374.36,1,1,1,1
105,2122,332.95,222.39,112.69,124.53,1,1,1,0
105,2123,1707.88,81.14,292.11,355.84,1,1,1,0
105,2120,1225.17,174.18,171.04,229.81,1,1,1,0
106,2115,592.93,239.42,160.93,185.88,1,1,1,0
106,2116,790.09,173.78,156.18,186.76,1,1,1,0
106,2117,1347.88,89.89,372.55,493.19,1,1,1,1
106,2118,879.87,95.52,228.04,327.42,1,1,1,1
106,2119,73.97,258.17,355.79,377.17,1,1,1,1
106,2122,333.29,222.6,112.9,124.87,1,1,1,0
106,2123,1702.59,81.6,304.81,371.61,1,1,1,0
106,2120,1224.21,174.74,171.85,229.45,1,1,1,0
107,2115,594.13,239.05,160.23,186.28,1,1,1,0
107,2116,791.61,173.82,154.54,185.81,1,1,1,0
107,2117,1355.88,87.09,372.88,493.79,1,1,1,1
107,2118,881.41,95.22,228.15,327.43,1,1,1,1
107,2119,71.79,256.54,358.06,381.34,1,1,1,1
107,2122,333.61,222.58,112.2,123.91,1,1,1,0
107,2123,1673.4,85.09,365.59,450.71,1,1,1,0
107,2120,1223.77,175.13,172.02,227.68,1,1,1,0
108,2115,595.7,238.65,159.64,186.67,1,1,1,0
108,2116,792.98,173.24,153.72,185.63,1,1,1,0
108,2117,1361.05,85.71,372.93,494.74,1,1,1,1
108,2118,883.22,95.73,228.11,326.62,1,1,1,1
108,2119,75.83,261.05,353.95,378.56,1,1,1,1
108,2122,333.66,222.57,112.07,123.54,1,1,1,0
108,2123,1675.84,82.18,355.72,440.48,1,1,1,0
108,2120,1222.85,175.46,173.68,227.57,1,1,1,0
109,2115,597.14,237.53,159.06,186.96,1,1,1,0
109,2116,792.81,172.33,153.79,186.45,1,1,1,0
109,2117,1367.59,87.54,371.19,492.55,1,1,1,1
109,2118,887.28,96.56,228.49,327.1,1,1,1,1
109,2119,77.81,263.22,349.92,374.61,1,1,1,1
109,2122,333.79,222.76,112.18,123.61,1,1,1,0
109,2123,1686.86,75.44,331.6,410.03,1,1,1,0
109,2120,1221.58,175.76,175.05,227.11,1,1,1,0
110,2115,597.77,236.93,158.61,187.21,1,1,1,0
110,2116,791.9,172.39,152.97,186.34,1,1,1,0
110,2117,1372.35,88.91,370.2,491.66,1,1,1,1
110,2118,890.09,97.09,228.41,326.88,1,1,1,1
110,2119,75.05,258.68,351.6,376.44,1,1,1,1
110,2122,333.72,222.84,112.46,123.84,1,1,1,0
110,2123,1678.21,71.57,348.2,432.8,1,1,1,0
110,2120,1221.39,176.06,176.65,226.52,1,1,1,0
111,2115,598.92,236.83,158.13,187.36,1,1,1,0
111,2116,791.65,172.52,152.31,186.19,1,1,1,0
111,2117,1376.1,88.99,370.18,491.78,1,1,1,1
111,2118,892.59,97.71,227.83,325.99,1,1,1,1
111,2119,74.72,257.45,350.63,375.45,1,1,1,1
111,2122,333.75,222.86,112.45,123.73,1,1,1,0
111,2123,1669.13,69.9,364.56,457.28,1,1,1,0
111,2120,1219.71,176.15,178.55,226.68,1,1,1,0
112,2115,599.65,235.93,158.08,188.07,1,1,1,0
112,2116,790.25,173.17,151.38,185.72,1,1,1,0
112,2117,1380.5,89.96,368.48,489.3,1,1,1,1
112,2118,894.14,97.26,227.92,325.95,1,1,1,1
112,2119,69.75,251.46,352.96,376.59,1,1,1,1
112,2122,333.96,222.87,112.44,123.69,1,1,1,0
112,2123,1666.94,69.94,351.44,441.86,1,1,1,0
112,2120,1219.08,176.57,180.91,227.13,1,1,1,0
113,2115,600.89,235.41,157.47,188.1,1,1,1,0
113,2116,787.7,173.02,151.76,186.53,1,1,1,0
113,2117,1387.56,90.36,366.13,485.93,1,1,1,1
113,2118,893.76,96.71,228.97,327.52,1,1,1,1
113,2119,64.86,248.21,355.42,377.64,1,1,1,1
113,2122,334.34,222.77,112.22,123.38,1,1,1,0
113,2123,1661.41,65.57,366.54,463.56,1,1,1,0
113,2120,1217.02,176.32,184.31,229.28,1,1,1,0
114,2115,601.97,235.14,157.14,188.37,1,1,1,0
114,2116,786.32,172.77,151.88,186.82,1,1,1,0
114,2117,1394.39,87.95,364.41,484.65,1,1,1,1
114,2118,892.66,95.71,230.4,329.7,1,1,1,1
114,2119,62.54,248.28,357.36,378.74,1,1,1,1
114,2122,333.96,222.83,112.78,123.96,1,1,1,0
114,2123,1667.94,62.71,353.47,446.35,1,1,1,0
114,2120,1216.29,176.01,186.73,229.68,1,1,1,0
115,2115,602.6,234.87,156.32,188.04,1,1,1,0
115,2116,784.3,172.28,152.48,187.52,1,1,1,0
115,2117,1398.58,86.98,363.27,483.66,1,1,1,1
115,2118,892.48,95.45,231.18,331.21,1,1,1,1
115,2119,61.15,247.63,361.68,382.24,1,1,1,1
115,2122,333.91,222.65,112.79,123.98,1,1,1,0
115,2123,1672.98,58.35,338.79,426.55,1,1,1,0
115,2120,1216.81,176.08,187.69,227.62,1,1,1,0
116,2115,603.53,234.78,155.16,187.09,1,1,1,0
116,2116,782.81,172.29,153.35,188.17,1,1,1,0
116,2117,1403.37,89.64,359.14,477.51,1,1,1,1
116,2118,892.2,94.57,232.63,333.95,1,1,1,1
116,2119,64.74,247.11,363.06,382.67,1,1,1,1
116,2122,334.32,222.58,112.73,123.99,1,1,1,0
116,2123,1676.94,62.19,327.62,412.15,1,1,1,0
116,2120,1216.69,176.09,189.13,226.23,1,1,1,0
117,2115,605.74,234.78,154.31,186.31,1,1,1,0
117,2116,779.05,171.21,156.86,192.08,1,1,1,0
117,2117,1409.51,91.68,356.46,473.4,1,1,1,1
117,2118,893.33,94.55,233.81,336.45,1,1,1,1
117,2119,78.46,247.53,357.32,375.46,1,1,1,1
117,2122,334.7,222.75,112.25,123.6,1,1,1,0
117,2123,1680.46,64.48,321.09,403.47,1,1,1,0
117,2120,1215.04,176.49,192.92,228.09,1,1,1,0
118,2115,608.69,234.49,151.51,182.7,1,1,1,0
118,2116,775.35,171.5,158.03,193.24,1,1,1,0
118,2117,1414.69,92.06,354.07,468.28,1,1,1,1
118,2118,894.84,93.96,234.4,337.97,1,1,1,1
118,2119,83.21,244.3,356.38,372.91,1,1,1,1
118,2122,334.65,222.52,112.44,123.95,1,1,1,0
118,2123,1681.78,66.98,318.74,401.43,1,1,1,0
118,2120,1213.79,176.63,194.82,227.99,1,1,1,0
119,2115,612.87,234.61,145.65,174.7,1,1,1,0
119,2116,771.98,171.42,158.43,193.46,1,1,1,0
119,2117,1419.98,93.52,350.87,460.9,1,1,1,1
119,2118,896.44,93.06,234.89,339.6,1,1,1,1
119,2119,84.85,240.02,358.61,373.88,1,1,1,1
119,2122,336.33,222.43,109.1,119.9,1,1,1,0
119,2123,1678.5,67.02,312.65,395.96,1,1,1,0
119,2120,1212.12,176.68,196.73,227.94,1,1,1,0
120,2115,616.56,234.88,139.92,166.21,1,1,1,0
120,2116,769.81,171.69,158.81,193.21,1,1,1,0
120,2117,1419.55,90.44,352.45,459.43,1,1,1,1
120,2118,898.6,92.54,235.06,340.57,1,1,1,1
120,2119,90.15,234.55,362.05,377.55,1,1,1,1
120,2122,337.61,222.6,107.35,117.76,1,1,1,0
120,2123,1680.0,66.55,309.81,394.41,1,1,1,0
120,2120,1208.46,177.28,197.17,227.12,1,1,1,0
121,2115,618.66,235.2,138.7,163.35,1,1,1,0
121,2116,766.74,170.71,161.11,194.78,1,1,1,0
121,2117,1423.02,90.91,350.24,451.34,1,1,1,1
121,2118,901.85,93.55,234.94,340.9,1,1,1,1
121,2119,99.68,233.24,361.15,375.67,1,1,1,1
121,2122,337.15,222.66,108.98,119.81,1,1,1,0
121,2123,1681.25,66.78,312.32,398.68,1,1,1,0
121,2120,1204.32,177.9,197.69,226.41,1,1,1,0
122,2115,619.13,235.22,139.57,163.11,1,1,1,0
122,2116,763.74,170.54,161.78,194.16,1,1,1,0
122,2117,1424.14,91.8,349.39,445.48,1,1,1,1
122,2118,903.7,93.95,235.16,341.78,1,1,1,1
122,2119,108.79,232.31,357.93,371.07,1,1,1,1
122,2122,336.19,222.39,110.74,122.07,1,1,1,0
122,2123,1683.91,66.38,315.34,403.39,1,1,1,0
122,2120,1202.89,178.12,198.07,225.34,1,1,1,0
123,2115,619.25,235.64,140.92,163.49,1,1,1,0
123,2116,760.06,170.78,162.41,193.6,1,1,1,0
123,2117,1424.03,93.05,349.79,441.11,1,1,1,1
123,2118,906.18,94.61,235.53,342.57,1,1,1,1
123,2119,118.73,233.52,351.48,362.64,1,1,1,1
123,2122,336.04,222.38,110.96,122.63,1,1,1,0
123,2123,1683.43,67.93,313.15,402.09,1,1,1,0
123,2120,1201.77,178.8,197.45,222.94,1,1,1,0
124,2115,618.66,235.81,142.62,164.5,1,1,1,0
124,2116,756.07,170.78,163.17,193.47,1,1,1,0
124,2117,1422.62,95.63,350.77,437.71,1,1,1,1
124,2118,907.54,93.97,236.31,344.13,1,1,1,1
124,2119,125.51,234.85,345.27,353.87,1,1,1,1
124,2122,335.86,222.38,110.49,122.26,1,1,1,0
124,2123,1674.24,72.62,308.01,398.49,1,1,1,0
124,2120,1199.78,179.44,197.64,221.64,1,1,1,0
125,2115,619.27,237.08,142.12,163.33,1,1,1,0
125,2116,748.69,169.79,164.18,193.8,1,1,1,0
125,2117,1418.26,99.1,352.1,435.67,1,1,1,1
125,2118,909.33,94.33,236.32,344.28,1,1,1,1
125,2119,125.5,236.4,343.14,350.08,1,1,1,1
125,2122,334.84,222.48,110.63,122.61,1,1,1,0
125,2123,1671.74,72.08,321.81,416.83,1,1,1,0
125,2120,1197.2,179.06,197.87,220.97,1,1,1,0
126,2115,618.82,238.56,141.61,162.53,1,1,1,0
126,2116,744.0,169.33,163.72,192.22,1,1,1,0
126,2117,1413.21,103.29,352.82,432.93,1,1,1,1
126,2118,910.64,95.37,235.71,343.21,1,1,1,1
126,2119,125.42,235.89,341.44,347.26,1,1,1,1
126,2122,334.15,222.52,110.47,122.74,1,1,1,0
126,2123,1670.91,72.17,331.49,430.16,1,1,1,0
126,2120,1195.36,179.11,198.58,221.34,1,1,1,0
127,2115,618.87,240.11,140.12,160.68,1,1,1,0
127,2116,738.82,169.36,164.94,192.6,1,1,1,0
127,2117,1407.87,105.22,355.02,432.44,1,1,1,1
127,2118,911.16,94.77,236.11,343.76,1,1,1,1
127,2119,131.58,238.75,335.64,341.89,1,1,1,1
127,2122,333.5,222.53,110.42,122.99,1,1,1,0
127,2123,1672.2,71.8,321.12,416.48,1,1,1,0
127,2120,1193.44,179.32,199.82,223.09,1,1,1,0
128,2115,618.13,240.78,140.23,160.94,1,1,1,0
128,2116,734.45,169.48,166.47,193.23,1,1,1,0
128,2117,1402.01,108.41,355.47,430.07,1,1,1,1
128,2118,911.67,94.45,236.31,343.65,1,1,1,1
128,2119,139.85,240.65,328.88,336.77,1,1,1,1
128,2122,333.22,222.54,109.28,121.89,1,1,1,0
128,2123,1676.31,70.84,306.7,398.12,1,1,1,0
128,2120,1193.07,179.19,199.67,223.77,1,1,1,0
129,2115,615.87,240.52,141.79,162.98,1,1,1,0
129,2116,730.16,169.43,166.95,192.17,1,1,1,0
129,2117,1395.34,109.55,356.54,429.3,1,1,1,1
129,2118,911.77,93.63,237.26,343.48,1,1,1,1
129,2119,140.88,238.83,323.83,335.5,1,1,1,1
129,2122,333.38,222.64,107.13,119.57,1,1,1,0
129,2123,1675.91,74.31,311.73,404.12,1,1,1,0
129,2120,1192.46,179.23,199.46,224.72,1,1,1,0
130,2115,613.74,240.0,141.76,163.37,1,1,1,0
130,2116,726.25,168.92,168.75,192.66,1,1,1,0
130,2117,1389.1,109.41,358.03,428.61,1,1,1,1
130,2118,909.4,94.92,237.56,340.61,1,1,1,1
130,2119,142.08,237.35,320.63,336.76,1,1,1,1
130,2122,333.2,222.48,105.62,117.9,1,1,1,0
130,2123,1675.63,75.16,312.28,404.71,1,1,1,0
130,2120,1192.63,179.14,197.88,223.99,1,1,1,0
131,2115,611.69,239.4,140.42,162.36,1,1,1,0
131,2116,721.77,168.54,170.89,193.83,1,1,1,0
131,2117,1384.09,109.01,359.21,427.35,1,1,1,1
131,2118,907.7,95.21,238.38,338.9,1,1,1,1
131,2119,143.12,236.61,319.98,341.14,1,1,1,1
131,2122,333.04,222.21,104.08,116.09,1,1,1,0
131,2123,1682.71,75.06,309.31,400.75,1,1,1,0
131,2120,1192.87,179.0,197.41,224.61,1,1,1,0
132,2115,609.04,238.76,139.49,161.99,1,1,1,0
132,2116,718.07,168.6,172.75,194.27,1,1,1,0
132,2117,1380.29,108.11,360.4,426.27,1,1,1,1
132,2118,907.5,99.02,236.93,333.76,1,1,1,1
132,2119,148.12,239.14,316.94,342.86,1,1,1,1
132,2122,330.15,221.82,106.77,119.16,1,1,1,0
132,2123,1687.01,73.5,306.62,395.75,1,1,1,0
132,2120,1193.88,179.04,197.07,225.34,1,1,1,0
133,2115,604.75,237.62,139.36,162.58,1,1,1,0
133,2116,712.65,168.24,173.77,193.83,1,1,1,0
133,2117,1378.4,109.24,358.72,421.05,1,1,1,1
133,2118,904.71,101.85,235.36,329.22,1,1,1,1
133,2119,155.67,245.09,313.09,342.97,1,1,1,1
133,2122,325.27,221.87,109.88,123.07,1,1,1,0
133,2123,1689.42,72.8,300.78,386.36,1,1,1,0
133,2120,1195.73,178.85,196.06,225.22,1,1,1,0
134,2115,600.9,236.09,139.88,163.72,1,1,1,0
134,2116,708.59,167.71,175.23,194.25,1,1,1,0
134,2117,1376.21,109.42,359.59,419.18,1,1,1,1
134,2118,901.24,104.7,233.95,325.15,1,1,1,1
134,2119,164.33,249.03,305.43,337.78,1,1,1,1
134,2122,321.45,221.69,111.89,125.94,1,1,1,0
134,2123,1692.5,70.81,297.44,381.38,1,1,1,0
134,2120,1195.5,178.18,196.81,227.16,1,1,1,0
135,2115,597.08,234.33,140.13,164.56,1,1,1,0
135,2116,704.73,166.92,177.5,196.19,1,1,1,0
135,2117,1375.81,110.87,360.85,418.57,1,1,1,1
135,2118,896.71,105.33,235.08,324.48,1,1,1,1
135,2119,172.14,250.99,297.24,331.75,1,1,1,1
135,2122,319.34,221.53,112.44,127.13,1,1,1,0
135,2123,1695.41,75.11,292.65,373.77,1,1,1,0
135,2120,1197.68,178.02,196.54,227.98,1,1,1,0
136,2115,592.57,232.78,140.9,165.98,1,1,1,0
136,2116,701.13,166.63,177.32,194.93,1,1,1,0
136,2117,1374.16,111.27,362.85,419.13,1,1,1,1
136,2118,893.49,105.43,236.22,324.18,1,1,1,1
136,2119,171.31,248.55,296.21,333.3,1,1,1,1
136,2122,318.23,221.18,110.56,125.1,1,1,1,0
136,2123,1704.98,71.76,293.27,373.97,1,1,1,0
136,2120,1198.87,177.37,195.77,228.09,1,1,1,0
137,2115,584.12,228.93,143.69,169.79,1,1,1,0
137,2116,694.38,165.74,181.1,198.62,1,1,1,0
137,2117,1375.89,110.79,365.44,420.42,1,1,1,1
137,2118,890.51,104.13,237.85,325.02,1,1,1,1
137,2119,165.61,247.22,293.44,333.13,1,1,1,1
137,2122,315.4,220.94,108.8,123.4,1,1,1,0
137,2123,1712.97,69.81,300.58,382.48,1,1,1,0
137,2120,1201.48,176.82,194.35,227.22,1,1,1,0
138,2115,577.93,226.12,146.35,173.2,1,1,1,0
138,2116,691.34,165.31,181.36,198.51,1,1,1,0
138,2117,1377.2,107.99,368.38,421.57,1,1,1,1
138,2118,888.48,103.81,238.79,324.98,1,1,1,1
138,2119,161.23,246.8,288.71,330.03,1,1,1,1
138,2122,313.16,221.06,107.78,122.54,1,1,1,0
138,2123,1725.25,70.28,290.91,369.4,1,1,1,0
138,2120,1202.78,176.22,194.38,228.07,1,1,1,0
139,2115,572.71,223.9,147.55,174.88,1,1,1,0
139,2116,688.08,164.87,183.56,200.92,1,1,1,0
139,2117,1379.22,103.72,372.89,424.85,1,1,1,1
139,2118,887.27,104.27,239.31,324.6,1,1,1,1
139,2119,159.04,247.52,284.1,326.82,1,1,1,1
139,2122,311.0,221.41,107.36,122.12,1,1,1,0
139,2123,1731.38,70.78,288.93,366.16,1,1,1,0
139,2120,1204.1,175.8,194.31,228.79,1,1,1,0
140,2115,567.89,222.3,148.33,175.5,1,1,1,0
140,2116,685.44,164.61,185.84,203.69,1,1,1,0
140,2117,1381.52,101.81,376.32,426.62,1,1,1,1
140,2118,885.59,103.83,240.46,325.29,1,1,1,1
140,2119,155.78,248.18,280.61,324.09,1,1,1,1
140,2122,307.01,221.84,108.9,124.26,1,1,1,0
140,2123,1734.91,71.07,283.78,359.33,1,1,1,0
140,2120,1204.87,175.35,194.91,230.34,1,1,1,0
141,2115,560.68,220.05,150.29,177.58,1,1,1,0
141,2116,683.31,164.63,186.82,205.21,1,1,1,0
141,2117,1386.98,99.91,379.56,427.32,1,1,1,1
141,2118,883.76,104.64,241.0,325.18,1,1,1,1
141,2119,149.34,245.8,279.17,323.94,1,1,1,1
141,2122,301.57,222.99,110.75,126.83,1,1,1,0
141,2123,1737.96,72.4,279.71,354.07,1,1,1,0
141,2120,1206.9,175.49,195.2,231.6,1,1,1,0
142,2115,556.12,218.85,151.54,178.73,1,1,1,0
142,2116,682.75,164.95,185.33,203.68,1,1,1,0
142,2117,1389.25,94.93,385.12,430.88,1,1,1,1
142,2118,882.42,106.33,241.78,325.16,1,1,1,1
142,2119,142.93,243.09,279.43,325.56,1,1,1,1
142,2122,298.89,223.83,110.05,126.23,1,1,1,0
142,2123,1735.36,73.09,287.03,363.37,1,1,1,0
142,2120,1209.07,175.35,194.07,231.27,1,1,1,0
143,2115,552.53,218.34,151.81,178.65,1,1,1,0
143,2116,681.89,164.98,184.72,202.96,1,1,1,0
143,2117,1388.36,95.85,389.04,432.63,1,1,1,1
143,2118,881.85,107.54,241.51,323.98,1,1,1,1
143,2119,135.18,240.58,280.82,328.12,1,1,1,1
143,2122,298.82,224.74,105.96,121.21,1,1,1,0
143,2123,1735.58,72.74,288.81,365.46,1,1,1,0
143,2120,1209.92,175.2,193.54,231.63,1,1,1,0
144,2115,549.7,218.19,151.55,177.79,1,1,1,0
144,2116,681.3,165.0,182.82,200.67,1,1,1,0
144,2117,1382.21,94.36,397.26,440.73,1,1,1,1
144,2118,881.82,108.28,241.93,323.65,1,1,1,1
144,2119,127.65,239.25,280.52,328.34,1,1,1,1
144,2122,296.49,225.17,105.32,120.59,1,1,1,0
144,2123,1740.55,72.01,282.67,357.75,1,1,1,0
144,2120,1210.19,175.26,193.38,232.44,1,1,1,0
145,2115,546.4,218.39,151.2,176.43,1,1,1,0
145,2116,682.43,165.62,180.39,197.79,1,1,1,0
145,2117,1368.06,100.23,412.89,460.24,1,1,1,1
145,2118,882.95,110.93,240.7,321.16,1,1,1,1
145,2119,119.7,241.96,279.6,328.05,1,1,1,1
145,2122,294.9,226.03,104.28,119.26,1,1,1,0
145,2123,1738.49,72.02,288.0,365.47,1,1,1,0
145,2120,1211.45,175.48,193.73,233.52,1,1,1,0
146,2115,544.17,218.6,151.91,176.39,1,1,1,0
146,2116,682.59,165.86,179.42,196.49,1,1,1,0
146,2117,1355.25,110.37,418.07,468.08,1,1,1,1
146,2118,883.64,111.9,240.58,320.24,1,1,1,1
146,2119,108.69,241.9,283.03,332.46,1,1,1,1
146,2122,293.28,226.73,104.52,119.38,1,1,1,0
146,2123,1736.02,72.62,296.43,376.48,1,1,1,0
146,2120,1212.51,175.27,193.05,233.62,1,1,1,0
147,2115,542.6,218.62,153.08,177.06,1,1,1,0
147,2116,683.0,165.95,179.32,196.21,1,1,1,0
147,2117,1344.58,116.78,421.99,474.65,1,1,1,1
147,2118,884.7,113.63,240.58,319.33,1,1,1,1
147,2119,98.51,240.7,287.0,337.71,1,1,1,1
147,2122,290.94,227.08,106.26,121.14,1,1,1,0
147,2123,1735.47,71.77,297.12,377.81,1,1,1,0
147,2120,1212.25,174.9,192.86,234.73,1,1,1,0
148,2115,541.33,218.76,153.33,176.6,1,1,1,0
148,2116,683.33,165.99,179.06,195.71,1,1,1,0
148,2117,1337.56,117.07,426.26,481.56,1,1,1,1
148,2118,885.02,114.34,240.79,318.92,1,1,1,1
148,2119,87.8,239.55,290.38,342.17,1,1,1,1
148,2122,289.12,227.7,109.34,124.88,1,1,1,0
148,2123,1736.89,76.19,292.36,370.78,1,1,1,0
148,2120,1211.49,174.67,192.08,235.23,1,1,1,0
149,2115,539.92,220.03,153.11,176.01,1,1,1,0
149,2116,683.37,165.91,179.27,195.64,1,1,1,0
149,2117,1335.64,110.27,428.02,483.88,1,1,1,1
149,2118,887.29,115.67,240.61,318.1,1,1,1,1
149,2119,72.84,239.03,292.39,344.93,1,1,1,1
149,2122,288.53,227.82,109.73,125.21,1,1,1,0
149,2123,1737.86,76.57,289.51,365.98,1,1,1,0
149,2120,1209.71,174.29,193.13,238.87,1,1,1,0
150,2115,540.0,220.84,152.03,174.08,1,1,1,0
150,2116,683.89,165.78,180.85,197.91,1,1,1,0
150,2117,1334.6,104.65,429.44,486.0,1,1,1,1
150,2118,888.41,116.73,240.03,316.82,1,1,1,1
150,2119,61.27,235.19,297.51,351.79,1,1,1,1
150,2122,288.81,227.95,109.44,124.83,1,1,1,0
150,2123,1740.88,76.1,283.01,356.79,1,1,1,0
150,2120,1210.72,174.15,193.7,241.41,1,1,1,0
151,2115,540.28,221.56,151.33,172.54,1,1,1,0
151,2116,683.78,165.73,182.93,201.15,1,1,1,0
151,2117,1330.82,101.01,433.72,491.49,1,1,1,1
151,2118,889.35,116.99,240.36,316.87,1,1,1,1
151,2119,52.36,234.14,301.19,356.71,1,1,1,1
151,2122,290.03,228.18,108.32,123.68,1,1,1,0
151,2123,1736.22,75.4,285.59,360.14,1,1,1,0
151,2120,1211.51,173.71,192.69,242.34,1,1,1,0
152,2115,540.29,222.34,150.85,171.27,1,1,1,0
152,2116,684.4,165.72,183.24,202.38,1,1,1,0
152,2117,1324.08,99.63,436.63,496.6,1,1,1,1
152,2118,890.11,117.35,240.47,316.62,1,1,1,1
152,2119,46.37,234.55,302.59,359.32,1,1,1,1
152,2122,291.13,228.55,107.56,122.93,1,1,1,0
152,2123,1736.19,75.23,289.5,365.11,1,1,1,0
152,2120,1211.53,173.35,189.68,240.88,1,1,1,0
153,2115,540.7,223.44,150.62,170.4,1,1,1,0
153,2116,685.88,165.71,180.16,199.26,1,1,1,0
153,2117,1315.55,98.43,438.75,498.91,1,1,1,1
153,2118,890.95,119.45,240.2,316.15,1,1,1,1
153,2119,33.46,232.77,306.33,364.98,1,1,1,1
153,2122,292.33,228.98,106.98,122.35,1,1,1,0
153,2123,1739.68,78.54,277.56,349.93,1,1,1,0
153,2120,1214.51,173.12,180.97,231.24,1,1,1,0
154,2115,541.52,224.36,150.15,169.18,1,1,1,0
154,2116,687.12,165.91,178.48,197.45,1,1,1,0
154,2117,1311.81,94.24,437.48,496.68,1,1,1,1
154,2118,891.77,122.9,239.06,314.3,1,1,1,1
154,2119,25.7,232.02,308.36,368.74,1,1,1,1
154,2122,293.05,229.42,106.71,122.03,1,1,1,0
154,2123,1735.86,81.42,273.45,344.73,1,1,1,0
154,2120,1216.59,173.35,175.32,225.2,1,1,1,0
155,2115,541.88,225.1,150.01,168.34,1,1,1,0
155,2116,688.15,166.19,177.55,196.57,1,1,1,0
155,2117,1310.98,89.1,439.17,497.66,1,1,1,1
155,2118,891.42,124.46,239.13,314.34,1,1,1,1
155,2119,15.79,228.21,313.95,376.78,1,1,1,1
155,2122,293.42,229.78,106.46,121.71,1,1,1,0
155,2123,1735.57,81.24,269.74,338.87,1,1,1,0
155,2120,1217.93,173.54,175.34,226.13,1,1,1,0
156,2115,542.06,225.57,150.98,168.85,1,1,1,0
156,2116,688.45,166.29,178.23,197.64,1,1,1,0
156,2117,1309.48,82.74,443.96,502.36,1,1,1,1
156,2118,890.47,126.79,239.19,314.18,1,1,1,1
156,2119,9.15,225.91,316.28,380.64,1,1,1,1
156,2122,293.79,230.0,106.37,121.5,1,1,1,0
156,2123,1736.08,81.24,268.77,336.91,1,1,1,0
156,2120,1219.61,173.62,171.77,222.09,1,1,1,0
157,2115,542.36,226.04,150.75,168.15,1,1,1,0
157,2116,689.41,166.53,176.79,196.06,1,1,1,0
157,2117,1304.7,76.92,449.62,507.89,1,1,1,1
157,2118,888.69,130.41,238.05,312.55,1,1,1,1
157,2119,0.79,227.71,317.45,382.7,1,1,1,1
157,2122,294.42,230.26,106.29,121.22,1,1,1,0
157,2123,1732.47,79.41,272.81,340.12,1,1,1,0
157,2120,1223.04,173.75,168.46,217.68,1,1,1,0
158,2115,542.83,226.51,150.03,166.81,1,1,1,0
158,2116,690.32,166.62,175.97,195.26,1,1,1,0
158,2117,1301.72,73.99,452.68,510.67,1,1,1,1
158,2118,886.47,131.62,237.52,311.86,1,1,1,1
158,2119,0,227.95,315.4,386.43,1,1,1,1
158,2122,294.55,230.35,106.42,121.12,1,1,1,0
158,2123,1733.47,78.31,274.48,341.39,1,1,1,0
158,2120,1225.04,173.61,166.98,215.49,1,1,1,0
159,2115,542.96,227.07,149.93,166.32,1,1,1,0
159,2116,690.83,166.75,175.35,194.47,1,1,1,0
159,2117,1300.63,72.76,453.9,511.41,1,1,1,1
159,2118,884.62,131.61,236.96,311.23,1,1,1,1
159,2119,0,228.47,314.14,387.74,1,1,1,1
159,2122,294.66,230.27,106.67,121.19,1,1,1,0
159,2123,1732.32,77.39,276.6,342.85,1,1,1,0
159,2120,1223.76,173.35,172.06,222.61,1,1,1,0
160,2115,543.56,227.67,148.85,164.56,1,1,1,0
160,2116,690.85,167.3,174.68,193.69,1,1,1,0
160,2117,1298.61,72.38,454.55,511.56,1,1,1,1
160,2118,882.62,131.54,236.21,310.22,1,1,1,1
160,2119,0,228.8,313.28,388.82,1,1,1,1
160,2122,294.8,230.13,107.09,121.52,1,1,1,0
160,2123,1727.66,78.73,277.88,343.36,1,1,1,0
160,2120,1221.55,172.87,178.97,233.17,1,1,1,0
161,2115,543.32,229.69,148.81,163.92,1,1,1,0
161,2116,690.69,167.5,174.76,193.81,1,1,1,0
161,2117,1299.42,72.72,454.97,511.5,1,1,1,1
161,2118,877.77,131.36,236.19,310.57,1,1,1,1
161,2119,0,232.11,306.99,376.29,1,1,1,1
161,2122,294.97,230.07,107.43,121.65,1,1,1,0
161,2123,1721.76,76.54,278.7,344.7,1,1,1,0
161,2120,1224.69,172.49,177.13,231.9,1,1,1,0
162,2115,542.97,231.53,148.97,163.6,1,1,1,0
162,2116,690.17,167.37,175.72,195.06,1,1,1,0
162,2117,1301.42,73.32,455.05,511.38,1,1,1,1
162,2118,874.53,131.85,236.7,311.73,1,1,1,1
162,2119,0,232.4,301.35,369.33,1,1,1,1
162,2122,295.16,229.84,107.82,121.89,1,1,1,0
162,2123,1717.55,76.41,276.67,343.35,1,1,1,0
162,2120,1223.0,172.35,176.63,232.96,1,1,1,0
163,2115,542.51,234.5,147.93,162.01,1,1,1,0
163,2116,690.81,167.82,173.62,192.46,1,1,1,0
163,2117,1304.61,73.61,455.09,511.24,1,1,1,1
163,2118,871.17,133.09,237.28,312.88,1,1,1,1
163,2119,0,232.82,296.96,365.19,1,1,1,1
163,2122,295.45,229.74,108.22,122.19,1,1,1,0
163,2123,1714.05,75.37,276.64,344.27,1,1,1,0
163,2120,1222.67,172.7,176.18,233.73,1,1,1,0
164,2115,542.44,237.39,147.17,160.64,1,1,1,0
164,2116,689.94,168.08,173.45,191.98,1,1,1,0
164,2117,1309.74,73.19,455.28,511.3,1,1,1,1
164,2118,867.53,134.51,238.38,314.92,1,1,1,1
164,2119,0,233.58,295.0,363.85,1,1,1,1
164,2122,295.6,229.7,108.61,122.5,1,1,1,0
164,2123,1712.68,71.89,276.86,345.54,1,1,1,0
164,2120,1221.82,172.44,179.4,239.16,1,1,1,0
165,2115,541.68,240.03,147.4,160.55,1,1,1,0
165,2116,690.89,168.18,170.85,188.62,1,1,1,0
165,2117,1320.33,70.5,452.41,507.08,1,1,1,1
165,2118,863.59,138.09,238.49,315.4,1,1,1,1
165,2119,0,238.17,292.88,352.65,1,1,1,1
165,2122,296.15,229.68,108.75,122.42,1,1,1,0
165,2123,1713.4,74.27,271.44,340.97,1,1,1,0
165,2120,1223.47,173.13,179.4,239.61,1,1,1,0
166,2115,541.26,241.27,147.8,160.85,1,1,1,0
166,2116,690.81,168.2,170.77,188.38,1,1,1,0
166,2117,1331.32,67.53,451.72,505.41,1,1,1,1
166,2118,860.57,140.59,238.54,315.98,1,1,1,1
166,2119,0,243.44,301.5,361.49,1,1,1,1
166,2122,296.57,229.67,109.08,122.58,1,1,1,0
166,2123,1718.92,72.3,273.45,345.16,1,1,1,0
166,2120,1224.86,173.8,176.29,235.19,1,1,1,0
167,2115,540.55,241.19,147.69,160.29,1,1,1,0
167,2116,690.68,168.81,170.15,187.72,1,1,1,0
167,2117,1341.45,65.68,450.56,502.75,1,1,1,1
167,2118,859.02,141.68,238.74,316.8,1,1,1,1
167,2119,0,242.26,303.31,369.0,1,1,1,1
167,2122,296.68,229.66,109.3,122.64,1,1,1,0
167,2123,1713.91,74.15,267.76,342.38,1,1,1,0
167,2120,1225.3,173.66,179.62,239.24,1,1,1,0
168,2115,540.62,240.7,147.23,159.3,1,1,1,0
168,2116,690.23,169.23,169.93,187.49,1,1,1,0
168,2117,1351.37,62.15,452.11,503.21,1,1,1,1
168,2118,857.32,142.64,238.83,317.3,1,1,1,1
168,2119,0,242.17,305.23,369.48,1,1,1,1
168,2122,297.01,229.56,109.19,122.36,1,1,1,0
168,2120,1227.72,174.2,179.87,237.97,1,1,1,0
169,2115,541.16,240.68,145.67,156.95,1,1,1,0
169,2116,691.78,169.78,168.04,185.24,1,1,1,0
169,2117,1372.06,62.57,445.65,493.11,1,1,1,1
169,2118,856.39,144.43,238.79,317.78,1,1,1,1
169,2119,0,240.91,304.08,366.86,1,1,1,1
169,2122,297.52,229.42,109.85,123.15,1,1,1,0
169,2120,1232.63,175.2,181.89,237.45,1,1,1,0
170,2115,542.17,240.83,145.12,155.7,1,1,1,0
170,2116,692.44,170.28,167.2,184.12,1,1,1,0
170,2117,1384.74,61.71,442.81,487.36,1,1,1,1
170,2118,855.84,146.55,237.73,316.66,1,1,1,1
170,2119,0,238.5,302.63,364.55,1,1,1,1
170,2122,298.03,229.16,110.05,123.45,1,1,1,0
170,2120,1234.71,175.37,184.51,237.62,1,1,1,0
171,2115,543.65,241.25,145.35,155.27,1,1,1,0
171,2116,692.54,170.46,166.38,182.93,1,1,1,0
171,2117,1395.97,60.15,441.16,483.14,1,1,1,1
171,2118,856.3,147.69,236.94,315.83,1,1,1,1
171,2119,0,237.58,302.08,363.27,1,1,1,1
171,2122,298.43,229.07,110.09,123.56,1,1,1,0
171,2120,1235.9,175.04,187.77,238.47,1,1,1,0
172,2115,545.82,241.68,145.22,154.23,1,1,1,0
172,2116,692.06,170.41,166.33,182.62,1,1,1,0
172,2117,1405.64,58.92,438.76,477.51,1,1,1,1
172,2118,856.71,148.86,236.3,315.11,1,1,1,1
172,2119,0,234.13,303.48,366.89,1,1,1,1
172,2122,298.89,228.93,110.16,123.69,1,1,1,0
172,2120,1235.38,174.9,191.21,239.76,1,1,1,0
173,2115,547.96,241.51,145.15,153.58,1,1,1,0
173,2116,692.49,170.59,165.09,180.93,1,1,1,0
173,2117,1415.44,60.03,432.99,467.93,1,1,1,1
173,2118,856.96,149.25,236.01,314.84,1,1,1,1
173,2119,0,235.42,300.43,360.7,1,1,1,1
173,2122,299.29,228.68,110.02,123.54,1,1,1,0
173,2120,1234.36,175.05,194.05,240.63,1,1,1,0
174,2115,547.56,241.22,147.3,155.78,1,1,1,0
174,2116,692.21,170.54,164.74,180.24,1,1,1,0
174,2117,1419.41,62.33,429.64,461.43,1,1,1,1
174,2118,857.46,149.14,235.98,314.95,1,1,1,1
174,2119,0,236.43,299.3,353.83,1,1,1,1
174,2122,299.65,228.59,110.0,123.48,1,1,1,0
174,2120,1232.51,175.1,195.93,240.74,1,1,1,0
175,2115,547.79,241.09,147.11,155.42,1,1,1,0
175,2116,692.21,170.42,164.4,179.51,1,1,1,0
175,2117,1420.78,64.94,428.06,456.82,1,1,1,1
175,2118,858.17,149.05,235.8,314.99,1,1,1,1
175,2119,0,238.12,298.92,348.97,1,1,1,1
175,2122,299.97,228.55,110.01,123.45,1,1,1,0
175,2120,1230.74,175.12,197.47,240.36,1,1,1,0
176,2115,548.32,241.03,146.93,154.91,1,1,1,0
176,2116,691.46,169.56,164.99,180.07,1,1,1,0
176,2117,1418.43,67.24,426.26,452.93,1,1,1,1
176,2118,858.87,148.38,235.75,315.21,1,1,1,1
176,2119,0,235.12,301.55,351.23,1,1,1,1
176,2122,299.98,228.44,110.12,123.54,1,1,1,0
176,2120,1229.65,175.22,198.8,239.89,1,1,1,0
177,2115,548.14,242.18,147.57,155.54,1,1,1,0
177,2116,690.74,169.14,165.31,180.22,1,1,1,0
177,2117,1418.6,75.46,421.48,446.29,1,1,1,1
177,2118,861.22,147.29,235.62,315.29,1,1,1,1
177,2119,0,234.91,302.8,355.42,1,1,1,1
177,2122,299.99,228.4,110.22,123.57,1,1,1,0
177,2120,1228.99,174.76,199.32,238.41,1,1,1,0
178,2115,548.4,242.8,148.15,156.18,1,1,1,0
178,2116,689.96,168.88,165.68,180.6,1,1,1,0
178,2117,1417.08,79.63,419.26,442.86,1,1,1,1
178,2118,863.5,146.05,235.22,314.93,1,1,1,1
178,2119,0,236.92,297.65,335.85,1,1,1,1
178,2122,299.92,228.29,110.37,123.68,1,1,1,0
178,2120,1228.59,174.68,200.16,237.53,1,1,1,0
179,2115,549.28,243.02,148.36,156.44,1,1,1,0
179,2116,689.79,168.58,165.58,180.56,1,1,1,0
179,2117,1413.65,83.55,417.45,440.54,1,1,1,1
179,2118,865.93,144.56,235.13,314.99,1,1,1,1
179,2119,0,231.28,300.43,351.09,1,1,1,1
179,2122,299.84,228.15,110.53,123.81,1,1,1,0
179,2120,1227.41,174.95,200.48,236.3,1,1,1,0
180,2115,549.84,242.88,148.75,156.94,1,1,1,0
180,2116,689.61,168.07,165.01,179.77,1,1,1,0
180,2117,1412.68,87.67,412.74,434.69,1,1,1,1
180,2118,869.75,144.09,234.08,313.72,1,1,1,1
180,2119,0,225.64,299.37,357.0,1,1,1,1
180,2122,299.79,228.3,110.61,123.86,1,1,1,0
180,2120,1226.86,174.85,201.57,236.04,1,1,1,0
181,2115,551.49,243.01,147.57,155.55,1,1,1,0
181,2116,688.77,167.48,165.57,180.49,1,1,1,0
181,2117,1410.4,92.26,408.2,429.95,1,1,1,1
181,2118,874.02,144.4,232.8,311.95,1,1,1,1
181,2119,0,220.72,294.17,353.35,1,1,1,1
181,2122,299.35,228.46,110.67,123.98,1,1,1,0
181,2120,1226.71,174.81,203.02,236.34,1,1,1,0
182,2115,552.17,242.85,147.17,155.03,1,1,1,0
182,2116,688.48,166.87,165.74,180.78,1,1,1,0
182,2117,1408.2,95.59,404.29,426.03,1,1,1,1
182,2118,876.08,144.61,232.16,310.99,1,1,1,1
182,2119,0,218.29,290.36,349.55,1,1,1,1
182,2122,298.99,228.52,110.67,124.02,1,1,1,0
182,2120,1226.76,174.99,203.71,235.86,1,1,1,0
183,2115,552.65,242.77,146.35,154.04,1,1,1,0
183,2116,688.1,166.24,166.39,181.69,1,1,1,0
183,2117,1406.6,98.35,401.13,423.12,1,1,1,1
183,2118,877.16,144.39,232.04,310.74,1,1,1,1
183,2119,0,222.05,288.13,343.73,1,1,1,1
183,2122,298.83,228.55,110.6,124.03,1,1,1,0
183,2120,1226.89,174.86,204.52,235.48,1,1,1,0
184,2115,552.57,242.83,145.7,153.18,1,1,1,0
184,2116,687.57,165.92,166.62,182.15,1,1,1,0
184,2117,1403.62,97.87,399.9,422.2,1,1,1,1
184,2118,878.19,143.9,232.28,311.06,1,1,1,1
184,2119,0,221.81,287.18,344.09,1,1,1,1
184,2122,298.74,228.65,110.35,123.74,1,1,1,0
184,2120,1227.45,175.01,204.58,234.35,1,1,1,0
185,2115,552.99,242.94,144.74,152.18,1,1,1,0
185,2116,687.29,165.71,166.11,181.83,1,1,1,0
185,2117,1398.15,100.01,395.33,417.59,1,1,1,1
185,2118,880.57,144.31,231.5,309.8,1,1,1,1
185,2119,0,219.67,278.77,344.96,1,1,1,1
185,2122,298.3,228.7,110.26,123.62,1,1,1,0
185,2120,1228.83,175.47,203.42,231.53,1,1,1,0
186,2115,552.22,242.68,145.2,152.92,1,1,1,0
186,2116,687.32,165.44,165.65,181.51,1,1,1,0
186,2117,1391.71,102.94,392.82,414.4,1,1,1,1
186,2118,881.83,144.86,231.19,309.34,1,1,1,1
186,2119,0,219.79,277.8,343.43,1,1,1,1
186,2122,298.14,228.81,110.11,123.48,1,1,1,0
186,2120,1228.26,174.63,203.92,230.88,1,1,1,0
187,2115,552.59,242.77,145.01,152.81,1,1,1,0
187,2116,687.47,164.75,165.23,181.2,1,1,1,0
187,2117,1382.04,106.46,390.47,412.26,1,1,1,1
187,2118,882.59,145.26,231.22,309.38,1,1,1,1
187,2119,0,222.09,277.15,339.09,1,1,1,1
187,2122,297.86,228.75,110.3,123.72,1,1,1,0
187,2120,1224.97,174.92,206.23,233.46,1,1,1,0
188,2115,552.7,242.6,145.59,153.58,1,1,1,0
188,2116,687.25,164.5,164.86,180.89,1,1,1,0
188,2117,1375.49,108.69,389.27,411.8,1,1,1,1
188,2118,883.35,145.81,230.99,309.02,1,1,1,1
188,2119,0,222.89,275.21,335.59,1,1,1,1
188,2122,297.71,228.73,110.37,123.81,1,1,1,0
188,2120,1223.14,175.53,205.08,232.95,1,1,1,0
189,2115,552.63,242.82,146.23,154.38,1,1,1,0
189,2116,686.94,164.62,164.4,180.57,1,1,1,0
189,2117,1364.54,113.04,385.24,408.55,1,1,1,1
189,2118,884.54,147.35,229.83,307.15,1,1,1,1
189,2119,0,221.8,271.64,333.14,1,1,1,1
189,2122,297.49,228.82,110.31,123.75,1,1,1,0
189,2120,1222.6,176.85,205.94,236.45,1,1,1,0
190,2115,552.26,242.71,146.12,154.29,1,1,1,0
190,2116,686.49,164.87,164.11,180.26,1,1,1,0
190,2117,1354.13,114.37,383.81,408.86,1,1,1,1
190,2118,884.28,147.33,229.92,307.26,1,1,1,1
190,2119,0,218.31,269.33,330.78,1,1,1,1
190,2122,297.36,228.86,110.3,123.72,1,1,1,0
190,2120,1222.64,177.54,206.18,239.95,1,1,1,0
191,2115,552.26,242.86,146.8,155.05,1,1,1,0
191,2116,685.63,164.98,164.62,180.95,1,1,1,0
191,2117,1347.56,116.38,381.02,407.89,1,1,1,1
191,2118,884.43,148.0,229.39,306.42,1,1,1,1
191,2119,0,213.31,271.11,331.87,1,1,1,1
191,2122,297.36,228.77,110.41,123.81,1,1,1,0
191,2120,1223.89,178.0,205.39,243.05,1,1,1,0
192,2115,551.75,242.71,147.06,155.35,1,1,1,0
192,2116,685.48,165.22,164.49,181.02,1,1,1,0
192,2117,1340.83,115.73,380.94,409.93,1,1,1,1
192,2118,884.54,148.44,229.01,305.73,1,1,1,1
192,2119,0,212.08,271.14,327.93,1,1,1,1
192,2122,297.35,228.74,110.47,123.85,1,1,1,0
192,2120,1227.15,178.95,196.36,235.72,1,1,1,0
193,2115,549.76,241.66,148.15,156.65,1,1,1,0
193,2116,684.72,165.72,165.07,181.84,1,1,1,0
193,2117,1333.22,115.81,381.93,413.58,1,1,1,1
193,2118,884.09,149.09,229.02,305.59,1,1,1,1
193,2119,0,207.96,276.25,317.78,1,1,1,1
193,2122,297.26,228.72,110.48,123.86,1,1,1,0
193,2120,1234.1,179.7,194.35,236.26,1,1,1,0
194,2115,549.26,241.65,148.24,156.74,1,1,1,0
194,2116,683.85,166.21,165.71,182.65,1,1,1,0
194,2117,1329.6,116.36,381.08,415.01,1,1,1,1
194,2118,883.85,149.32,229.09,305.55,1,1,1,1
194,2119,0,203.85,285.65,315.48,1,1,1,1
194,2122,297.23,228.72,110.48,123.86,1,1,1,0
194,2120,1240.54,180.57,192.23,236.06,1,1,1,0
195,2115,548.68,241.85,148.28,156.77,1,1,1,0
195,2116,683.12,166.89,165.97,183.06,1,1,1,0
195,2117,1330.28,117.89,378.71,414.41,1,1,1,1
195,2118,883.22,149.1,229.38,305.86,1,1,1,1
195,2119,5.34,202.61,288.18,310.49,1,1,1,1
195,2122,297.25,228.72,110.52,123.86,1,1,1,0
195,2120,1246.1,180.48,188.31,233.0,1,1,1,0
196,2115,547.79,241.73,148.64,157.17,1,1,1,0
196,2116,682.61,167.35,167.36,184.8,1,1,1,0
196,2117,1332.02,118.21,376.89,414.23,1,1,1,1
196,2118,883.13,149.2,229.16,305.59,1,1,1,1
196,2119,9.69,196.77,296.26,316.23,1,1,1,1
196,2122,297.17,228.72,110.71,124.06,1,1,1,0
196,2120,1250.98,180.83,184.38,230.04,1,1,1,0
197,2115,546.81,241.29,149.49,158.11,1,1,1,0
197,2116,683.03,169.01,165.9,183.17,1,1,1,0
197,2117,1335.74,114.48,376.85,415.79,1,1,1,1
197,2118,882.77,147.83,229.71,306.3,1,1,1,1
197,2119,6.64,190.1,315.55,334.57,1,1,1,1
197,2122,296.95,228.72,110.78,124.13,1,1,1,0
197,2120,1259.3,181.74,181.05,226.74,1,1,1,0
197,2123,1688.05,69.28,295.17,364.54,1,1,1,0
198,2115,546.38,241.12,149.14,157.67,1,1,1,0
198,2116,683.4,170.13,164.96,182.04,1,1,1,0
198,2117,1339.21,110.04,377.78,418.0,1,1,1,1
198,2118,882.32,146.41,230.5,307.47,1,1,1,1
198,2119,8.28,190.01,329.27,347.69,1,1,1,1
198,2122,296.78,228.72,110.97,124.36,1,1,1,0
198,2120,1264.58,183.07,180.17,226.54,1,1,1,0
198,2123,1692.25,68.74,298.21,363.34,1,1,1,0
199,2115,545.26,241.06,149.16,157.88,1,1,1,0
199,2116,682.37,170.94,165.37,182.41,1,1,1,0
199,2117,1341.61,106.55,377.8,418.85,1,1,1,1
199,2118,882.3,146.07,230.51,307.53,1,1,1,1
199,2119,9.83,188.91,338.5,355.11,1,1,1,1
199,2122,297.65,228.42,111.18,124.94,1,1,1,0
199,2120,1267.18,184.05,181.6,229.6,1,1,1,0
199,2123,1695.18,68.56,301.16,363.31,1,1,1,0
200,2115,544.07,240.45,149.91,159.15,1,1,1,0
200,2116,682.94,171.53,165.23,182.25,1,1,1,0
200,2117,1345.42,104.02,378.58,420.38,1,1,1,1
200,2118,882.41,145.94,230.24,307.15,1,1,1,1
200,2119,23.7,191.9,339.43,355.38,1,1,1,1
200,2122,298.22,228.8,110.77,124.66,1,1,1,0
200,2120,1267.67,184.9,186.11,237.04,1,1,1,0
200,2123,1686.81,67.29,313.15,377.32,1,1,1,0
201,2115,542.21,240.41,150.88,160.81,1,1,1,0
201,2116,682.96,173.73,165.6,182.59,1,1,1,0
201,2117,1350.29,99.49,381.7,424.15,1,1,1,1
201,2118,882.81,145.4,230.22,307.31,1,1,1,1
201,2119,50.14,192.28,331.71,346.82,1,1,1,1
201,2122,302.65,229.05,108.15,122.26,1,1,1,0
201,2120,1271.04,185.39,186.02,238.66,1,1,1,0
201,2123,1677.67,67.03,328.04,395.76,1,1,1,0
202,2115,541.3,240.41,151.67,162.22,1,1,1,0
202,2116,684.35,175.23,165.38,182.22,1,1,1,0
202,2117,1354.4,97.21,383.2,425.56,1,1,1,1
202,2118,882.53,143.95,231.06,308.62,1,1,1,1
202,2119,70.56,198.39,325.98,341.14,1,1,1,1
202,2122,307.5,228.84,103.63,117.64,1,1,1,0
202,2120,1275.33,186.35,186.12,239.86,1,1,1,0
202,2123,1677.56,67.32,325.37,391.79,1,1,1,0
203,2115,540.34,240.51,152.25,163.43,1,1,1,0
203,2116,684.65,176.57,166.56,183.47,1,1,1,0
203,2117,1356.49,94.68,385.93,428.17,1,1,1,1
203,2118,882.33,142.62,231.56,309.51,1,1,1,1
203,2119,84.99,202.53,324.22,339.97,1,1,1,1
203,2122,312.25,228.96,99.67,113.89,1,1,1,0
203,2120,1278.05,186.79,185.37,239.8,1,1,1,0
203,2123,1671.64,67.46,337.65,407.08,1,1,1,0
204,2115,541.2,240.75,150.66,162.09,1,1,1,0
204,2116,685.82,178.24,165.68,182.35,1,1,1,0
204,2117,1358.2,92.97,388.29,430.33,1,1,1,1
204,2118,882.65,142.23,231.72,309.94,1,1,1,1
204,2119,93.26,201.31,328.91,346.29,1,1,1,1
204,2122,313.78,228.7,99.4,114.68,1,1,1,0
204,2120,1279.9,186.73,184.82,239.95,1,1,1,0
204,2123,1668.74,67.02,338.92,409.5,1,1,1,0
205,2115,540.95,240.74,149.86,161.46,1,1,1,0
205,2116,688.05,182.04,165.76,182.52,1,1,1,0
205,2117,1358.16,89.78,392.14,434.09,1,1,1,1
205,2118,882.88,142.09,231.57,310.1,1,1,1,1
205,2119,108.88,201.95,330.39,349.94,1,1,1,1
205,2122,317.3,228.91,96.13,111.48,1,1,1,0
205,2120,1285.31,188.18,184.52,238.29,1,1,1,0
205,2123,1665.24,66.67,344.15,417.53,1,1,1,0
206,2115,541.04,240.65,149.61,161.5,1,1,1,0
206,2116,690.56,184.62,164.82,181.39,1,1,1,0
206,2117,1358.95,88.03,395.1,436.87,1,1,1,1
206,2118,882.41,141.76,231.8,310.65,1,1,1,1
206,2119,118.11,202.71,329.68,350.4,1,1,1,1
206,2122,315.67,228.18,100.72,117.22,1,1,1,0
206,2120,1288.35,188.9,185.4,238.04,1,1,1,0
206,2123,1671.85,68.99,333.39,404.48,1,1,1,0
207,2115,540.97,240.41,149.17,161.31,1,1,1,0
207,2116,693.14,186.94,163.58,179.76,1,1,1,0
207,2117,1358.24,86.62,398.19,439.86,1,1,1,1
207,2118,881.39,141.35,231.98,311.15,1,1,1,1
207,2119,130.97,203.11,326.59,349.04,1,1,1,1
207,2120,1289.98,189.35,186.14,237.74,1,1,1,0
207,2123,1674.49,70.11,338.71,412.1,1,1,1,0
208,2115,540.75,240.32,148.83,161.22,1,1,1,0
208,2116,694.82,188.76,163.25,179.16,1,1,1,0
208,2117,1357.89,85.64,401.05,442.62,1,1,1,1
208,2118,880.29,141.31,231.87,311.23,1,1,1,1
208,2119,139.24,205.55,322.76,346.79,1,1,1,1
208,2120,1291.4,190.29,186.18,236.82,1,1,1,0
208,2123,1671.48,66.68,342.34,417.71,1,1,1,0
209,2115,540.17,240.1,148.74,161.38,1,1,1,0
209,2116,697.96,192.19,162.04,177.54,1,1,1,0
209,2117,1359.7,84.83,406.11,447.67,1,1,1,1
209,2118,878.57,141.21,232.05,311.75,1,1,1,1
209,2119,144.6,200.1,321.82,348.3,1,1,1,1
209,2120,1294.02,191.12,180.21,227.99,1,1,1,0
209,2123,1667.28,70.09,351.38,432.72,1,1,1,0
210,2115,540.31,240.11,148.02,160.74,1,1,1,0
210,2116,699.71,194.21,161.18,175.95,1,1,1,0
210,2117,1361.37,84.57,409.14,450.72,1,1,1,1
210,2118,877.62,141.28,231.94,311.83,1,1,1,1
210,2119,147.86,196.17,321.11,350.93,1,1,1,1
210,2120,1296.14,192.31,177.03,222.92,1,1,1,0
210,2123,1664.66,73.14,355.27,441.26,1,1,1,0
211,2115,540.8,240.32,147.31,160.09,1,1,1,0
211,2116,701.79,195.8,160.33,174.27,1,1,1,0
211,2117,1361.95,83.13,411.91,453.19,1,1,1,1
211,2118,876.43,141.22,231.98,311.95,1,1,1,1
211,2119,149.65,194.3,318.79,351.91,1,1,1,1
211,2120,1297.08,192.92,176.96,221.7,1,1,1,0
211,2123,1670.76,72.18,344.1,428.96,1,1,1,0
212,2115,540.64,240.2,147.35,160.24,1,1,1,0
212,2116,703.45,197.23,159.77,173.16,1,1,1,0
212,2117,1363.89,81.94,414.17,454.74,1,1,1,1
212,2118,875.09,141.01,232.22,312.39,1,1,1,1
212,2119,152.1,194.02,316.23,352.24,1,1,1,1
212,2120,1296.39,192.52,183.7,229.75,1,1,1,0
212,2123,1681.26,73.07,320.3,400.49,1,1,1,0
213,2115,539.99,240.16,146.99,159.9,1,1,1,0
213,2116,703.89,199.4,159.03,171.48,1,1,1,0
213,2117,1369.97,81.14,413.71,453.07,1,1,1,1
213,2118,872.52,140.34,232.5,312.94,1,1,1,1
213,2119,152.85,194.64,319.92,359.78,1,1,1,1
213,2120,1293.16,191.46,185.71,233.44,1,1,1,0
213,2123,1682.32,71.77,318.72,398.81,1,1,1,0
214,2115,539.36,239.95,146.84,159.77,1,1,1,0
214,2116,704.39,200.45,159.61,171.38,1,1,1,0
214,2117,1374.45,80.58,413.85,451.27,1,1,1,1
214,2118,870.38,139.8,232.59,313.04,1,1,1,1
214,2119,158.39,198.65,313.15,354.12,1,1,1,1
214,2120,1291.81,190.64,186.53,235.65,1,1,1,0
214,2123,1689.91,74.5,331.02,415.86,1,1,1,0
215,2115,538.37,239.67,147.14,160.12,1,1,1,0
215,2116,704.64,200.77,160.42,171.77,1,1,1,0
215,2117,1378.05,80.32,414.7,449.82,1,1,1,1
215,2118,868.18,139.91,232.29,312.37,1,1,1,1
215,2119,162.16,202.22,306.39,348.27,1,1,1,1
215,2120,1291.81,190.01,185.69,235.2,1,1,1,0
215,2123,1695.03,77.86,335.61,423.32,1,1,1,0
216,2115,538.16,239.77,146.55,159.46,1,1,1,0
216,2116,704.41,201.03,161.3,172.35,1,1,1,0
216,2117,1379.46,78.57,417.91,450.92,1,1,1,1
216,2118,865.55,138.36,232.65,312.51,1,1,1,1
216,2119,164.49,202.47,300.23,342.74,1,1,1,1
216,2120,1292.89,191.15,184.71,234.41,1,1,1,0
216,2123,1699.96,78.85,331.34,419.72,1,1,1,0
217,2115,537.02,239.81,146.68,159.6,1,1,1,0
217,2116,704.37,201.47,162.27,172.99,1,1,1,0
217,2117,1383.88,77.55,420.71,451.3,1,1,1,1
217,2118,863.7,135.8,231.42,310.56,1,1,1,1
217,2119,167.4,198.35,294.26,337.06,1,1,1,1
217,2120,1292.27,192.17,184.71,235.3,1,1,1,0
217,2123,1710.04,75.91,309.94,392.86,1,1,1,0
218,2115,536.66,240.02,146.45,159.26,1,1,1,0
218,2116,704.35,201.98,162.57,173.05,1,1,1,0
218,2117,1385.73,76.71,424.38,453.69,1,1,1,1
218,2118,861.88,132.46,231.68,310.62,1,1,1,1
218,2119,170.01,196.1,289.82,333.05,1,1,1,1
218,2120,1291.25,192.55,184.61,236.02,1,1,1,0
218,2123,1711.14,73.72,300.47,382.23,1,1,1,0
219,2115,536.4,239.91,146.44,159.14,1,1,1,0
219,2116,704.06,202.23,163.19,173.38,1,1,1,0
219,2117,1386.11,77.13,426.19,454.45,1,1,1,1
219,2118,859.91,128.54,232.86,312.14,1,1,1,1
219,2119,172.65,195.27,286.43,330.81,1,1,1,1
219,2120,1291.02,192.48,184.2,236.28,1,1,1,0
219,2123,1710.17,70.88,306.14,390.63,1,1,1,0
220,2115,535.57,239.87,146.74,159.49,1,1,1,0
220,2116,703.85,202.18,162.78,172.23,1,1,1,0
220,2117,1388.1,76.23,427.72,454.8,1,1,1,1
220,2118,858.41,126.3,233.32,312.71,1,1,1,1
220,2119,174.92,196.19,287.63,334.45,1,1,1,1
220,2120,1290.71,191.74,184.45,237.46,1,1,1,0
220,2123,1708.87,69.96,302.07,387.04,1,1,1,0
221,2115,535.0,239.85,146.82,159.63,1,1,1,0
221,2116,702.57,201.81,163.37,172.7,1,1,1,0
221,2117,1391.71,74.74,427.14,452.71,1,1,1,1
221,2118,853.72,119.94,236.28,316.9,1,1,1,1
221,2119,178.05,198.14,290.07,340.23,1,1,1,1
221,2120,1287.76,191.26,183.81,237.7,1,1,1,0
221,2123,1711.11,68.41,293.31,378.29,1,1,1,0
222,2115,534.59,239.85,146.88,159.68,1,1,1,0
222,2116,700.53,201.05,163.5,173.09,1,1,1,0
222,2117,1392.85,72.11,428.75,453.57,1,1,1,1
222,2118,850.31,116.7,237.62,318.96,1,1,1,1
222,2119,181.34,199.29,289.71,342.44,1,1,1,1
222,2120,1287.59,191.16,181.65,235.88,1,1,1,0
222,2123,1714.66,68.15,294.22,380.03,1,1,1,0
223,2115,534.43,239.65,146.55,159.3,1,1,1,0
223,2116,698.16,199.53,163.52,173.64,1,1,1,0
223,2117,1393.81,70.87,429.67,453.77,1,1,1,1
223,2118,848.07,114.75,237.75,319.33,1,1,1,1
223,2119,185.06,200.62,286.75,341.2,1,1,1,1
223,2120,1286.18,191.12,180.32,235.38,1,1,1,0
223,2123,1715.95,68.57,289.74,375.82,1,1,1,0
224,2115,534.16,239.58,146.48,159.16,1,1,1,0
224,2116,695.86,197.55,163.96,174.85,1,1,1,0
224,2117,1394.93,70.93,429.89,452.92,1,1,1,1
224,2118,845.06,113.59,238.27,320.33,1,1,1,1
224,2119,187.69,201.52,284.22,340.33,1,1,1,1
224,2120,1285.07,191.0,179.39,235.29,1,1,1,0
224,2123,1723.73,67.74,278.2,362.04,1,1,1,0
225,2115,533.95,239.15,146.52,159.11,1,1,1,0
225,2116,693.77,193.11,164.2,176.01,1,1,1,0
225,2117,1395.41,74.59,426.47,448.2,1,1,1,1
225,2118,841.45,112.34,238.0,319.79,1,1,1,1
225,2119,191.51,205.05,278.85,335.22,1,1,1,1
225,2120,1285.41,190.46,179.13,235.75,1,1,1,0
225,2123,1732.62,65.41,274.88,356.98,1,1,1,0
226,2115,533.76,238.99,146.99,159.49,1,1,1,0
226,2116,690.68,189.55,167.33,180.51,1,1,1,0
226,2117,1394.75,77.81,423.47,444.2,1,1,1,1
226,2118,839.0,111.54,237.82,319.56,1,1,1,1
226,2119,193.62,206.26,275.24,331.8,1,1,1,1
226,2120,1285.3,190.65,177.97,235.12,1,1,1,0
226,2123,1734.76,64.89,274.18,355.77,1,1,1,0
227,2115,533.21,238.64,147.96,160.53,1,1,1,0
227,2116,687.69,185.95,169.04,183.48,1,1,1,0
227,2117,1394.26,79.24,421.07,440.9,1,1,1,1
227,2118,836.54,110.81,237.79,319.35,1,1,1,1
227,2119,194.71,207.5,273.46,330.55,1,1,1,1
227,2120,1285.19,190.52,177.68,235.68,1,1,1,0
227,2123,1734.15,64.41,274.97,356.37,1,1,1,0
228,2115,533.31,238.21,147.54,160.03,1,1,1,0
228,2116,685.14,182.53,171.77,187.64,1,1,1,0
228,2117,1393.98,80.47,418.63,437.59,1,1,1,1
228,2118,833.63,110.1,239.51,321.54,1,1,1,1
228,2119,195.79,207.73,271.67,329.12,1,1,1,1
228,2120,1285.56,190.67,176.78,234.89,1,1,1,0
228,2123,1734.73,64.26,275.13,356.1,1,1,1,0
229,2115,532.68,237.86,147.74,160.23,1,1,1,0
229,2116,681.73,178.61,170.69,187.73,1,1,1,0
229,2117,1393.65,83.04,413.27,431.27,1,1,1,1
229,2118,829.47,109.5,240.08,322.34,1,1,1,1
229,2119,194.0,204.89,272.42,331.12,1,1,1,1
229,2120,1285.45,190.33,178.57,237.78,1,1,1,0
229,2123,1736.01,63.73,277.79,358.22,1,1,1,0
230,2115,531.82,237.73,147.88,160.3,1,1,1,0
230,2116,679.25,175.57,168.7,186.54,1,1,1,0
230,2117,1393.79,88.21,409.05,426.34,1,1,1,1
230,2118,826.42,108.73,241.03,323.82,1,1,1,1
230,2119,191.69,203.6,273.43,333.5,1,1,1,1
230,2120,1286.56,190.8,178.54,238.47,1,1,1,0
230,2123,1736.97,62.75,280.91,360.7,1,1,1,0
231,2115,530.84,237.49,148.69,161.13,1,1,1,0
231,2116,676.29,173.88,167.32,185.44,1,1,1,0
231,2117,1389.69,91.92,406.09,422.77,1,1,1,1
231,2118,823.69,108.1,241.54,324.75,1,1,1,1
231,2119,189.67,202.91,272.83,333.63,1,1,1,1
231,2120,1287.94,190.97,178.21,238.32,1,1,1,0
231,2123,1736.58,60.8,285.05,364.1,1,1,1,0
232,2115,530.2,237.4,149.35,161.83,1,1,1,0
232,2116,673.1,172.11,166.26,184.6,1,1,1,0
232,2117,1386.69,94.67,404.73,420.51,1,1,1,1
232,2118,821.27,108.31,241.5,325.07,1,1,1,1
232,2119,187.24,202.45,271.84,333.29,1,1,1,1
232,2120,1288.93,191.34,178.77,239.14,1,1,1,0
232,2123,1739.26,58.51,287.22,365.42,1,1,1,0
233,2115,528.25,237.38,151.86,164.87,1,1,1,0
233,2116,668.11,169.12,166.41,184.45,1,1,1,0
233,2117,1380.07,96.04,402.41,416.95,1,1,1,1
233,2118,817.62,108.14,242.38,326.65,1,1,1,1
233,2119,181.56,201.67,272.07,334.37,1,1,1,1
233,2120,1290.14,190.58,178.87,239.34,1,1,1,0
233,2123,1738.65,58.86,286.38,363.57,1,1,1,0
234,2115,527.69,237.37,151.71,164.83,1,1,1,0
234,2116,662.99,166.26,167.51,185.57,1,1,1,0
234,2117,1373.97,98.2,400.84,414.61,1,1,1,1
234,2118,814.98,107.91,243.02,327.82,1,1,1,1
234,2119,177.0,200.89,273.1,336.48,1,1,1,1
234,2120,1292.02,190.59,176.07,235.73,1,1,1,0
234,2123,1736.09,60.23,288.97,365.69,1,1,1,0
235,2115,526.78,237.38,151.09,164.39,1,1,1,0
235,2116,655.62,165.65,167.85,185.38,1,1,1,0
235,2117,1366.33,100.55,399.89,412.83,1,1,1,1
235,2118,813.12,107.57,243.58,329.13,1,1,1,1
235,2119,171.61,200.3,274.79,339.57,1,1,1,1
235,2120,1292.23,190.29,175.97,235.24,1,1,1,0
235,2123,1735.87,63.05,286.77,361.05,1,1,1,0
236,2115,524.91,236.99,151.54,165.4,1,1,1,0
236,2116,649.36,165.29,168.73,186.09,1,1,1,0
236,2117,1358.36,100.47,400.32,413.16,1,1,1,1
236,2118,811.34,107.97,243.73,329.69,1,1,1,1
236,2119,168.06,199.09,275.25,340.33,1,1,1,1
236,2120,1294.41,190.08,171.71,228.58,1,1,1,0
236,2123,1730.47,64.75,290.06,363.91,1,1,1,0
237,2115,522.99,236.85,150.63,165.37,1,1,1,0
237,2116,637.8,163.93,172.61,190.61,1,1,1,0
237,2117,1340.55,104.98,399.97,413.96,1,1,1,1
237,2118,808.34,109.15,243.86,330.07,1,1,1,1
237,2119,160.74,198.94,273.93,338.52,1,1,1,1
237,2120,1296.41,191.01,172.55,227.88,1,1,1,0
237,2123,1720.25,68.66,291.75,364.5,1,1,1,0
238,2115,523.22,236.5,149.21,164.45,1,1,1,0
238,2116,629.92,161.21,178.95,197.31,1,1,1,0
238,2117,1328.85,108.01,400.58,416.14,1,1,1,1
238,2118,806.06,110.81,243.19,329.38,1,1,1,1
238,2119,155.34,198.0,272.33,335.93,1,1,1,1
238,2120,1298.2,192.36,169.15,221.44,1,1,1,0
238,2123,1714.09,69.44,292.16,363.45,1,1,1,0
239,2115,523.64,236.57,147.07,162.69,1,1,1,0
239,2116,625.89,160.8,181.31,200.04,1,1,1,0
239,2117,1322.27,112.47,397.6,414.03,1,1,1,1
239,2118,803.86,112.55,243.4,329.99,1,1,1,1
239,2119,148.99,196.46,272.67,335.74,1,1,1,1
239,2120,1294.82,191.75,164.58,215.31,1,1,1,0
239,2123,1707.58,70.02,294.38,364.77,1,1,1,0
240,2115,524.74,236.71,145.85,161.52,1,1,1,0
240,2116,621.61,159.14,184.05,202.8,1,1,1,0
240,2117,1316.6,112.67,396.95,414.68,1,1,1,1
240,2118,802.04,114.12,243.27,330.09,1,1,1,1
240,2119,143.77,195.1,272.94,334.87,1,1,1,1
240,2120,1293.66,191.72,162.68,213.32,1,1,1,0
240,2123,1701.66,70.72,295.87,364.98,1,1,1,0
241,2115,524.42,236.27,145.91,161.98,1,1,1,0
241,2116,615.86,158.85,184.96,202.92,1,1,1,0
241,2117,1305.29,113.57,396.35,415.87,1,1,1,1
241,2118,800.09,116.99,243.52,330.61,1,1,1,1
241,2119,130.55,192.91,275.58,336.25,1,1,1,1
241,2120,1296.57,199.99,148.88,195.69,1,1,1,0
241,2123,1692.37,71.95,301.13,369.84,1,1,1,0
242,2115,523.72,236.0,146.94,163.65,1,1,1,0
242,2116,612.17,157.92,186.19,203.59,1,1,1,0
242,2117,1296.4,112.83,396.32,417.95,1,1,1,1
242,2118,799.46,119.37,243.58,330.68,1,1,1,1
242,2119,120.75,190.82,276.14,335.08,1,1,1,1
242,2123,1679.83,74.68,305.49,373.76,1,1,1,0
242,2122,326.54,227.21,91.24,119.21,1,1,1,0
243,2115,523.3,235.91,147.68,165.07,1,1,1,0
243,2116,610.52,157.42,185.86,202.41,1,1,1,0
243,2117,1290.95,112.89,396.23,419.96,1,1,1,1
243,2118,800.35,121.05,243.09,329.89,1,1,1,1
243,2119,107.49,189.06,277.53,335.04,1,1,1,1
243,2123,1673.96,74.6,307.97,376.52,1,1,1,0
243,2122,324.21,226.86,93.1,121.52,1,1,1,0
244,2115,523.56,235.88,146.97,164.82,1,1,1,0
244,2116,609.58,156.89,186.65,202.49,1,1,1,0
244,2117,1287.51,113.25,394.7,420.74,1,1,1,1
244,2118,802.07,122.25,242.7,329.37,1,1,1,1
244,2119,95.07,185.95,280.23,336.32,1,1,1,1
244,2123,1669.47,74.45,312.12,379.02,1,1,1,0
244,2122,322.77,227.21,93.18,121.36,1,1,1,0
245,2115,523.81,235.88,146.44,164.71,1,1,1,0
245,2116,607.3,156.93,189.47,205.25,1,1,1,0
245,2117,1284.07,112.33,395.73,424.22,1,1,1,1
245,2118,808.45,126.06,240.78,326.18,1,1,1,1
245,2119,81.19,181.23,282.33,336.41,1,1,1,1
245,2123,1657.93,76.24,325.71,395.47,1,1,1,0
245,2122,320.62,227.67,92.61,119.99,1,1,1,0
246,2115,524.9,235.78,145.86,164.16,1,1,1,0
246,2116,606.32,156.79,191.98,207.84,1,1,1,0
246,2117,1283.28,110.95,397.15,428.32,1,1,1,1
246,2118,813.5,125.97,240.47,325.66,1,1,1,1
246,2119,72.01,179.3,288.31,341.82,1,1,1,1
246,2123,1654.83,75.05,325.36,394.51,1,1,1,0
246,2122,318.68,227.6,94.13,121.26,1,1,1,0
247,2115,525.74,235.95,144.83,162.95,1,1,1,0
247,2116,605.42,156.97,194.2,210.35,1,1,1,0
247,2117,1282.95,108.22,399.78,433.82,1,1,1,1
247,2118,817.91,125.7,240.15,325.07,1,1,1,1
247,2119,65.75,181.99,293.98,347.21,1,1,1,1
247,2123,1657.97,75.33,321.6,387.69,1,1,1,0
247,2122,316.73,227.57,96.5,123.6,1,1,1,0
248,2115,526.24,236.02,143.68,161.69,1,1,1,0
248,2116,604.83,157.08,195.36,211.86,1,1,1,0
248,2117,1285.39,106.66,400.75,436.96,1,1,1,1
248,2118,822.14,124.76,240.49,325.65,1,1,1,1
248,2119,67.72,184.85,292.0,342.33,1,1,1,1
248,2123,1656.25,77.11,324.71,389.85,1,1,1,0
248,2122,315.96,227.35,96.77,122.97,1,1,1,0
249,2115,525.65,235.95,147.64,166.32,1,1,1,0
249,2116,606.32,156.76,194.32,210.6,1,1,1,0
249,2117,1294.38,102.39,402.76,439.8,1,1,1,1
249,2118,829.53,123.68,240.13,325.18,1,1,1,1
249,2119,67.59,191.38,284.23,327.84,1,1,1,1
249,2123,1647.66,81.22,332.46,397.65,1,1,1,0
249,2122,314.81,227.06,98.33,124.14,1,1,1,0
250,2115,525.78,235.92,149.4,168.43,1,1,1,0
250,2116,607.56,157.06,192.96,208.87,1,1,1,0
250,2117,1302.6,95.52,406.87,445.28,1,1,1,1
250,2118,835.2,122.95,238.94,323.71,1,1,1,1
250,2119,43.67,188.64,292.37,328.4,1,1,1,1
250,2123,1645.98,81.57,338.7,405.27,1,1,1,0
250,2122,314.07,226.85,99.22,124.44,1,1,1,0
251,2115,525.88,236.01,148.98,168.14,1,1,1,0
251,2116,608.46,157.6,192.52,208.16,1,1,1,0
251,2117,1309.1,89.57,411.3,451.05,1,1,1,1
251,2118,838.93,122.16,238.37,322.86,1,1,1,1
251,2119,24.21,184.84,303.79,333.43,1,1,1,1
251,2123,1646.96,80.89,339.65,404.97,1,1,1,0
251,2122,312.97,226.47,99.67,124.03,1,1,1,0
252,2115,526.14,236.15,146.79,165.92,1,1,1,0
252,2116,609.84,157.63,191.76,207.27,1,1,1,0
252,2117,1314.62,86.16,414.85,455.94,1,1,1,1
252,2118,841.84,121.25,238.18,322.36,1,1,1,1
252,2119,10.85,183.63,312.55,337.12,1,1,1,1
252,2123,1646.85,81.67,336.44,401.28,1,1,1,0
252,2122,314.34,226.43,99.17,122.74,1,1,1,0
253,2115,528.81,236.61,142.8,160.67,1,1,1,0
253,2116,616.0,155.47,189.08,205.91,1,1,1,0
253,2117,1318.68,79.09,424.93,468.46,1,1,1,1
253,2118,844.94,121.2,237.91,321.88,1,1,1,1
253,2119,8.08,188.95,313.67,337.94,1,1,1,1
253,2123,1648.21,81.14,335.76,401.36,1,1,1,0
253,2122,314.96,226.12,99.25,122.34,1,1,1,0
254,2115,529.97,236.27,143.82,161.2,1,1,1,0
254,2116,619.31,155.87,186.18,204.37,1,1,1,0
254,2117,1321.81,75.48,430.25,475.49,1,1,1,1
254,2118,847.42,121.28,237.41,320.82,1,1,1,1
254,2119,0,189.02,314.5,342.21,1,1,1,1
254,2123,1647.48,81.21,336.55,403.42,1,1,1,0
254,2122,315.22,225.9,99.67,122.48,1,1,1,0
255,2115,529.78,236.45,143.42,160.51,1,1,1,0
255,2116,621.31,156.84,182.81,202.18,1,1,1,0
255,2117,1325.8,75.64,431.33,477.38,1,1,1,1
255,2118,849.66,120.71,237.63,320.63,1,1,1,1
255,2119,0,189.14,307.88,345.3,1,1,1,1
255,2123,1647.44,81.41,336.5,404.73,1,1,1,0
255,2122,315.47,225.53,99.97,122.63,1,1,1,0
256,2115,529.93,236.72,142.41,159.06,1,1,1,0
256,2116,625.76,156.93,177.37,197.65,1,1,1,0
256,2117,1327.88,74.41,435.23,482.49,1,1,1,1
256,2118,852.03,120.29,237.67,320.38,1,1,1,1
256,2119,0,186.62,302.46,352.78,1,1,1,1
256,2123,1647.82,82.76,335.8,405.46,1,1,1,0
256,2122,316.0,225.39,100.03,122.49,1,1,1,0
257,2115,529.97,236.62,143.46,160.14,1,1,1,0
257,2116,624.71,155.87,174.32,195.25,1,1,1,0
257,2117,1329.24,69.88,438.58,486.47,1,1,1,1
257,2118,854.53,119.74,236.68,318.71,1,1,1,1
257,2119,0,183.5,294.73,366.2,1,1,1,1
257,2123,1646.45,84.73,330.73,402.21,1,1,1,0
257,2122,316.56,225.45,99.74,121.92,1,1,1,0
258,2115,530.62,236.58,142.57,158.96,1,1,1,0
258,2116,624.74,156.39,171.55,193.28,1,1,1,0
258,2117,1329.27,67.63,440.68,489.23,1,1,1,1
258,2118,855.31,119.53,236.46,318.1,1,1,1,1
258,2119,0,184.37,288.63,370.39,1,1,1,1
258,2123,1652.52,86.65,326.89,399.72,1,1,1,0
258,2122,316.86,225.27,99.87,121.91,1,1,1,0
259,2115,531.78,236.97,141.38,157.32,1,1,1,0
259,2116,625.2,157.11,169.64,192.08,1,1,1,0
259,2117,1327.9,66.66,442.5,491.92,1,1,1,1
259,2118,855.88,121.05,235.64,316.69,1,1,1,1
259,2119,0,185.32,285.19,373.67,1,1,1,1
259,2123,1655.71,87.94,323.74,397.35,1,1,1,0
259,2122,316.71,225.31,100.06,122.0,1,1,1,0
260,2115,532.65,237.31,140.05,155.52,1,1,1,0
260,2116,625.59,157.58,168.51,191.67,1,1,1,0
260,2117,1326.67,66.17,444.43,494.98,1,1,1,1
260,2118,856.45,123.43,234.46,314.78,1,1,1,1
260,2119,0,186.49,283.04,375.21,1,1,1,1
260,2123,1655.61,89.29,320.43,394.33,1,1,1,0
260,2122,316.55,225.33,100.33,122.24,1,1,1,0
261,2115,533.71,237.24,138.88,154.07,1,1,1,0
261,2116,626.55,160.77,167.3,191.15,1,1,1,0
261,2117,1325.65,65.96,446.13,497.69,1,1,1,1
261,2118,856.16,127.62,234.09,313.79,1,1,1,1
261,2119,0,184.59,295.69,389.48,1,1,1,1
261,2123,1653.57,89.06,316.86,391.49,1,1,1,0
261,2122,316.7,225.24,100.41,122.22,1,1,1,0
262,2115,534.01,237.2,138.82,153.96,1,1,1,0
262,2116,628.46,163.67,165.39,189.69,1,1,1,0
262,2117,1325.18,65.66,446.81,499.28,1,1,1,1
262,2118,855.34,130.37,233.66,312.65,1,1,1,1
262,2119,0,188.35,303.55,391.5,1,1,1,1
262,2123,1654.95,90.74,314.49,390.23,1,1,1,0
262,2122,316.67,225.22,100.63,122.42,1,1,1,0
263,2115,533.66,237.39,139.5,154.74,1,1,1,0
263,2116,630.83,166.05,162.98,187.47,1,1,1,0
263,2117,1321.47,64.53,449.28,503.02,1,1,1,1
263,2118,853.31,131.47,234.42,313.16,1,1,1,1
263,2119,0,191.01,308.18,387.79,1,1,1,1
263,2123,1656.68,93.63,311.27,388.07,1,1,1,0
263,2122,316.64,225.21,100.74,122.49,1,1,1,0
264,2115,534.38,237.26,139.84,155.06,1,1,1,0
264,2116,633.16,167.11,160.81,185.27,1,1,1,0
264,2117,1319.65,62.67,450.93,506.0,1,1,1,1
264,2118,850.96,132.35,234.62,312.88,1,1,1,1
264,2119,0,193.62,306.69,380.27,1,1,1,1
264,2123,1658.1,92.68,311.77,389.88,1,1,1,0
264,2122,316.55,225.21,100.95,122.71,1,1,1,0
265,2115,535.2,237.21,140.43,155.6,1,1,1,0
265,2116,636.72,166.67,159.45,183.9,1,1,1,0
265,2117,1319.09,62.61,452.8,509.19,1,1,1,1
265,2118,847.15,132.74,234.9,313.1,1,1,1,1
265,2119,0,192.31,301.97,376.19,1,1,1,1
265,2123,1658.7,91.39,311.9,391.88,1,1,1,0
265,2122,316.44,225.21,101.18,122.99,1,1,1,0
266,2115,535.89,237.18,140.09,155.02,1,1,1,0
266,2116,640.4,166.78,158.24,182.53,1,1,1,0
266,2117,1320.62,63.83,451.54,509.09,1,1,1,1
266,2118,844.05,132.85,235.1,313.6,1,1,1,1
266,2119,0,189.5,299.71,377.87,1,1,1,1
266,2123,1657.5,92.06,310.05,390.65,1,1,1,0
266,2122,316.37,225.12,101.33,123.2,1,1,1,0
267,2115,536.34,237.17,140.93,155.62,1,1,1,0
267,2116,643.2,166.69,157.29,181.36,1,1,1,0
267,2117,1321.36,65.25,450.7,509.43,1,1,1,1
267,2118,840.16,133.06,235.86,314.81,1,1,1,1
267,2119,0,189.04,298.38,380.64,1,1,1,1
267,2123,1654.8,93.29,307.49,388.8,1,1,1,0
267,2122,316.34,225.08,101.38,123.27,1,1,1,0
268,2115,536.65,237.17,141.94,156.25,1,1,1,0
268,2116,645.38,166.43,157.01,180.98,1,1,1,0
268,2117,1323.54,68.7,448.1,507.96,1,1,1,1
268,2118,836.54,132.61,237.29,317.17,1,1,1,1
268,2119,0,187.77,300.39,380.55,1,1,1,1
268,2123,1656.41,92.52,307.74,389.71,1,1,1,0
268,2122,316.54,225.07,101.39,123.29,1,1,1,0
269,2115,537.44,237.17,143.12,156.89,1,1,1,0
269,2116,648.23,166.32,157.57,181.68,1,1,1,0
269,2117,1327.6,71.83,446.95,507.5,1,1,1,1
269,2118,829.37,136.09,237.57,317.77,1,1,1,1
269,2119,0,191.96,305.64,372.01,1,1,1,1
269,2123,1656.53,94.3,305.65,388.57,1,1,1,0
269,2122,316.81,225.07,101.38,123.3,1,1,1,0
270,2115,537.56,237.17,143.89,157.14,1,1,1,0
270,2116,650.52,166.66,157.64,181.79,1,1,1,0
270,2117,1331.45,74.42,445.01,505.85,1,1,1,1
270,2118,822.73,138.77,238.46,318.99,1,1,1,1
270,2119,0,195.76,309.23,365.69,1,1,1,1
270,2123,1654.53,93.95,305.83,390.15,1,1,1,0
270,2122,317.32,225.07,101.37,123.29,1,1,1,0
271,2115,537.15,237.26,146.64,159.72,1,1,1,0
271,2116,652.27,167.37,157.38,181.46,1,1,1,0
271,2117,1334.31,75.7,442.98,503.86,1,1,1,1
271,2118,816.12,143.02,239.97,320.94,1,1,1,1
271,2119,0,192.35,313.04,363.32,1,1,1,1
271,2123,1654.31,93.6,304.88,390.75,1,1,1,0
271,2122,317.55,225.08,101.28,123.09,1,1,1,0
272,2115,537.33,237.2,147.16,159.8,1,1,1,0
272,2116,654.46,167.82,156.51,180.57,1,1,1,0
272,2117,1338.85,74.98,441.58,501.85,1,1,1,1
272,2118,808.44,146.97,241.52,322.46,1,1,1,1
272,2119,0,191.06,316.34,360.06,1,1,1,1
272,2123,1654.67,93.34,303.71,390.88,1,1,1,0
272,2122,317.92,224.88,101.08,122.81,1,1,1,0
273,2115,536.32,237.27,148.68,161.51,1,1,1,0
273,2116,657.37,168.28,155.88,180.37,1,1,1,0
273,2117,1348.12,73.9,438.57,497.86,1,1,1,1
273,2118,796.9,156.15,242.91,323.41,1,1,1,1
273,2119,0,188.96,323.63,359.26,1,1,1,1
273,2123,1659.2,96.31,300.91,389.44,1,1,1,0
273,2122,318.27,224.81,101.36,123.1,1,1,1,0
274,2115,535.59,237.4,147.92,160.86,1,1,1,0
274,2116,659.27,167.63,156.32,181.52,1,1,1,0
274,2117,1353.6,73.18,436.54,494.83,1,1,1,1
274,2118,788.78,162.33,244.8,325.35,1,1,1,1
274,2119,0,189.08,331.13,362.51,1,1,1,1
274,2123,1661.71,96.32,299.9,389.6,1,1,1,0
274,2122,318.77,224.98,101.52,123.01,1,1,1,0
275,2115,534.82,237.45,148.18,161.79,1,1,1,0
275,2116,661.85,167.08,156.6,181.87,1,1,1,0
275,2117,1358.44,74.51,433.24,490.49,1,1,1,1
275,2118,781.56,167.26,246.95,327.94,1,1,1,1
275,2119,0,190.62,341.65,371.82,1,1,1,1
275,2123,1668.23,98.09,296.36,387.87,1,1,1,0
275,2122,318.7,224.95,101.69,122.48,1,1,1,0
