1,1525,219.07,212.59,150.97,173.72,1,1,1,0
1,1526,706.34,179.15,408.62,556.12,1,1,1,1
1,1527,701.52,222.39,36.16,42.49,1,1,1,0
2,1525,207.11,215.99,150.83,173.46,1,1,1,0
2,1526,701.5,178.88,406.78,553.77,1,1,1,1
2,1527,702.33,222.91,37.68,44.32,1,1,1,0
3,1525,193.31,218.22,150.69,173.18,1,1,1,0
3,1526,693.17,176.96,406.41,553.37,1,1,1,1
3,1527,702.97,222.77,37.87,44.63,1,1,1,0
4,1525,176.63,217.24,150.94,173.33,1,1,1,0
4,1526,686.1,176.36,406.25,553.28,1,1,1,1
5,1525,160.2,215.19,152.64,175.05,1,1,1,0
5,1526,679.9,178.11,402.99,548.72,1,1,1,1
6,1525,145.76,214.69,151.1,172.84,1,1,1,0
6,1526,675.65,177.97,400.78,545.81,1,1,1,1
7,1525,131.49,215.16,149.7,170.76,1,1,1,0
7,1526,669.67,177.5,399.44,544.04,1,1,1,1
8,1525,116.34,215.75,149.94,170.67,1,1,1,0
8,1526,662.29,176.4,400.86,545.69,1,1,1,1
9,1525,103.38,215.66,150.7,170.55,1,1,1,0
9,1526,657.04,175.19,401.31,546.35,1,1,1,1
10,1525,85.71,215.32,151.59,171.24,1,1,1,0
10,1526,652.98,173.54,401.4,546.65,1,1,1,1
11,1525,68.18,214.38,151.97,171.11,1,1,1,0
11,1526,649.65,173.05,400.71,545.48,1,1,1,1
12,1525,52.0,214.14,151.95,170.56,1,1,1,0
12,1526,646.74,174.11,400.24,544.27,1,1,1,1
13,1525,35.82,214.66,152.73,170.98,1,1,1,0
13,1526,644.79,174.73,400.63,544.46,1,1,1,1
14,1525,20.8,216.77,151.86,169.43,1,1,1,0
14,1526,644.03,176.48,400.44,543.45,1,1,1,1
15,1525,3.64,219.57,151.91,168.86,1,1,1,0
15,1526,643.69,177.35,400.05,542.1,1,1,1,1
16,1525,0,223.92,138.34,164.75,1,1,1,0
16,1526,643.36,177.87,400.64,542.23,1,1,1,1
17,1525,0,226.65,122.15,163.52,1,1,1,0
17,1526,644.01,179.66,398.8,539.11,1,1,1,1
18,1525,0,230.23,105.33,164.71,1,1,1,0
18,1526,645.53,180.63,397.41,536.46,1,1,1,1
19,1525,0,235.52,87.07,161.58,1,1,1,0
19,1526,646.63,181.88,396.08,534.21,1,1,1,1
20,1525,0,240.47,66.23,145.9,1,1,1,0
20,1526,646.23,183.04,395.78,532.71,1,1,1,1
21,1525,0,243.99,45.48,133.64,1,1,1,0
21,1526,646.51,183.85,394.98,530.2,1,1,1,1
22,1525,0,248.16,18.27,124.13,1,1,1,0
22,1526,646.91,184.33,395.05,529.11,1,1,1,1
23,1526,647.61,184.49,395.71,528.76,1,1,1,1
24,1526,648.33,185.72,395.96,527.88,1,1,1,1
25,1526,649.34,186.27,396.27,527.1,1,1,1,1
26,1526,650.66,187.25,395.37,524.86,1,1,1,1
27,1526,652.09,186.29,397.22,526.56,1,1,1,1
28,1526,654.52,187.21,398.15,526.75,1,1,1,1
29,1526,655.79,187.93,398.61,526.86,1,1,1,1
30,1526,656.46,187.89,399.97,528.42,1,1,1,1
31,1526,657.49,188.35,401.31,530.13,1,1,1,1
32,1526,657.31,189.4,403.71,533.48,1,1,1,1
33,1526,656.97,190.37,406.71,537.73,1,1,1,1
34,1526,656.97,195.08,410.71,542.9,1,1,1,1
35,1526,657.62,199.91,413.27,546.91,1,1,1,1
36,1526,658.02,206.86,415.46,550.38,1,1,1,1
37,1526,656.31,211.62,419.15,555.4,1,1,1,1
38,1526,656.0,219.08,420.6,557.84,1,1,1,1
39,1526,658.36,224.91,425.61,565.13,1,1,1,1
40,1526,662.47,232.14,430.51,572.95,1,1,1,1
41,1526,666.24,239.82,436.54,583.42,1,1,1,1
42,1526,676.77,247.63,443.31,594.87,1,1,1,1
43,1526,693.29,255.1,446.66,601.97,1,1,1,1
43,1527,749.39,227.63,35.16,40.62,1,1,1,0
44,1526,714.36,264.09,448.91,607.68,1,1,1,1
44,1527,750.13,227.54,34.98,40.44,1,1,1,0
45,1526,734.37,275.44,448.37,609.89,1,1,1,1
45,1527,751.31,228.09,34.92,40.37,1,1,1,0
46,1526,763.79,285.31,444.37,605.62,1,1,1,1
46,1527,752.56,228.27,34.91,40.36,1,1,1,0
47,1526,794.53,291.82,443.24,604.0,1,1,1,1
47,1527,752.73,227.99,36.21,41.89,1,1,1,0
48,1526,824.38,297.73,440.94,601.56,1,1,1,1
48,1527,753.4,227.89,37.03,42.82,1,1,1,0
49,1526,855.68,302.72,433.71,591.58,1,1,1,1
49,1527,754.36,227.23,37.48,43.36,1,1,1,0
50,1526,886.5,302.24,428.27,582.98,1,1,1,1
50,1527,755.12,227.7,36.75,42.52,1,1,1,0
51,1526,911.96,300.93,421.23,572.2,1,1,1,1
51,1527,755.69,227.16,36.61,42.38,1,1,1,0
52,1526,935.56,300.82,413.19,560.32,1,1,1,1
52,1527,756.21,226.36,36.69,42.52,1,1,1,0
53,1526,955.67,297.66,407.07,550.0,1,1,1,1
53,1527,756.51,225.16,37.25,43.17,1,1,1,0
54,1526,972.79,294.51,399.4,538.39,1,1,1,1
54,1527,757.08,224.82,37.29,43.21,1,1,1,0
55,1526,987.4,287.14,393.1,528.97,1,1,1,1
55,1527,757.66,224.5,37.31,43.21,1,1,1,0
56,1526,997.26,278.35,384.5,516.66,1,1,1,1
56,1527,757.85,223.4,37.31,43.2,1,1,1,0
57,1526,1004.22,262.55,380.17,511.01,1,1,1,1
57,1527,758.42,222.69,37.06,42.99,1,1,1,0
58,1526,1007.98,253.65,372.22,500.55,1,1,1,1
58,1527,758.58,222.44,37.03,42.9,1,1,1,0
59,1526,1012.05,243.64,363.51,488.3,1,1,1,1
59,1527,759.08,221.77,36.89,42.67,1,1,1,0
60,1526,1010.47,229.39,360.94,483.78,1,1,1,1
60,1527,759.16,221.43,37.01,42.77,1,1,1,0
61,1526,1004.21,216.44,357.24,477.73,1,1,1,1
61,1527,759.09,220.92,37.22,43.01,1,1,1,0
62,1526,999.34,207.52,352.58,470.81,1,1,1,1
62,1527,759.04,221.14,37.31,43.09,1,1,1,0
63,1526,993.61,202.06,347.24,463.67,1,1,1,1
63,1527,759.33,220.35,37.48,43.32,1,1,1,0
64,1526,990.46,196.05,345.36,461.12,1,1,1,1
64,1527,759.03,219.76,37.54,43.41,1,1,1,0
65,1526,985.91,194.89,341.52,455.59,1,1,1,1
65,1527,759.45,219.96,37.25,43.04,1,1,1,0
66,1526,981.07,193.4,342.57,455.92,1,1,1,1
66,1527,759.4,220.25,36.75,42.49,1,1,1,0
67,1526,977.19,195.27,340.22,452.44,1,1,1,1
67,1527,759.45,220.57,36.39,42.08,1,1,1,0
68,1526,971.18,199.9,337.95,449.24,1,1,1,1
68,1527,758.78,220.9,36.81,42.53,1,1,1,0
69,1526,966.55,204.1,337.1,447.55,1,1,1,1
69,1527,757.69,221.03,37.84,43.7,1,1,1,0
70,1526,961.25,207.08,339.6,450.63,1,1,1,1
70,1527,757.07,221.48,38.65,44.53,1,1,1,0
71,1526,956.03,209.57,341.13,452.63,1,1,1,1
71,1527,757.09,221.95,38.44,44.25,1,1,1,0
72,1526,951.41,211.06,340.78,452.61,1,1,1,1
72,1527,757.01,222.14,38.52,44.33,1,1,1,0
73,1526,947.01,211.27,341.33,453.92,1,1,1,1
73,1527,756.16,222.41,39.4,45.35,1,1,1,0
74,1526,941.81,214.17,340.84,453.31,1,1,1,1
74,1527,754.96,222.41,40.72,46.91,1,1,1,0
75,1526,934.75,214.89,341.47,454.36,1,1,1,1
75,1527,754.58,222.8,41.05,47.3,1,1,1,0
76,1526,924.91,214.78,344.33,458.42,1,1,1,1
76,1527,755.12,223.15,40.61,46.85,1,1,1,0
77,1526,917.79,215.34,344.56,460.19,1,1,1,1
77,1527,754.8,223.77,40.7,47.06,1,1,1,0
78,1526,908.81,214.87,347.17,465.18,1,1,1,1
78,1527,754.94,224.1,40.24,46.53,1,1,1,0
78,1529,0,255.72,59.04,176.1,1,1,1,0
79,1526,891.99,213.01,353.12,474.31,1,1,1,1
79,1527,756.11,224.72,38.61,44.53,1,1,1,0
79,1529,0,250.42,75.77,189.61,1,1,1,0
80,1526,879.05,212.41,356.21,479.64,1,1,1,1
80,1527,756.62,225.35,37.88,43.55,1,1,1,0
80,1529,0,246.4,87.15,196.35,1,1,1,0
81,1526,868.19,210.82,357.8,483.42,1,1,1,1
81,1527,757.0,225.77,37.22,42.59,1,1,1,0
81,1529,0,244.75,95.24,195.58,1,1,1,0
82,1526,855.62,209.04,359.91,487.18,1,1,1,1
82,1527,757.3,226.22,36.66,41.84,1,1,1,0
82,1529,0,244.81,103.04,195.76,1,1,1,0
83,1526,842.69,207.2,363.28,492.51,1,1,1,1
83,1527,757.38,226.08,36.52,41.57,1,1,1,0
83,1529,0,246.11,111.65,196.56,1,1,1,0
84,1526,828.47,203.46,367.88,500.28,1,1,1,1
84,1527,758.09,226.61,35.91,40.68,1,1,1,0
84,1529,0,247.49,119.73,198.76,1,1,1,0
85,1526,811.47,201.38,372.07,507.01,1,1,1,1
85,1527,758.78,227.31,35.64,40.15,1,1,1,0
85,1529,0,248.76,128.02,198.93,1,1,1,0
86,1526,794.11,197.77,378.62,516.66,1,1,1,1
86,1527,758.6,227.15,36.42,40.99,1,1,1,0
86,1529,0,251.71,132.08,195.23,1,1,1,0
87,1526,779.27,193.88,383.21,523.97,1,1,1,1
87,1527,758.77,225.79,37.01,41.5,1,1,1,0
87,1529,0,254.88,138.26,190.06,1,1,1,0
88,1526,763.37,194.3,385.63,528.31,1,1,1,1
88,1527,759.56,225.16,36.58,40.91,1,1,1,0
88,1529,0,256.67,145.99,189.7,1,1,1,0
89,1526,749.01,193.93,391.16,537.1,1,1,1,1
89,1527,759.03,224.62,38.87,43.5,1,1,1,0
89,1529,4.41,256.9,148.54,188.74,1,1,1,0
90,1526,730.58,193.15,398.67,548.07,1,1,1,1
90,1529,11.2,256.26,150.34,189.47,1,1,1,0
91,1526,714.13,194.07,401.41,552.12,1,1,1,1
91,1529,20.12,256.11,149.17,186.63,1,1,1,0
92,1526,694.51,192.02,406.23,558.29,1,1,1,1
92,1529,30.28,255.83,148.2,183.92,1,1,1,0
93,1526,679.63,190.78,407.1,559.01,1,1,1,1
93,1529,40.31,255.81,148.18,182.82,1,1,1,0
94,1526,662.2,190.65,411.24,565.88,1,1,1,1
94,1529,51.37,255.5,148.85,182.93,1,1,1,0
95,1526,642.87,192.4,416.21,573.25,1,1,1,1
95,1529,63.74,254.57,147.65,180.98,1,1,1,0
96,1526,625.59,196.55,419.88,578.35,1,1,1,1
96,1529,78.84,255.42,145.77,178.26,1,1,1,0
97,1526,610.66,202.4,422.29,582.19,1,1,1,1
97,1529,95.46,256.95,142.72,174.04,1,1,1,0
98,1526,596.53,205.14,426.8,588.48,1,1,1,1
98,1529,112.77,258.93,141.45,172.1,1,1,1,0
98,1530,0,291.79,82.53,152.21,1,1,1,0
99,1526,589.04,213.45,423.39,583.43,1,1,1,1
99,1529,130.31,260.45,141.03,171.44,1,1,1,0
99,1530,0,289.62,94.56,154.28,1,1,1,0
100,1526,580.81,217.62,421.41,580.28,1,1,1,1
100,1529,148.86,263.41,137.85,167.22,1,1,1,0
100,1530,0,288.43,106.22,153.57,1,1,1,0
101,1526,572.38,218.15,421.5,579.92,1,1,1,1
101,1529,167.37,266.11,136.55,165.29,1,1,1,0
101,1530,0,287.67,117.22,152.38,1,1,1,0
102,1526,568.31,217.5,421.22,578.87,1,1,1,1
102,1529,186.21,268.78,134.19,162.12,1,1,1,0
102,1530,7.57,287.48,121.42,151.53,1,1,1,0
103,1526,567.18,215.21,421.17,578.36,1,1,1,1
103,1529,206.78,271.65,127.82,153.41,1,1,1,0
103,1530,19.14,287.46,122.05,150.4,1,1,1,0
104,1526,568.99,213.7,421.49,578.27,1,1,1,1
104,1529,225.01,274.5,129.26,155.23,1,1,1,0
104,1530,34.69,288.33,119.93,145.4,1,1,1,0
104,1531,1880.93,189.96,108.31,162.48,1,1,1,0
105,1526,571.49,211.9,421.89,578.55,1,1,1,1
105,1529,244.69,276.88,129.26,155.12,1,1,1,0
105,1530,49.77,288.26,118.71,141.53,1,1,1,0
105,1531,1867.08,184.17,108.95,163.32,1,1,1,0
106,1526,578.67,209.61,421.36,577.78,1,1,1,1
106,1529,266.65,278.5,125.5,149.92,1,1,1,0
106,1530,60.2,287.94,124.04,146.17,1,1,1,0
106,1531,1848.28,180.13,116.14,174.11,1,1,1,0
107,1526,586.33,207.73,421.37,577.63,1,1,1,1
107,1529,285.36,277.8,127.24,152.15,1,1,1,0
107,1530,75.78,290.47,121.66,141.16,1,1,1,0
107,1531,1831.07,176.75,118.68,177.67,1,1,1,0
108,1526,595.21,205.93,420.96,577.01,1,1,1,1
108,1529,304.66,275.49,126.4,151.4,1,1,1,0
108,1530,92.23,292.57,120.38,137.76,1,1,1,0
108,1531,1815.71,172.34,120.41,179.34,1,1,1,0
109,1526,606.0,203.66,419.81,575.14,1,1,1,1
109,1529,327.21,272.95,118.62,141.12,1,1,1,0
109,1530,112.44,295.39,115.39,130.02,1,1,1,0
109,1531,1801.6,168.82,120.98,178.93,1,1,1,0
110,1526,619.51,198.73,420.64,576.48,1,1,1,1
110,1529,343.95,270.07,121.5,145.2,1,1,1,0
110,1530,129.82,296.7,114.45,126.97,1,1,1,0
110,1531,1788.52,166.46,121.67,178.41,1,1,1,0
111,1526,632.01,193.71,422.12,579.34,1,1,1,1
111,1529,361.48,269.37,120.69,144.53,1,1,1,0
111,1530,145.98,298.69,114.91,125.88,1,1,1,0
111,1531,1774.59,165.13,121.67,176.67,1,1,1,0
112,1526,648.12,191.26,422.91,580.59,1,1,1,1
112,1529,378.17,269.8,118.43,142.05,1,1,1,0
112,1530,159.68,300.08,117.04,126.51,1,1,1,0
112,1531,1759.91,161.63,123.9,178.46,1,1,1,0
113,1526,665.04,189.2,421.3,579.04,1,1,1,1
113,1529,392.87,269.76,116.9,139.58,1,1,1,0
113,1530,177.59,301.67,116.68,124.29,1,1,1,0
113,1531,1746.15,161.45,124.62,177.66,1,1,1,0
114,1526,678.37,183.6,423.31,582.49,1,1,1,1
114,1529,406.29,270.55,115.6,138.33,1,1,1,0
114,1530,195.04,302.62,116.4,122.33,1,1,1,0
114,1531,1731.39,162.42,125.85,177.38,1,1,1,0
115,1526,697.46,181.16,417.81,576.21,1,1,1,1
115,1529,420.1,271.85,113.47,135.92,1,1,1,0
115,1530,212.63,301.49,118.63,123.33,1,1,1,0
115,1531,1717.37,163.3,126.65,176.82,1,1,1,0
116,1526,712.26,177.32,416.91,575.98,1,1,1,1
116,1529,433.57,272.73,112.85,134.7,1,1,1,0
116,1530,228.0,298.53,123.37,127.48,1,1,1,0
116,1531,1703.67,165.11,127.24,175.97,1,1,1,0
117,1526,725.44,176.46,413.55,572.19,1,1,1,1
117,1529,446.01,274.56,110.18,131.19,1,1,1,0
117,1530,250.79,296.13,113.36,114.66,1,1,1,0
117,1531,1688.38,165.77,129.55,177.91,1,1,1,0
118,1526,739.86,173.93,411.15,569.46,1,1,1,1
118,1529,457.11,275.52,110.27,131.09,1,1,1,0
118,1530,269.24,291.18,112.9,112.6,1,1,1,0
118,1531,1672.33,168.45,129.7,177.02,1,1,1,0
118,1532,1854.56,252.76,117.16,161.64,1,1,1,0
119,1526,752.22,171.76,409.3,566.14,1,1,1,1
119,1529,468.96,276.96,107.82,127.78,1,1,1,0
119,1530,285.58,285.8,114.81,113.59,1,1,1,0
119,1531,1655.4,170.71,130.16,176.65,1,1,1,0
119,1532,1840.95,251.9,120.29,165.65,1,1,1,0
120,1526,761.3,168.73,411.84,570.02,1,1,1,1
120,1529,480.21,278.59,106.52,125.92,1,1,1,0
120,1530,304.1,280.96,111.96,109.05,1,1,1,0
120,1531,1637.89,175.88,129.72,175.59,1,1,1,0
120,1532,1827.08,253.89,121.21,166.15,1,1,1,0
121,1526,767.28,171.36,410.19,565.82,1,1,1,1
121,1529,490.44,279.56,105.72,124.51,1,1,1,0
121,1530,319.36,275.62,113.35,109.21,1,1,1,0
121,1531,1620.03,178.84,130.79,176.16,1,1,1,0
121,1532,1813.57,255.69,122.3,166.18,1,1,1,0
122,1526,772.73,171.55,411.22,565.54,1,1,1,1
122,1529,500.83,280.09,104.47,122.85,1,1,1,0
122,1530,331.07,271.54,116.54,111.76,1,1,1,0
122,1531,1602.23,184.32,130.52,174.78,1,1,1,0
122,1532,1798.74,256.04,125.13,167.86,1,1,1,0
123,1526,781.81,172.08,412.05,565.46,1,1,1,1
123,1529,510.11,279.03,102.56,120.29,1,1,1,0
123,1530,343.52,268.01,115.62,110.44,1,1,1,0
123,1531,1583.84,186.77,132.58,176.63,1,1,1,0
123,1532,1784.6,256.55,126.49,166.29,1,1,1,0
124,1526,789.18,172.63,411.8,563.96,1,1,1,1
124,1529,519.86,275.15,98.69,114.95,1,1,1,0
124,1530,353.1,263.06,116.9,111.92,1,1,1,0
124,1531,1566.16,189.24,133.7,177.32,1,1,1,0
124,1532,1767.67,256.27,128.4,164.84,1,1,1,0
125,1526,793.99,175.09,411.77,562.42,1,1,1,1
125,1529,529.59,269.07,95.67,110.71,1,1,1,0
125,1530,361.04,258.12,117.98,113.31,1,1,1,0
125,1531,1548.63,190.32,134.7,177.96,1,1,1,0
125,1532,1746.62,256.25,130.26,163.56,1,1,1,0
126,1526,796.64,171.16,417.4,569.56,1,1,1,1
126,1529,545.05,258.95,88.42,101.15,1,1,1,0
126,1530,373.38,249.99,117.3,113.26,1,1,1,0
126,1531,1518.46,188.89,135.64,178.99,1,1,1,0
126,1532,1710.92,255.8,132.34,162.27,1,1,1,0
126,1527,785.15,226.28,41.99,49.48,1,1,1,0
127,1526,802.63,173.98,415.35,565.6,1,1,1,1
127,1529,555.57,248.88,90.6,103.24,1,1,1,0
127,1530,380.6,242.86,117.98,114.87,1,1,1,0
127,1531,1496.08,187.21,136.87,180.25,1,1,1,0
127,1532,1681.85,253.89,135.23,162.1,1,1,1,0
127,1527,786.72,226.88,40.15,47.34,1,1,1,0
128,1526,806.47,174.7,414.78,564.09,1,1,1,1
128,1529,565.19,241.26,90.5,102.75,1,1,1,0
128,1530,386.47,235.54,117.73,115.49,1,1,1,0
128,1531,1477.04,185.84,137.53,180.81,1,1,1,0
128,1532,1654.26,251.75,139.02,163.26,1,1,1,0
128,1527,786.97,227.56,39.13,46.15,1,1,1,0
129,1526,809.49,174.69,414.05,562.24,1,1,1,1
129,1529,572.95,233.09,90.79,102.9,1,1,1,0
129,1530,393.72,229.65,114.13,112.47,1,1,1,0
129,1531,1458.89,183.8,138.73,182.29,1,1,1,0
129,1532,1628.28,249.96,141.12,162.9,1,1,1,0
129,1527,787.47,226.47,38.86,45.87,1,1,1,0
130,1526,810.71,173.21,414.67,562.27,1,1,1,1
130,1529,581.78,225.38,88.2,99.79,1,1,1,0
130,1530,398.69,224.9,112.37,111.02,1,1,1,0
130,1531,1441.12,183.7,138.5,181.74,1,1,1,0
130,1532,1603.32,249.3,143.4,163.16,1,1,1,0
130,1527,788.38,225.67,39.04,46.05,1,1,1,0
131,1526,810.65,172.37,414.67,561.4,1,1,1,1
131,1529,591.01,218.14,87.58,98.85,1,1,1,0
131,1530,402.57,219.59,112.03,111.42,1,1,1,0
131,1531,1424.27,185.15,137.75,180.02,1,1,1,0
131,1532,1580.07,250.37,144.79,162.16,1,1,1,0
131,1527,789.5,224.77,39.14,46.14,1,1,1,0
132,1526,808.15,167.79,418.36,566.18,1,1,1,1
132,1529,598.14,212.24,89.19,100.83,1,1,1,0
132,1530,406.36,215.48,111.67,111.68,1,1,1,0
132,1531,1405.27,186.58,137.03,178.24,1,1,1,0
132,1532,1557.07,249.89,148.24,163.69,1,1,1,0
132,1527,790.7,223.83,39.21,46.2,1,1,1,0
133,1526,805.07,166.98,418.91,566.7,1,1,1,1
133,1529,605.56,206.33,89.37,101.0,1,1,1,0
133,1530,410.43,212.42,111.88,112.7,1,1,1,0
133,1531,1386.21,190.3,136.39,176.17,1,1,1,0
133,1532,1531.36,251.82,151.72,165.56,1,1,1,0
133,1527,791.4,223.0,40.3,47.27,1,1,1,0
134,1526,802.56,163.04,418.26,565.41,1,1,1,1
134,1529,612.87,202.22,90.0,101.93,1,1,1,0
134,1530,415.91,209.94,109.76,111.01,1,1,1,0
134,1531,1368.56,195.08,136.15,173.59,1,1,1,0
134,1532,1507.49,254.25,152.69,164.58,1,1,1,0
134,1527,792.57,223.12,39.63,46.45,1,1,1,0
135,1526,796.58,159.99,419.83,567.7,1,1,1,1
135,1529,620.61,198.88,89.91,102.12,1,1,1,0
135,1530,421.09,207.19,109.59,111.59,1,1,1,0
135,1531,1349.29,199.15,135.55,171.52,1,1,1,0
135,1532,1486.15,258.37,157.04,167.38,1,1,1,0
135,1527,793.41,222.38,40.12,46.97,1,1,1,0
136,1526,791.42,159.69,420.46,568.57,1,1,1,1
136,1529,629.23,196.63,89.74,102.03,1,1,1,0
136,1530,427.29,206.31,107.63,110.22,1,1,1,0
136,1531,1330.01,205.63,133.62,167.76,1,1,1,0
136,1532,1464.44,262.67,160.5,168.43,1,1,1,0
137,1526,784.59,160.83,419.16,566.11,1,1,1,1
137,1529,637.24,195.27,90.6,103.44,1,1,1,0
137,1530,434.39,206.35,105.9,109.11,1,1,1,0
137,1531,1310.89,211.12,132.48,165.27,1,1,1,0
137,1532,1437.31,267.16,161.53,167.92,1,1,1,0
138,1526,775.46,160.31,418.91,564.57,1,1,1,1
138,1529,646.82,195.71,89.88,102.99,1,1,1,0
138,1530,443.47,207.11,105.05,108.72,1,1,1,0
138,1531,1287.62,217.29,132.02,162.98,1,1,1,0
138,1532,1410.18,269.52,162.24,167.41,1,1,1,0
139,1526,766.0,160.36,418.07,563.0,1,1,1,1
139,1529,656.81,196.35,88.11,101.05,1,1,1,0
139,1530,451.76,210.11,102.78,106.79,1,1,1,0
139,1531,1263.72,222.3,133.22,163.39,1,1,1,0
139,1532,1387.41,271.25,163.71,167.89,1,1,1,0
140,1526,754.47,159.22,419.4,564.01,1,1,1,1
140,1529,668.34,197.06,86.41,99.14,1,1,1,0
140,1530,460.83,213.48,100.21,104.17,1,1,1,0
140,1531,1239.72,226.55,133.26,162.28,1,1,1,0
140,1532,1364.27,272.74,163.22,166.18,1,1,1,0
141,1526,743.76,159.72,421.63,565.89,1,1,1,1
141,1529,680.18,194.73,84.43,96.64,1,1,1,0
141,1530,471.49,218.16,97.0,100.9,1,1,1,0
141,1531,1212.33,229.31,136.34,164.22,1,1,1,0
141,1532,1338.95,272.24,164.42,166.72,1,1,1,0
142,1526,736.02,160.05,422.93,567.71,1,1,1,1
142,1529,691.4,191.05,83.03,95.15,1,1,1,0
142,1530,482.62,221.68,93.77,97.4,1,1,1,0
142,1531,1188.12,230.63,138.6,165.77,1,1,1,0
142,1532,1314.49,270.61,164.55,166.91,1,1,1,0
143,1526,723.91,159.6,426.93,573.76,1,1,1,1
143,1529,703.28,187.88,81.63,93.63,1,1,1,0
143,1530,491.32,223.82,93.67,97.4,1,1,1,0
143,1531,1163.58,229.21,140.39,166.38,1,1,1,0
143,1532,1293.95,269.05,165.03,167.28,1,1,1,0
144,1526,716.76,159.55,426.76,574.74,1,1,1,1
144,1529,712.83,179.54,86.22,99.59,1,1,1,0
144,1530,500.95,223.89,92.7,96.53,1,1,1,0
144,1531,1143.61,228.75,140.21,165.44,1,1,1,0
144,1532,1272.1,265.74,168.06,170.69,1,1,1,0
145,1526,710.29,159.96,425.81,574.29,1,1,1,1
145,1529,722.73,171.37,88.85,102.93,1,1,1,0
145,1530,509.83,224.31,89.53,93.43,1,1,1,0
145,1531,1119.4,223.38,142.85,168.59,1,1,1,0
145,1532,1252.84,263.1,169.0,171.97,1,1,1,0
146,1526,705.27,159.24,423.81,572.59,1,1,1,1
146,1529,728.28,161.86,91.95,107.37,1,1,1,0
146,1530,519.39,220.59,87.69,91.52,1,1,1,0
146,1531,1101.86,220.53,142.73,168.19,1,1,1,0
146,1532,1231.9,260.99,169.75,173.13,1,1,1,0
147,1526,697.04,157.89,421.78,569.83,1,1,1,1
147,1529,736.37,153.76,88.39,103.62,1,1,1,0
147,1530,525.77,208.73,89.94,94.35,1,1,1,0
147,1531,1083.43,216.7,143.28,168.54,1,1,1,0
147,1532,1212.42,259.79,169.36,173.55,1,1,1,0
148,1526,687.68,156.7,422.76,570.27,1,1,1,1
148,1529,742.89,145.58,87.98,102.95,1,1,1,0
148,1530,532.2,199.59,88.91,94.01,1,1,1,0
148,1531,1066.6,214.23,143.33,168.27,1,1,1,0
148,1532,1190.46,257.66,169.83,174.97,1,1,1,0
149,1526,680.18,155.58,421.94,568.74,1,1,1,1
149,1530,538.53,189.48,90.83,96.73,1,1,1,0
149,1531,1051.44,211.69,143.41,168.37,1,1,1,0
149,1532,1171.34,257.66,169.01,175.09,1,1,1,0
150,1526,674.43,155.18,420.78,566.56,1,1,1,1
150,1530,545.78,181.46,90.41,96.57,1,1,1,0
150,1531,1035.51,210.93,143.1,168.41,1,1,1,0
150,1532,1153.71,257.68,168.05,175.11,1,1,1,0
151,1526,671.33,156.96,420.28,565.44,1,1,1,1
151,1530,552.03,174.46,90.99,97.53,1,1,1,0
151,1531,1019.91,211.84,142.16,168.03,1,1,1,0
151,1532,1133.23,259.29,166.33,174.3,1,1,1,0
152,1526,668.48,157.65,419.14,563.44,1,1,1,1
152,1530,556.9,168.0,91.01,98.1,1,1,1,0
152,1531,1003.12,212.89,147.55,176.36,1,1,1,0
152,1532,1113.91,261.71,164.98,173.17,1,1,1,0
153,1526,667.02,159.02,418.35,562.0,1,1,1,1
153,1530,562.05,162.15,88.99,96.34,1,1,1,0
153,1531,991.51,214.85,143.08,173.19,1,1,1,0
153,1532,1096.33,265.02,165.13,174.72,1,1,1,0
154,1526,669.2,158.15,417.81,560.48,1,1,1,1
154,1530,566.46,157.23,87.87,95.68,1,1,1,0
154,1532,1080.14,269.73,168.33,181.15,1,1,1,0
155,1526,671.77,158.92,415.3,555.25,1,1,1,1
155,1530,571.13,154.87,85.9,93.84,1,1,1,0
155,1532,1062.14,273.94,166.21,181.69,1,1,1,0
156,1526,671.48,156.72,418.01,558.21,1,1,1,1
156,1530,576.21,152.68,83.79,91.76,1,1,1,0
156,1532,1054.12,278.3,150.22,165.66,1,1,1,0
157,1526,668.88,153.11,425.85,569.72,1,1,1,1
157,1530,579.97,149.83,81.96,89.8,1,1,1,0
157,1532,1033.96,280.74,149.68,166.7,1,1,1,0
158,1526,669.68,151.97,431.77,579.0,1,1,1,1
158,1530,583.2,147.94,81.97,90.12,1,1,1,0
159,1526,673.13,155.21,430.29,578.07,1,1,1,1
159,1530,587.12,144.87,80.95,89.26,1,1,1,0
160,1526,677.78,154.89,430.4,579.24,1,1,1,1
160,1530,591.25,142.27,79.04,87.16,1,1,1,0
161,1526,685.83,154.98,425.88,573.88,1,1,1,1
161,1530,594.71,140.56,78.87,87.22,1,1,1,0
162,1526,693.69,155.23,420.2,566.41,1,1,1,1
162,1530,598.98,138.65,77.31,85.46,1,1,1,0
163,1526,700.11,154.73,415.95,560.58,1,1,1,1
163,1530,602.79,137.58,76.73,84.64,1,1,1,0
164,1526,706.42,152.45,413.72,557.31,1,1,1,1
164,1530,606.13,137.0,76.53,84.57,1,1,1,0
164,1534,1819.12,188.73,161.54,211.33,1,1,1,0
165,1526,712.27,151.11,411.43,553.82,1,1,1,1
165,1530,609.73,136.49,76.63,84.78,1,1,1,0
165,1534,1799.46,183.3,167.88,219.42,1,1,1,0
166,1526,715.76,148.02,412.68,555.57,1,1,1,1
166,1530,614.51,136.8,76.08,84.48,1,1,1,0
166,1534,1776.95,176.91,176.65,229.97,1,1,1,0
167,1526,719.2,144.7,413.54,556.87,1,1,1,1
167,1530,620.17,137.16,76.63,84.95,1,1,1,0
167,1534,1751.34,173.95,181.74,235.19,1,1,1,0
168,1526,722.13,142.68,413.61,557.4,1,1,1,1
168,1530,624.34,137.02,77.2,85.8,1,1,1,0
168,1534,1720.3,173.91,183.12,235.52,1,1,1,0
169,1526,723.97,140.37,413.6,557.63,1,1,1,1
169,1530,629.65,137.73,75.98,84.54,1,1,1,0
169,1534,1685.28,177.38,184.33,235.14,1,1,1,0
170,1526,725.08,139.85,411.79,554.65,1,1,1,1
170,1530,635.46,140.37,74.75,83.28,1,1,1,0
170,1534,1652.46,184.0,183.69,232.23,1,1,1,0
171,1526,725.94,139.8,410.85,552.25,1,1,1,1
171,1530,643.72,140.86,73.8,81.47,1,1,1,0
171,1534,1618.57,190.72,184.75,231.7,1,1,1,0
171,1531,639.45,210.01,140.45,173.42,1,1,1,0
172,1526,727.51,141.33,409.44,549.88,1,1,1,1
172,1530,649.45,140.17,75.03,82.53,1,1,1,0
172,1534,1584.18,197.05,185.36,230.99,1,1,1,0
172,1531,626.33,207.98,135.03,169.03,1,1,1,0
173,1526,727.63,141.35,408.91,549.23,1,1,1,1
173,1530,654.17,140.14,73.94,81.34,1,1,1,0
173,1534,1549.43,202.92,186.28,230.94,1,1,1,0
173,1531,612.21,209.03,131.02,165.06,1,1,1,0
174,1526,723.57,142.78,408.82,548.83,1,1,1,1
174,1530,660.25,137.09,76.52,84.59,1,1,1,0
174,1534,1491.53,204.74,186.83,230.15,1,1,1,0
174,1531,582.45,209.84,133.98,167.27,1,1,1,0
175,1526,717.56,144.95,410.46,549.52,1,1,1,1
175,1530,665.24,133.63,78.84,87.36,1,1,1,0
175,1534,1445.37,204.13,186.72,228.99,1,1,1,0
175,1531,560.11,210.34,138.11,171.71,1,1,1,0
175,1532,597.76,287.96,154.92,173.5,1,1,1,0
176,1526,709.28,148.27,415.07,554.9,1,1,1,1
176,1530,679.15,139.05,66.38,73.46,1,1,1,0
176,1534,1404.96,201.61,185.6,226.1,1,1,1,0
176,1531,542.0,209.34,139.46,172.79,1,1,1,0
176,1532,569.92,290.44,158.96,177.78,1,1,1,0
177,1526,705.07,148.93,418.22,559.53,1,1,1,1
177,1534,1368.25,200.19,184.36,223.77,1,1,1,0
177,1531,523.93,209.45,140.88,174.69,1,1,1,0
177,1532,547.51,291.48,158.35,176.46,1,1,1,0
178,1526,701.57,149.66,420.87,564.36,1,1,1,1
178,1534,1331.71,198.81,184.04,222.88,1,1,1,0
178,1531,505.55,207.02,140.96,174.7,1,1,1,0
178,1532,526.03,291.05,159.75,176.72,1,1,1,0
179,1526,695.8,151.52,424.48,570.54,1,1,1,1
179,1534,1297.09,195.25,183.58,221.74,1,1,1,0
179,1531,483.77,204.11,143.88,177.87,1,1,1,0
179,1532,500.91,288.68,161.47,176.8,1,1,1,0
180,1526,689.65,149.64,430.67,580.56,1,1,1,1
180,1534,1263.46,193.5,184.17,222.32,1,1,1,0
180,1531,465.09,200.66,145.67,180.83,1,1,1,0
180,1532,477.36,285.17,164.77,178.8,1,1,1,0
181,1526,683.43,147.34,432.99,584.31,1,1,1,1
181,1534,1230.73,192.34,185.68,224.24,1,1,1,0
181,1531,446.62,195.22,142.43,176.02,1,1,1,0
181,1532,457.36,282.85,166.72,179.93,1,1,1,0
182,1526,684.07,145.85,427.15,577.16,1,1,1,1
182,1534,1198.59,194.2,185.41,223.87,1,1,1,0
182,1531,429.98,189.47,143.31,177.41,1,1,1,0
182,1532,435.22,282.18,170.17,182.72,1,1,1,0
183,1526,682.38,144.99,421.77,568.65,1,1,1,1
183,1534,1167.78,197.9,185.46,224.52,1,1,1,0
183,1531,413.85,185.79,142.88,176.73,1,1,1,0
183,1532,413.68,283.32,166.56,177.83,1,1,1,0
184,1526,675.48,145.17,422.04,568.48,1,1,1,1
184,1534,1136.0,202.18,186.92,226.85,1,1,1,0
184,1531,399.83,182.18,138.92,171.37,1,1,1,0
184,1532,392.87,283.78,165.63,175.89,1,1,1,0
185,1526,673.36,145.64,422.17,567.61,1,1,1,1
185,1534,1105.72,209.23,186.35,226.43,1,1,1,0
185,1531,385.06,179.2,135.55,166.0,1,1,1,0
185,1532,372.43,283.36,170.71,180.37,1,1,1,0
186,1526,673.45,146.23,422.23,566.47,1,1,1,1
186,1534,1075.94,218.64,192.73,236.21,1,1,1,0
186,1531,365.7,177.69,138.15,168.58,1,1,1,0
186,1532,348.25,283.41,171.41,181.63,1,1,1,0
187,1526,676.01,147.45,419.0,559.45,1,1,1,1
187,1534,1060.7,224.85,180.17,222.23,1,1,1,0
187,1531,346.37,177.2,138.26,167.94,1,1,1,0
187,1532,329.92,283.74,172.58,182.39,1,1,1,0
188,1526,677.37,147.11,418.76,556.0,1,1,1,1
188,1534,1047.56,229.99,163.86,203.21,1,1,1,0
188,1531,326.94,177.91,136.85,165.31,1,1,1,0
188,1532,309.9,284.27,174.66,183.84,1,1,1,0
189,1526,675.02,146.79,422.95,558.54,1,1,1,1
189,1534,1035.21,231.83,142.41,177.62,1,1,1,0
189,1531,307.05,179.07,136.05,162.54,1,1,1,0
189,1532,288.65,286.75,173.44,182.49,1,1,1,0
190,1526,674.19,145.96,423.72,557.43,1,1,1,1
190,1531,282.3,181.08,142.63,169.5,1,1,1,0
190,1532,266.28,290.68,173.85,183.54,1,1,1,0
191,1526,677.16,145.65,423.14,553.84,1,1,1,1
191,1531,261.74,183.91,141.7,166.63,1,1,1,0
191,1532,246.05,293.54,172.54,182.72,1,1,1,0
192,1526,682.23,146.04,423.92,551.22,1,1,1,1
192,1531,240.08,187.87,141.77,165.72,1,1,1,0
192,1532,223.39,296.59,171.89,182.79,1,1,1,0
193,1526,687.56,148.69,424.6,547.38,1,1,1,1
193,1531,213.7,191.26,150.42,175.49,1,1,1,0
193,1532,202.78,299.7,172.52,182.8,1,1,1,0
193,1536,923.19,85.46,69.66,82.96,1,1,1,0
194,1526,691.32,150.09,427.76,547.58,1,1,1,1
194,1531,192.61,195.14,146.73,170.02,1,1,1,0
194,1532,176.18,302.82,171.23,181.2,1,1,1,0
194,1536,924.73,87.86,68.8,81.96,1,1,1,0
195,1526,695.81,151.0,429.92,546.92,1,1,1,1
195,1531,169.94,199.07,144.86,166.6,1,1,1,0
195,1532,152.18,304.14,170.39,179.78,1,1,1,0
195,1536,926.28,90.44,67.38,80.22,1,1,1,0
196,1526,700.52,149.43,433.39,549.01,1,1,1,1
196,1531,143.08,201.41,152.49,174.26,1,1,1,0
196,1532,129.73,301.78,173.54,182.44,1,1,1,0
196,1536,926.81,93.45,66.79,79.48,1,1,1,0
197,1526,705.5,148.13,433.7,546.55,1,1,1,1
197,1531,113.35,201.95,163.96,187.35,1,1,1,0
197,1532,104.19,298.68,177.11,184.23,1,1,1,0
197,1536,926.99,95.53,65.62,77.97,1,1,1,0
198,1526,710.39,149.03,434.05,543.86,1,1,1,1
198,1531,87.46,201.75,165.77,189.06,1,1,1,0
198,1532,82.36,296.87,193.88,202.33,1,1,1,0
199,1526,715.27,149.06,434.28,541.59,1,1,1,1
199,1531,69.07,199.56,155.59,175.28,1,1,1,0
199,1532,69.46,296.0,193.91,203.29,1,1,1,0
200,1526,719.13,149.17,435.69,541.09,1,1,1,1
200,1531,46.7,195.48,151.47,168.58,1,1,1,0
200,1534,646.6,231.11,192.35,242.51,1,1,1,0
201,1526,724.28,148.31,438.16,542.65,1,1,1,1
201,1531,15.87,192.16,167.04,185.79,1,1,1,0
201,1534,615.85,235.48,193.81,243.24,1,1,1,0
202,1526,732.2,148.78,439.65,543.27,1,1,1,1
202,1531,0,188.29,164.52,193.98,1,1,1,0
202,1534,579.6,241.95,195.68,245.14,1,1,1,0
203,1526,739.02,147.46,443.42,549.03,1,1,1,1
203,1531,0,184.82,148.31,208.42,1,1,1,0
203,1534,551.56,245.94,180.04,223.29,1,1,1,0
203,1537,156.77,284.07,332.85,351.63,1,1,1,0
204,1526,744.26,148.05,447.12,555.67,1,1,1,1
204,1531,0,181.48,125.61,189.25,1,1,1,0
204,1534,512.27,245.99,177.76,216.69,1,1,1,0
204,1537,214.08,280.43,326.43,344.7,1,1,1,0
205,1526,747.05,152.24,447.38,558.98,1,1,1,1
205,1531,0,182.79,103.51,177.08,1,1,1,0
205,1534,488.95,239.5,165.78,200.57,1,1,1,0
205,1537,293.3,271.04,315.56,332.55,1,1,1,0
206,1526,753.18,150.47,442.53,557.24,1,1,1,1
206,1531,0,185.75,81.58,146.5,1,1,1,0
206,1534,458.58,235.67,153.97,185.07,1,1,1,0
206,1537,378.05,273.41,292.5,306.93,1,1,1,0
206,1532,0,304.06,92.94,151.71,1,1,1,0
207,1526,755.6,148.38,440.91,558.73,1,1,1,1
207,1531,0,191.39,58.77,140.32,1,1,1,0
207,1534,394.08,231.79,180.76,216.4,1,1,1,0
207,1537,425.22,264.83,284.54,298.6,1,1,1,0
207,1532,0,307.03,67.94,136.32,1,1,1,0
208,1526,753.42,149.38,446.16,568.59,1,1,1,1
208,1531,0,202.31,29.89,119.82,1,1,1,0
208,1534,345.05,226.02,197.13,236.19,1,1,1,0
208,1537,464.42,267.18,304.25,319.06,1,1,1,0
208,1532,0,306.6,48.35,128.18,1,1,1,0
209,1526,754.41,150.15,446.63,572.28,1,1,1,1
209,1534,300.51,221.31,206.97,248.46,1,1,1,0
209,1537,520.33,268.51,280.43,294.03,1,1,1,0
209,1532,0,314.82,23.14,133.97,1,1,1,0
210,1526,755.59,148.27,446.48,574.61,1,1,1,1
210,1534,260.73,218.98,209.86,251.84,1,1,1,0
210,1537,562.63,276.46,274.48,288.24,1,1,1,0
211,1526,757.93,149.03,440.8,568.79,1,1,1,1
211,1534,221.78,218.6,211.42,253.65,1,1,1,0
211,1537,619.59,283.39,240.25,252.87,1,1,1,0
212,1526,760.26,148.92,437.86,566.49,1,1,1,1
212,1534,181.66,220.65,213.22,254.96,1,1,1,0
213,1526,761.22,149.18,439.57,570.47,1,1,1,1
213,1534,141.2,224.44,216.87,258.42,1,1,1,0
214,1526,761.24,149.18,442.31,576.39,1,1,1,1
214,1534,98.92,230.81,221.93,263.91,1,1,1,0
215,1526,760.79,148.78,442.48,578.99,1,1,1,1
215,1534,60.34,236.89,225.67,267.16,1,1,1,0
216,1526,760.64,148.73,438.35,575.06,1,1,1,1
216,1534,19.67,242.68,229.49,270.89,1,1,1,0
217,1526,759.96,148.81,434.67,571.4,1,1,1,1
217,1534,0,249.2,214.6,282.34,1,1,1,0
218,1526,755.24,148.94,434.9,573.07,1,1,1,1
218,1534,0,255.25,170.63,249.24,1,1,1,0
219,1526,754.72,150.78,434.01,572.68,1,1,1,1
219,1534,0,253.49,149.55,286.12,1,1,1,0
220,1526,750.07,147.89,439.34,580.86,1,1,1,1
220,1534,0,249.57,113.38,286.72,1,1,1,0
220,1537,1154.51,258.58,260.69,329.51,1,1,1,0
221,1526,747.09,145.91,441.4,584.41,1,1,1,1
221,1534,0,245.29,68.76,299.7,1,1,1,0
221,1537,1204.58,250.15,245.85,309.48,1,1,1,0
222,1526,746.65,149.52,437.62,581.35,1,1,1,1
222,1537,1282.19,238.14,259.81,325.37,1,1,1,0
223,1526,744.85,147.03,437.87,583.99,1,1,1,1
223,1537,1338.72,232.65,265.7,330.98,1,1,1,0
224,1526,741.32,148.86,435.76,583.36,1,1,1,1
224,1537,1392.99,230.21,266.79,329.94,1,1,1,0
225,1526,739.07,151.06,432.04,581.18,1,1,1,1
225,1537,1437.29,234.37,274.01,336.65,1,1,1,0
226,1526,736.29,151.29,428.99,579.31,1,1,1,1
226,1537,1486.69,242.34,271.22,331.03,1,1,1,0
227,1526,734.21,149.87,430.01,580.88,1,1,1,1
227,1537,1525.77,248.39,279.18,338.71,1,1,1,0
228,1526,731.7,146.75,431.56,581.25,1,1,1,1
228,1537,1569.66,253.74,277.55,333.87,1,1,1,0
229,1526,726.39,145.16,433.83,581.37,1,1,1,1
229,1537,1616.1,257.83,273.88,325.02,1,1,1,0
230,1526,723.21,143.88,435.58,580.09,1,1,1,1
230,1537,1654.7,263.1,265.98,311.78,1,1,1,0
231,1526,722.9,142.52,436.99,577.3,1,1,1,1
231,1537,1683.93,265.61,279.23,326.24,1,1,1,0
232,1526,724.76,142.62,440.11,575.64,1,1,1,1
232,1537,1722.75,262.3,268.66,312.29,1,1,1,0
233,1526,728.85,144.98,441.0,571.93,1,1,1,1
233,1537,1763.39,257.74,243.49,282.26,1,1,1,0
234,1526,727.17,141.29,447.86,577.13,1,1,1,1
234,1537,1800.19,252.4,216.72,252.07,1,1,1,0
235,1526,729.62,144.49,447.47,573.33,1,1,1,1
235,1537,1837.41,255.04,182.81,213.34,1,1,1,0
236,1526,730.31,144.63,449.42,573.38,1,1,1,1
236,1537,1865.84,267.89,171.05,201.01,1,1,1,0
237,1526,555.65,106.72,572.74,730.2,1,1,1,1
238,1526,506.09,97.89,608.4,773.65,1,1,1,1
238,1539,418.93,427.36,25.3,24.71,1,1,1,0
239,1526,496.78,99.34,614.06,777.66,1,1,1,1
239,1539,421.68,426.38,24.81,24.25,1,1,1,0
240,1526,494.72,99.02,617.7,781.43,1,1,1,1
240,1539,424.97,425.35,25.11,24.56,1,1,1,0
241,1526,499.84,99.23,615.14,777.07,1,1,1,1
241,1539,427.28,424.61,25.17,24.67,1,1,1,0
242,1526,500.38,93.03,624.2,789.74,1,1,1,1
242,1539,429.04,423.53,25.58,25.14,1,1,1,0
243,1526,500.73,85.71,631.88,801.16,1,1,1,1
243,1539,431.05,422.76,25.69,25.3,1,1,1,0
244,1526,514.79,83.96,627.11,793.63,1,1,1,1
244,1539,433.77,422.32,25.26,24.94,1,1,1,0
245,1526,523.43,83.85,624.37,789.66,1,1,1,1
245,1539,435.92,421.17,25.48,25.21,1,1,1,0
246,1526,529.0,85.13,620.85,784.93,1,1,1,1
246,1539,438.26,420.17,25.51,25.31,1,1,1,0
247,1526,532.92,86.74,618.3,781.32,1,1,1,1
247,1539,440.5,419.42,25.44,25.34,1,1,1,0
248,1526,534.13,86.47,617.02,779.4,1,1,1,1
248,1539,442.86,418.78,24.99,24.95,1,1,1,0
249,1526,534.54,86.67,617.3,779.75,1,1,1,1
249,1539,445.08,417.97,25.19,25.2,1,1,1,0
250,1526,532.25,87.03,618.96,781.8,1,1,1,1
250,1539,447.07,417.29,25.19,25.29,1,1,1,0
251,1526,533.65,90.01,615.65,777.2,1,1,1,1
251,1539,449.15,416.87,25.13,25.32,1,1,1,0
252,1526,530.9,89.23,618.76,781.17,1,1,1,1
252,1539,451.65,416.34,25.1,25.33,1,1,1,0
253,1526,526.82,91.36,619.86,783.3,1,1,1,1
253,1539,454.12,415.58,25.07,25.34,1,1,1,0
254,1526,521.21,90.63,626.97,793.45,1,1,1,1
254,1539,456.59,415.11,24.99,25.33,1,1,1,0
255,1526,518.74,92.56,628.16,794.96,1,1,1,1
255,1539,459.26,414.17,25.3,25.73,1,1,1,0
256,1526,517.71,94.32,625.39,790.39,1,1,1,1
256,1539,462.17,413.44,26.6,27.07,1,1,1,0
257,1526,516.04,98.99,621.52,783.7,1,1,1,1
257,1539,464.97,412.8,27.08,27.57,1,1,1,0
258,1526,514.69,102.16,618.48,778.43,1,1,1,1
258,1539,468.13,411.4,27.64,28.15,1,1,1,0
259,1526,515.78,104.34,617.92,776.56,1,1,1,1
259,1539,471.42,409.9,27.84,28.36,1,1,1,0
260,1526,517.18,103.94,621.49,780.18,1,1,1,1
260,1539,474.78,408.77,27.85,28.43,1,1,1,0
261,1526,521.22,102.77,623.52,783.28,1,1,1,1
261,1539,477.84,407.38,28.86,29.63,1,1,1,0
262,1526,524.55,100.72,628.74,792.34,1,1,1,1
262,1539,481.11,406.29,29.14,30.08,1,1,1,0
263,1526,532.88,104.88,619.78,781.25,1,1,1,1
263,1539,484.31,405.51,28.72,29.85,1,1,1,0
264,1526,540.74,110.06,611.0,770.1,1,1,1,1
264,1539,487.26,405.05,28.44,29.75,1,1,1,0
265,1526,546.1,112.78,605.67,763.47,1,1,1,1
265,1539,490.68,404.32,28.67,30.09,1,1,1,0
266,1526,549.19,112.55,605.24,763.82,1,1,1,1
266,1539,493.68,403.87,28.69,30.21,1,1,1,0
267,1526,550.17,112.02,607.55,767.57,1,1,1,1
267,1539,496.19,402.55,29.72,31.43,1,1,1,0
268,1526,553.33,110.39,607.73,769.21,1,1,1,1
268,1539,498.58,400.32,31.35,33.44,1,1,1,0
269,1526,557.91,113.72,602.52,763.07,1,1,1,1
269,1539,502.7,399.86,30.83,33.06,1,1,1,0
270,1526,559.2,114.76,602.9,764.15,1,1,1,1
270,1539,504.69,395.22,33.16,36.02,1,1,1,0
271,1526,560.44,117.5,599.04,759.0,1,1,1,1
271,1539,507.47,396.72,31.45,34.46,1,1,1,0
272,1526,558.54,120.7,602.99,764.88,1,1,1,1
272,1539,510.08,396.25,31.36,34.55,1,1,1,0
273,1526,559.09,124.24,603.46,766.32,1,1,1,1
273,1539,512.29,397.68,30.25,33.4,1,1,1,0
274,1526,563.05,130.1,598.41,760.3,1,1,1,1
274,1539,514.37,398.88,29.1,32.13,1,1,1,0
275,1526,564.16,136.25,594.0,754.04,1,1,1,1
275,1539,514.93,394.73,32.08,35.67,1,1,1,0
276,1526,561.99,134.87,602.04,764.92,1,1,1,1
276,1539,516.01,392.29,33.35,37.31,1,1,1,0
277,1526,562.82,142.22,590.78,749.96,1,1,1,1
277,1539,517.3,394.43,32.68,36.8,1,1,1,0
278,1526,560.04,141.72,593.38,753.07,1,1,1,1
278,1539,518.18,396.13,32.22,36.56,1,1,1,0
279,1526,562.18,143.84,587.98,745.5,1,1,1,1
279,1539,519.57,397.6,30.95,35.27,1,1,1,0
280,1526,562.49,144.34,588.53,745.69,1,1,1,1
280,1539,520.95,396.39,31.75,36.35,1,1,1,0
281,1526,561.08,141.85,590.17,747.23,1,1,1,1
281,1539,523.07,397.33,31.09,35.56,1,1,1,0
282,1526,560.12,141.64,592.45,750.25,1,1,1,1
282,1539,524.62,396.72,31.18,35.64,1,1,1,0
283,1526,558.16,135.93,603.67,765.77,1,1,1,1
283,1539,525.38,394.91,31.51,36.06,1,1,1,0
284,1526,561.06,136.71,602.17,764.3,1,1,1,1
284,1539,526.77,392.66,31.68,36.21,1,1,1,0
285,1526,562.88,134.99,599.36,760.52,1,1,1,1
285,1539,528.57,392.42,31.04,35.46,1,1,1,0
286,1526,560.37,132.33,605.23,769.02,1,1,1,1
286,1539,530.01,390.95,31.51,35.97,1,1,1,0
287,1526,563.52,135.09,594.66,754.95,1,1,1,1
287,1539,530.49,387.26,32.11,36.55,1,1,1,0
288,1526,566.96,136.54,583.67,738.72,1,1,1,1
288,1539,533.76,383.72,32.73,37.16,1,1,1,0
289,1526,564.57,136.87,586.9,742.11,1,1,1,1
289,1539,537.91,385.75,31.01,35.02,1,1,1,0
290,1526,562.66,136.98,588.55,743.43,1,1,1,1
290,1539,539.76,387.23,30.03,33.76,1,1,1,0
291,1526,559.61,137.4,592.25,747.98,1,1,1,1
291,1539,539.92,387.0,29.74,33.3,1,1,1,0
292,1526,559.73,138.74,591.92,747.74,1,1,1,1
292,1539,543.67,386.53,29.39,32.74,1,1,1,0
293,1526,562.37,140.82,586.61,740.1,1,1,1,1
293,1539,543.9,384.36,29.41,32.53,1,1,1,0
294,1526,562.17,141.79,588.63,742.24,1,1,1,1
294,1539,544.04,383.59,29.17,32.06,1,1,1,0
295,1526,559.83,141.33,593.92,749.47,1,1,1,1
295,1539,545.4,385.96,28.75,31.5,1,1,1,0
296,1526,566.59,126.24,596.53,752.41,1,1,1,1
296,1539,550.51,386.47,28.97,31.7,1,1,1,0
297,1526,578.7,119.11,598.3,755.31,1,1,1,1
297,1539,546.06,385.86,31.14,34.19,1,1,1,0
