1,343,726.23,7.53,506.25,672.29,1,1,1,1
1,344,95.07,417.35,48.21,59.06,1,1,1,0
2,343,725.62,5.96,509.03,675.95,1,1,1,1
2,344,97.1,417.35,48.21,59.06,1,1,1,0
3,343,727.69,2.88,512.2,680.33,1,1,1,1
3,344,99.03,417.12,48.57,59.53,1,1,1,0
4,343,727.73,0,515.76,684.5,1,1,1,1
4,344,101.73,417.96,48.67,59.68,1,1,1,0
5,343,730.4,0,518.05,686.64,1,1,1,1
5,344,104.14,418.24,49.03,60.16,1,1,1,0
6,343,733.19,0,522.61,689.02,1,1,1,1
6,344,107.52,418.75,48.78,59.88,1,1,1,0
7,343,742.47,0.93,514.93,684.68,1,1,1,1
7,344,113.09,419.13,48.0,58.93,1,1,1,0
8,343,749.95,6.34,511.11,679.62,1,1,1,1
8,344,119.23,418.21,47.72,58.58,1,1,1,0
9,343,753.96,3.78,514.22,684.34,1,1,1,1
9,344,125.16,417.65,47.85,58.87,1,1,1,0
10,343,761.06,2.43,515.57,686.86,1,1,1,1
10,344,132.77,417.04,48.23,59.39,1,1,1,0
11,343,768.1,0,518.64,690.09,1,1,1,1
11,344,140.99,416.41,47.4,58.37,1,1,1,0
12,343,782.75,3.34,509.83,679.78,1,1,1,1
12,344,150.41,416.18,46.49,57.18,1,1,1,0
13,343,791.27,5.54,507.71,676.94,1,1,1,1
13,344,158.9,415.49,45.51,55.92,1,1,1,0
14,343,797.01,4.34,508.56,677.91,1,1,1,1
14,344,167.48,414.03,45.78,56.29,1,1,1,0
15,343,805.79,0.07,510.77,681.29,1,1,1,1
15,344,177.14,413.5,45.93,56.44,1,1,1,0
16,343,813.54,0,516.22,681.04,1,1,1,1
16,344,187.97,412.72,45.7,56.1,1,1,1,0
17,343,826.38,0.78,506.68,674.57,1,1,1,1
17,344,198.52,412.04,46.16,56.79,1,1,1,0
18,343,835.48,1.2,506.43,673.61,1,1,1,1
18,344,210.53,411.6,46.61,57.45,1,1,1,0
19,343,846.79,0,507.99,673.84,1,1,1,1
19,344,223.19,411.06,46.27,56.91,1,1,1,0
20,343,853.89,0,515.07,674.31,1,1,1,1
20,344,236.0,409.67,46.25,56.71,1,1,1,0
21,343,866.52,0,508.37,668.17,1,1,1,1
21,344,247.87,408.37,46.62,57.03,1,1,1,0
22,343,875.46,0,507.63,667.45,1,1,1,1
22,344,258.8,406.12,47.5,57.96,1,1,1,0
23,343,882.26,0,511.82,666.83,1,1,1,1
23,344,269.84,405.29,47.79,58.3,1,1,1,0
24,343,892.28,0,509.8,665.05,1,1,1,1
24,344,284.06,403.42,45.57,55.66,1,1,1,0
25,343,902.11,0,508.26,660.04,1,1,1,1
25,344,297.32,400.93,45.84,56.26,1,1,1,0
26,343,913.99,0,509.42,656.6,1,1,1,1
26,344,311.39,398.46,45.26,55.68,1,1,1,0
27,343,923.44,0,515.99,655.39,1,1,1,1
27,344,324.57,396.97,45.66,56.27,1,1,1,0
28,343,933.14,0,514.66,652.6,1,1,1,1
28,344,336.81,395.46,45.93,56.89,1,1,1,0
29,343,940.41,0,512.99,647.64,1,1,1,1
29,344,348.64,394.74,46.3,57.53,1,1,1,0
29,345,0,431.28,25.6,50.14,1,1,1,0
30,343,947.93,0,510.46,641.46,1,1,1,1
30,344,359.08,393.72,46.37,57.77,1,1,1,0
30,345,0,430.54,35.51,50.51,1,1,1,0
31,343,955.53,0,509.64,638.82,1,1,1,1
31,344,368.1,392.99,46.54,58.25,1,1,1,0
31,345,4.92,430.29,41.87,50.17,1,1,1,0
32,343,961.65,0,514.52,641.12,1,1,1,1
32,344,376.12,392.56,46.48,58.43,1,1,1,0
32,345,15.07,430.0,41.41,49.6,1,1,1,0
33,343,966.81,0,515.2,640.89,1,1,1,1
33,344,382.74,392.04,46.41,58.5,1,1,1,0
33,345,23.87,428.83,41.63,49.86,1,1,1,0
34,343,971.73,0,514.41,639.69,1,1,1,1
34,344,388.06,391.09,46.31,58.51,1,1,1,0
34,345,30.46,427.39,42.65,51.22,1,1,1,0
35,343,975.43,0,514.59,637.31,1,1,1,1
35,344,392.53,390.18,46.15,58.52,1,1,1,0
35,345,37.8,426.9,42.59,51.3,1,1,1,0
36,343,978.77,0,514.95,632.9,1,1,1,1
36,344,396.68,388.87,46.01,58.51,1,1,1,0
36,345,43.16,424.91,42.88,51.72,1,1,1,0
37,343,979.77,0,516.64,628.91,1,1,1,1
37,344,399.77,388.02,46.2,58.91,1,1,1,0
37,345,49.22,423.39,44.24,53.49,1,1,1,0
38,343,982.73,0,514.78,628.3,1,1,1,1
38,344,403.08,387.94,45.35,57.86,1,1,1,0
38,345,54.02,422.46,45.31,54.94,1,1,1,0
39,343,982.97,0,516.53,628.96,1,1,1,1
39,344,405.75,387.75,44.68,57.06,1,1,1,0
39,345,57.84,422.34,45.55,55.47,1,1,1,0
40,343,979.73,0,523.82,630.88,1,1,1,1
40,344,407.71,387.72,44.74,57.16,1,1,1,0
40,345,61.36,422.73,45.57,55.65,1,1,1,0
41,343,979.14,0,526.93,631.66,1,1,1,1
41,344,409.18,387.33,44.81,57.2,1,1,1,0
41,345,65.13,421.92,45.92,56.09,1,1,1,0
42,343,978.63,0,529.51,634.79,1,1,1,1
42,344,410.31,386.82,44.8,57.22,1,1,1,0
42,345,68.27,421.44,45.97,56.24,1,1,1,0
43,343,978.44,0,531.73,638.4,1,1,1,1
43,344,410.96,386.05,44.3,56.43,1,1,1,0
43,345,70.55,420.89,45.92,56.28,1,1,1,0
44,343,977.9,0,534.81,640.98,1,1,1,1
44,344,410.94,385.59,44.19,56.13,1,1,1,0
44,345,72.12,420.91,45.24,55.48,1,1,1,0
45,343,977.0,0,537.12,645.53,1,1,1,1
45,344,410.62,385.05,44.42,56.43,1,1,1,0
45,345,73.37,420.35,44.72,54.76,1,1,1,0
46,343,976.01,0,539.03,649.24,1,1,1,1
46,344,409.96,384.87,44.51,56.54,1,1,1,0
46,345,74.3,419.96,44.5,54.48,1,1,1,0
47,343,976.9,0,538.59,650.62,1,1,1,1
47,344,409.11,385.02,44.28,56.19,1,1,1,0
47,345,75.0,419.44,44.39,54.36,1,1,1,0
48,343,977.63,0,537.42,649.93,1,1,1,1
48,344,407.88,384.71,44.54,56.46,1,1,1,0
48,345,75.43,419.26,44.0,53.92,1,1,1,0
49,343,979.43,0,532.17,641.68,1,1,1,1
49,344,406.81,385.01,44.08,55.77,1,1,1,0
49,345,75.47,418.82,43.9,53.75,1,1,1,0
50,343,982.43,0,525.35,631.74,1,1,1,1
50,344,405.28,385.54,43.56,55.11,1,1,1,0
50,345,75.05,418.67,44.1,54.08,1,1,1,0
51,343,984.61,0,517.33,626.81,1,1,1,1
51,344,403.63,385.15,43.76,55.27,1,1,1,0
51,345,75.57,418.44,44.31,54.2,1,1,1,0
52,343,985.38,0,515.49,626.23,1,1,1,1
52,344,402.52,385.02,44.32,55.73,1,1,1,0
52,345,76.01,417.97,44.38,54.25,1,1,1,0
53,343,984.01,0,518.42,624.87,1,1,1,1
53,344,400.89,385.38,44.91,56.31,1,1,1,0
53,345,76.57,418.01,44.15,53.87,1,1,1,0
54,343,984.46,0,517.14,626.02,1,1,1,1
54,344,399.44,385.72,45.14,56.53,1,1,1,0
54,345,76.71,418.04,44.15,53.72,1,1,1,0
55,343,983.41,0,520.99,624.92,1,1,1,1
55,344,397.99,386.06,44.99,56.22,1,1,1,0
55,345,76.61,418.07,44.49,54.06,1,1,1,0
56,343,983.45,0,519.93,626.93,1,1,1,1
56,344,396.03,386.2,44.93,56.1,1,1,1,0
56,345,76.18,418.29,44.56,54.19,1,1,1,0
57,343,983.56,0,518.87,627.35,1,1,1,1
57,344,394.85,386.25,44.98,56.06,1,1,1,0
57,345,76.6,417.79,44.92,54.64,1,1,1,0
58,343,985.19,0,517.63,625.93,1,1,1,1
58,344,394.18,385.87,45.05,56.04,1,1,1,0
58,345,77.32,417.21,45.06,54.8,1,1,1,0
59,343,984.6,0,517.54,623.04,1,1,1,1
59,344,392.22,384.74,45.72,56.83,1,1,1,0
59,345,77.2,416.8,45.08,54.86,1,1,1,0
60,343,984.14,0,518.32,619.58,1,1,1,1
60,344,391.25,384.12,45.66,56.73,1,1,1,0
60,345,78.0,416.66,44.81,54.48,1,1,1,0
61,343,983.91,0,518.3,617.53,1,1,1,1
61,344,390.72,383.89,45.59,56.69,1,1,1,0
61,345,80.07,416.82,44.47,53.94,1,1,1,0
62,343,984.69,0,516.53,614.41,1,1,1,1
62,344,391.93,384.01,45.55,56.68,1,1,1,0
62,345,83.22,416.89,44.32,53.73,1,1,1,0
63,343,985.09,0,515.63,611.5,1,1,1,1
63,344,393.41,383.87,45.12,56.27,1,1,1,0
63,345,86.77,416.93,43.92,53.26,1,1,1,0
64,343,985.4,0,516.95,610.66,1,1,1,1
64,344,394.04,382.63,45.24,56.52,1,1,1,0
64,345,89.88,416.15,43.83,53.08,1,1,1,0
65,343,984.51,0,520.22,611.41,1,1,1,1
65,344,394.19,381.18,45.46,57.01,1,1,1,0
65,345,92.76,415.46,43.54,52.62,1,1,1,0
66,343,984.75,0,522.28,611.74,1,1,1,1
66,344,394.29,380.24,45.45,57.19,1,1,1,0
66,345,96.09,414.42,43.49,52.45,1,1,1,0
67,343,985.28,0,523.73,613.52,1,1,1,1
67,344,393.95,379.71,45.41,57.26,1,1,1,0
67,345,98.27,413.04,44.57,53.59,1,1,1,0
68,343,986.53,0,523.73,612.04,1,1,1,1
68,344,392.65,379.72,45.36,57.28,1,1,1,0
68,345,99.57,412.34,45.06,54.02,1,1,1,0
69,343,987.18,0,521.74,609.53,1,1,1,1
69,344,390.66,380.74,44.75,56.49,1,1,1,0
69,345,99.95,411.1,45.92,54.97,1,1,1,0
70,343,987.53,0,519.14,607.41,1,1,1,1
70,344,388.47,380.95,45.4,57.39,1,1,1,0
70,345,99.96,411.04,46.27,55.33,1,1,1,0
71,343,986.69,0,517.26,606.67,1,1,1,1
71,344,386.96,381.62,45.08,56.93,1,1,1,0
71,345,100.17,411.04,46.43,55.47,1,1,1,0
72,343,985.31,0,517.07,606.83,1,1,1,1
72,344,385.57,382.09,44.64,56.35,1,1,1,0
72,345,100.9,411.26,46.25,55.11,1,1,1,0
73,343,985.47,0,515.62,606.14,1,1,1,1
73,344,385.3,382.07,44.82,56.54,1,1,1,0
73,345,102.43,410.37,46.54,55.37,1,1,1,0
74,343,984.49,0,517.17,606.72,1,1,1,1
74,344,385.62,382.07,44.9,56.61,1,1,1,0
74,345,104.35,410.05,46.63,55.46,1,1,1,0
75,343,984.12,0,519.35,608.56,1,1,1,1
75,344,385.69,382.07,44.67,56.23,1,1,1,0
75,345,106.4,409.15,46.89,55.89,1,1,1,0
76,343,982.98,0,520.2,610.47,1,1,1,1
76,344,385.16,381.87,44.96,56.49,1,1,1,0
76,345,107.71,409.03,46.7,55.65,1,1,1,0
77,343,982.96,0,521.29,612.61,1,1,1,1
77,344,385.16,382.0,45.1,56.59,1,1,1,0
77,345,108.77,407.61,47.61,56.75,1,1,1,0
78,343,982.88,0,522.26,614.82,1,1,1,1
78,344,384.47,382.25,44.6,55.83,1,1,1,0
78,345,110.03,408.47,47.03,55.97,1,1,1,0
79,343,983.08,0,521.76,616.45,1,1,1,1
79,344,383.47,382.55,45.12,56.35,1,1,1,0
79,345,111.28,409.03,46.87,55.66,1,1,1,0
80,343,980.94,0,527.59,618.24,1,1,1,1
80,344,383.24,382.66,45.04,56.14,1,1,1,0
80,345,113.09,408.25,47.4,56.34,1,1,1,0
81,343,980.86,0,527.95,619.3,1,1,1,1
81,344,382.79,382.5,45.39,56.47,1,1,1,0
81,345,114.91,407.58,47.26,56.19,1,1,1,0
82,343,982.69,0,523.56,618.89,1,1,1,1
82,344,382.39,382.44,45.63,56.59,1,1,1,0
82,345,116.37,406.94,47.13,56.13,1,1,1,0
83,343,983.28,0,520.09,618.7,1,1,1,1
83,344,381.36,382.21,45.52,56.24,1,1,1,0
83,345,117.56,405.72,47.75,56.9,1,1,1,0
84,343,982.24,0,521.32,619.41,1,1,1,1
84,344,381.51,382.33,45.23,55.7,1,1,1,0
84,345,119.22,405.07,48.26,57.58,1,1,1,0
85,343,980.48,0,522.94,620.86,1,1,1,1
85,344,382.18,381.97,45.54,55.91,1,1,1,0
85,345,121.83,404.85,47.85,57.05,1,1,1,0
86,343,977.55,0,528.47,623.37,1,1,1,1
86,344,382.5,381.44,45.95,56.38,1,1,1,0
86,345,124.22,404.58,47.66,56.83,1,1,1,0
87,343,975.55,0,529.99,624.3,1,1,1,1
87,344,383.41,381.25,46.12,56.56,1,1,1,0
87,345,127.15,404.3,47.62,56.75,1,1,1,0
88,343,976.0,0,525.4,627.01,1,1,1,1
88,344,383.93,381.37,45.86,56.23,1,1,1,0
88,345,129.36,404.61,47.66,56.71,1,1,1,0
89,343,972.52,0,528.18,628.0,1,1,1,1
89,344,383.99,381.03,46.05,56.51,1,1,1,0
89,345,131.18,404.75,48.31,57.49,1,1,1,0
90,343,969.17,0,529.77,629.93,1,1,1,1
90,344,383.06,380.9,46.43,57.01,1,1,1,0
90,345,131.75,405.4,48.29,57.39,1,1,1,0
91,343,966.13,0,530.81,630.62,1,1,1,1
91,344,382.09,381.85,46.23,56.8,1,1,1,0
91,345,132.16,406.26,48.59,57.74,1,1,1,0
92,343,964.78,0,528.48,635.6,1,1,1,1
92,344,379.38,382.61,46.47,57.11,1,1,1,0
92,345,131.83,406.99,48.66,57.86,1,1,1,0
93,343,963.37,0,527.09,638.25,1,1,1,1
93,344,377.15,383.49,46.21,56.83,1,1,1,0
93,345,130.93,408.06,48.37,57.51,1,1,1,0
94,343,956.47,0,535.42,643.16,1,1,1,1
94,344,374.47,383.82,45.43,55.93,1,1,1,0
94,345,129.74,408.27,48.21,57.37,1,1,1,0
95,343,952.29,0,535.48,646.15,1,1,1,1
95,344,370.87,384.94,45.17,55.58,1,1,1,0
95,345,128.62,408.74,48.15,57.32,1,1,1,0
96,343,947.59,0,535.09,649.98,1,1,1,1
96,344,366.25,386.55,45.69,56.26,1,1,1,0
96,345,125.85,409.71,48.09,57.29,1,1,1,0
97,343,940.03,0,537.09,656.11,1,1,1,1
97,344,362.33,387.94,45.6,56.12,1,1,1,0
97,345,122.92,410.67,48.41,57.68,1,1,1,0
98,343,939.27,0,531.05,657.56,1,1,1,1
98,344,357.85,389.24,45.7,56.06,1,1,1,0
98,345,119.0,411.81,48.43,57.82,1,1,1,0
99,343,936.26,0,528.03,659.6,1,1,1,1
99,344,352.9,390.31,46.03,56.44,1,1,1,0
99,345,115.26,412.63,48.39,57.88,1,1,1,0
100,343,935.27,0,522.81,661.06,1,1,1,1
100,344,348.36,391.29,46.5,56.98,1,1,1,0
100,345,111.64,413.52,48.04,57.49,1,1,1,0
101,343,931.47,0,524.34,665.11,1,1,1,1
101,344,343.41,392.42,46.19,56.79,1,1,1,0
101,345,108.58,414.24,47.97,57.35,1,1,1,0
102,343,930.35,0,522.52,668.13,1,1,1,1
102,344,338.99,393.82,46.99,57.91,1,1,1,0
102,345,105.32,415.48,48.03,57.29,1,1,1,0
103,343,928.78,0,519.58,666.79,1,1,1,1
103,344,334.88,395.31,47.23,58.33,1,1,1,0
103,345,102.13,416.33,48.47,57.67,1,1,1,0
104,343,921.19,0,529.5,675.76,1,1,1,1
104,344,330.49,397.43,47.27,58.48,1,1,1,0
104,345,99.06,416.63,48.74,57.81,1,1,1,0
105,343,916.69,0,528.8,679.43,1,1,1,1
105,344,326.26,398.8,46.68,57.74,1,1,1,0
105,345,95.37,417.51,48.84,57.86,1,1,1,0
106,343,910.81,0,531.12,682.31,1,1,1,1
106,344,321.9,400.07,47.06,58.24,1,1,1,0
106,345,92.18,418.62,48.55,57.48,1,1,1,0
107,343,907.63,0,528.99,681.7,1,1,1,1
107,344,318.67,401.5,46.65,57.64,1,1,1,0
107,345,89.75,419.21,48.75,57.73,1,1,1,0
108,343,906.21,0,523.29,678.97,1,1,1,1
108,344,315.05,402.4,46.8,57.8,1,1,1,0
108,345,87.47,419.61,49.04,58.22,1,1,1,0
109,343,904.64,0,519.48,677.04,1,1,1,1
109,344,311.7,402.9,47.08,58.26,1,1,1,0
109,345,85.6,420.33,48.84,58.01,1,1,1,0
110,343,902.39,0,517.24,677.43,1,1,1,1
110,344,308.94,403.25,46.86,58.03,1,1,1,0
110,345,83.86,420.77,48.71,57.93,1,1,1,0
111,343,900.18,0,514.61,677.12,1,1,1,1
111,344,306.7,403.93,46.27,57.14,1,1,1,0
111,345,82.52,421.52,48.01,57.1,1,1,1,0
112,343,897.55,0,513.88,676.55,1,1,1,1
112,344,304.22,404.55,46.09,56.81,1,1,1,0
112,345,81.95,422.37,47.74,56.78,1,1,1,0
113,343,895.36,0,513.08,675.89,1,1,1,1
113,344,301.06,404.95,46.93,57.88,1,1,1,0
113,345,81.01,422.87,47.96,57.07,1,1,1,0
114,343,886.78,0,522.97,681.57,1,1,1,1
114,344,298.91,405.47,47.21,58.28,1,1,1,0
114,345,80.85,423.43,48.09,57.18,1,1,1,0
115,343,882.21,0,522.47,683.28,1,1,1,1
115,344,296.27,406.03,47.04,58.04,1,1,1,0
115,345,80.06,424.01,48.53,57.62,1,1,1,0
116,343,877.08,0,520.98,683.88,1,1,1,1
116,344,293.45,406.41,46.97,57.94,1,1,1,0
116,345,79.06,424.61,49.02,58.18,1,1,1,0
117,343,872.57,0,518.28,682.46,1,1,1,1
117,344,289.54,406.92,46.89,57.9,1,1,1,0
117,345,77.39,424.81,49.33,58.39,1,1,1,0
118,343,868.48,0,512.77,680.28,1,1,1,1
118,344,284.3,407.09,47.54,58.68,1,1,1,0
118,345,74.32,424.86,50.18,59.26,1,1,1,0
119,343,863.29,0,509.91,681.01,1,1,1,1
119,344,279.22,407.52,46.89,57.78,1,1,1,0
119,345,70.93,424.66,50.81,59.98,1,1,1,0
120,343,858.64,0,507.79,680.46,1,1,1,1
120,344,273.57,407.66,47.57,58.63,1,1,1,0
120,345,67.91,424.18,51.45,60.65,1,1,1,0
121,343,849.78,0,514.77,685.02,1,1,1,1
121,344,268.57,407.69,47.19,58.16,1,1,1,0
121,345,64.67,423.58,52.05,61.29,1,1,1,0
122,343,846.38,0,509.14,680.36,1,1,1,1
122,344,264.0,408.28,47.1,57.97,1,1,1,0
122,345,62.48,424.52,51.03,59.94,1,1,1,0
123,343,842.82,0.1,505.15,678.44,1,1,1,1
123,344,259.17,409.48,47.4,58.3,1,1,1,0
123,345,60.41,425.07,50.61,59.41,1,1,1,0
124,343,839.85,5.31,501.29,672.53,1,1,1,1
124,344,255.1,411.5,47.54,58.42,1,1,1,0
124,345,58.55,426.86,49.95,58.41,1,1,1,0
125,343,836.94,10.03,500.23,670.74,1,1,1,1
125,344,250.92,413.83,47.22,58.07,1,1,1,0
125,345,56.0,429.13,49.79,58.03,1,1,1,0
126,343,836.99,21.34,495.54,662.93,1,1,1,1
126,344,246.71,416.08,47.5,58.33,1,1,1,0
126,345,53.04,430.55,50.1,58.29,1,1,1,0
127,343,835.01,27.52,494.95,661.25,1,1,1,1
127,344,241.43,418.68,47.52,58.43,1,1,1,0
127,345,49.76,432.85,49.67,57.59,1,1,1,0
128,343,832.63,31.32,495.14,660.7,1,1,1,1
128,344,236.13,421.21,47.5,58.46,1,1,1,0
128,345,45.18,433.89,50.93,58.93,1,1,1,0
129,343,828.48,31.43,498.06,664.97,1,1,1,1
129,344,231.92,423.31,46.85,57.68,1,1,1,0
129,345,42.02,435.43,51.08,59.03,1,1,1,0
130,343,825.26,32.35,500.78,669.22,1,1,1,1
130,344,228.43,425.85,46.96,57.78,1,1,1,0
130,345,39.63,437.37,51.44,59.47,1,1,1,0
131,343,823.59,34.18,501.81,671.66,1,1,1,1
131,344,224.98,427.94,47.41,58.22,1,1,1,0
131,345,37.47,439.06,51.91,60.03,1,1,1,0
132,343,826.8,40.54,496.77,664.84,1,1,1,1
132,344,221.86,430.06,47.55,58.39,1,1,1,0
132,345,35.99,440.65,52.18,60.24,1,1,1,0
133,343,826.26,45.04,495.06,662.07,1,1,1,1
133,344,219.93,432.19,47.63,58.45,1,1,1,0
133,345,35.41,442.6,51.93,59.91,1,1,1,0
134,343,826.43,46.01,495.11,662.07,1,1,1,1
134,344,218.6,434.53,47.37,58.07,1,1,1,0
134,345,35.2,444.48,51.59,59.39,1,1,1,0
135,343,827.13,51.05,492.85,658.91,1,1,1,1
135,344,216.82,436.74,47.54,58.33,1,1,1,0
135,345,34.61,446.74,51.53,59.18,1,1,1,0
136,343,819.96,49.23,500.65,669.36,1,1,1,1
136,344,215.04,438.89,47.89,58.82,1,1,1,0
136,345,33.94,448.73,51.84,59.51,1,1,1,0
137,343,822.05,53.61,494.97,661.79,1,1,1,1
137,344,212.42,441.03,47.39,58.21,1,1,1,0
137,345,32.39,449.82,52.05,59.63,1,1,1,0
138,343,814.15,51.17,500.02,669.29,1,1,1,1
138,344,204.92,442.76,47.49,58.38,1,1,1,0
138,345,25.62,451.17,52.14,59.67,1,1,1,0
139,343,804.11,57.32,494.0,660.2,1,1,1,1
139,344,190.08,444.93,47.55,58.44,1,1,1,0
139,345,11.26,453.22,52.27,59.68,1,1,1,0
140,343,785.02,52.76,500.06,669.13,1,1,1,1
140,344,171.03,447.07,47.69,58.46,1,1,1,0
140,345,0,455.33,46.31,60.48,1,1,1,0
141,343,770.21,57.94,495.35,662.35,1,1,1,1
141,344,152.17,449.4,48.36,59.26,1,1,1,0
141,345,0,461.02,27.29,56.03,1,1,1,0
142,343,759.84,66.42,487.07,649.98,1,1,1,1
142,344,135.67,451.6,48.06,58.77,1,1,1,0
143,343,742.77,58.47,494.79,661.21,1,1,1,1
143,344,120.25,452.35,48.58,59.38,1,1,1,0
144,343,732.01,59.23,493.46,659.25,1,1,1,1
144,344,107.11,453.36,48.44,59.21,1,1,1,0
145,343,719.85,55.67,497.01,663.1,1,1,1,1
145,344,96.71,453.87,49.02,59.93,1,1,1,0
146,343,720.29,65.41,488.12,649.46,1,1,1,1
146,344,88.56,454.6,49.06,59.81,1,1,1,0
147,343,716.62,68.46,485.17,644.07,1,1,1,1
147,344,81.95,455.2,49.04,59.75,1,1,1,0
148,343,712.08,70.53,484.6,642.33,1,1,1,1
148,344,75.24,456.17,49.06,59.73,1,1,1,0
149,343,700.21,58.61,501.31,665.96,1,1,1,1
149,344,68.96,456.68,49.46,60.11,1,1,1,0
150,343,691.44,54.75,511.1,681.25,1,1,1,1
150,344,63.03,457.62,49.84,60.65,1,1,1,0
151,343,684.11,49.5,519.34,695.55,1,1,1,1
151,344,58.36,458.92,49.72,60.46,1,1,1,0
152,343,680.57,46.51,519.72,698.78,1,1,1,1
152,344,53.36,459.96,49.71,60.37,1,1,1,0
153,343,677.65,44.0,517.17,697.32,1,1,1,1
153,344,47.38,460.9,49.42,59.94,1,1,1,0
154,343,679.22,45.84,507.33,684.34,1,1,1,1
154,344,42.38,462.2,49.97,60.57,1,1,1,0
155,343,675.72,42.6,504.28,679.26,1,1,1,1
155,344,38.9,463.25,50.22,60.81,1,1,1,0
156,343,680.46,43.4,496.24,667.34,1,1,1,1
156,344,36.34,463.99,50.34,60.89,1,1,1,0
157,343,681.37,43.14,494.61,664.22,1,1,1,1
157,344,34.75,465.03,50.07,60.52,1,1,1,0
158,343,674.55,40.27,500.66,671.48,1,1,1,1
158,344,33.87,465.17,49.92,60.38,1,1,1,0
159,343,669.54,38.83,507.34,680.58,1,1,1,1
159,344,33.36,464.79,49.85,60.32,1,1,1,0
160,343,665.92,39.5,510.42,684.8,1,1,1,1
160,344,33.17,464.01,50.11,60.69,1,1,1,0
161,343,672.92,47.53,502.31,673.87,1,1,1,1
161,344,33.58,463.48,50.18,60.83,1,1,1,0
162,343,676.43,54.23,496.26,665.25,1,1,1,1
162,344,33.92,462.86,50.18,60.88,1,1,1,0
163,343,680.62,62.34,488.46,653.2,1,1,1,1
163,344,33.89,462.41,50.16,60.9,1,1,1,0
164,343,680.44,63.52,487.65,651.75,1,1,1,1
164,344,33.91,462.42,49.82,60.51,1,1,1,0
165,343,683.49,68.71,485.28,648.09,1,1,1,1
165,344,33.83,462.41,49.67,60.35,1,1,1,0
166,343,678.77,65.18,489.86,654.21,1,1,1,1
166,344,33.83,462.6,49.59,60.3,1,1,1,0
167,343,677.65,66.79,488.82,652.38,1,1,1,1
167,344,33.36,462.85,49.82,60.67,1,1,1,0
168,343,676.33,66.94,488.76,651.74,1,1,1,1
168,344,33.38,463.14,49.6,60.42,1,1,1,0
169,343,674.45,65.94,490.03,653.35,1,1,1,1
169,344,33.38,463.44,49.79,60.72,1,1,1,0
170,343,673.26,69.71,487.61,649.01,1,1,1,1
170,344,33.08,463.54,49.87,60.83,1,1,1,0
171,343,671.19,69.29,489.29,650.02,1,1,1,1
171,344,32.74,463.57,49.92,60.87,1,1,1,0
172,343,669.08,70.28,490.3,650.04,1,1,1,1
172,344,32.9,463.37,49.89,60.89,1,1,1,0
173,343,665.67,71.41,493.65,653.28,1,1,1,1
173,344,33.25,463.09,49.85,60.89,1,1,1,0
174,343,654.43,63.44,506.19,670.84,1,1,1,1
174,344,34.09,462.78,49.53,60.49,1,1,1,0
175,343,653.22,66.13,506.57,669.36,1,1,1,1
175,344,34.47,462.26,49.71,60.74,1,1,1,0
176,343,652.91,70.14,501.81,660.18,1,1,1,1
176,344,35.29,462.06,49.76,60.83,1,1,1,0
177,343,650.31,71.45,495.54,650.06,1,1,1,1
177,344,37.73,462.18,49.53,60.47,1,1,1,0
178,343,646.46,71.91,495.09,647.87,1,1,1,1
178,344,39.7,462.23,49.45,60.33,1,1,1,0
179,343,641.48,74.05,499.0,652.28,1,1,1,1
179,344,41.72,462.45,49.44,60.28,1,1,1,0
180,343,635.98,69.25,506.32,663.13,1,1,1,1
180,344,43.42,462.53,49.48,60.26,1,1,1,0
181,343,632.59,66.42,507.13,665.04,1,1,1,1
181,344,45.01,462.56,49.52,60.25,1,1,1,0
182,343,632.71,69.5,500.85,656.02,1,1,1,1
182,344,47.35,462.37,49.6,60.25,1,1,1,0
183,343,632.18,71.47,496.66,649.35,1,1,1,1
183,344,49.14,461.9,49.96,60.65,1,1,1,0
184,343,629.18,70.6,496.09,647.67,1,1,1,1
184,344,50.17,461.72,50.12,60.8,1,1,1,0
185,343,624.11,71.85,499.17,651.47,1,1,1,1
185,344,50.99,462.05,49.89,60.46,1,1,1,0
186,343,616.93,65.94,509.49,665.66,1,1,1,1
186,344,51.7,462.18,49.78,60.33,1,1,1,0
187,343,611.96,65.49,511.75,668.83,1,1,1,1
187,344,52.53,462.03,50.05,60.68,1,1,1,0
188,343,608.88,67.5,510.44,667.02,1,1,1,1
188,344,53.36,461.97,49.86,60.42,1,1,1,0
189,343,606.63,68.08,509.15,664.89,1,1,1,1
189,344,53.77,461.95,49.8,60.31,1,1,1,0
190,343,606.72,70.09,506.21,660.26,1,1,1,1
190,344,54.03,461.75,49.81,60.28,1,1,1,0
191,343,606.2,70.25,505.65,658.69,1,1,1,1
191,344,54.08,462.07,49.82,60.26,1,1,1,0
192,343,605.6,69.71,505.64,657.9,1,1,1,1
192,344,54.13,462.39,49.83,60.26,1,1,1,0
193,343,604.37,70.89,505.45,657.0,1,1,1,1
193,344,54.48,462.71,49.84,60.26,1,1,1,0
194,343,603.2,71.72,505.39,656.27,1,1,1,1
194,344,54.91,463.03,49.57,59.86,1,1,1,0
195,343,603.66,73.23,503.12,652.42,1,1,1,1
195,344,55.41,463.55,49.76,60.11,1,1,1,0
196,343,604.12,76.77,500.05,647.18,1,1,1,1
196,344,55.83,463.94,49.81,60.21,1,1,1,0
197,343,603.24,77.69,500.38,646.85,1,1,1,1
197,344,56.04,464.28,49.79,60.24,1,1,1,0
198,343,603.2,78.0,500.84,646.76,1,1,1,1
198,344,56.66,464.6,49.76,60.26,1,1,1,0
199,343,603.16,78.69,501.19,646.57,1,1,1,1
199,344,56.82,464.91,49.75,60.26,1,1,1,0
200,343,600.9,75.32,506.73,654.92,1,1,1,1
200,344,57.0,465.42,49.79,60.27,1,1,1,0
201,343,602.8,79.99,504.2,651.33,1,1,1,1
201,344,56.83,466.2,49.82,60.27,1,1,1,0
202,343,601.42,76.77,507.53,656.93,1,1,1,1
202,344,56.55,467.28,50.14,60.66,1,1,1,0
203,343,602.08,77.53,505.88,655.86,1,1,1,1
203,344,56.36,468.27,50.23,60.81,1,1,1,0
204,343,602.0,77.8,505.78,657.03,1,1,1,1
204,344,57.23,468.83,50.51,61.27,1,1,1,0
205,343,601.34,76.89,506.27,659.26,1,1,1,1
205,344,57.31,469.22,50.3,61.04,1,1,1,0
206,343,600.9,77.73,504.49,658.1,1,1,1,1
206,344,57.07,469.35,50.24,60.95,1,1,1,0
207,343,600.4,77.24,503.74,658.43,1,1,1,1
207,344,57.38,469.59,50.18,60.91,1,1,1,0
208,343,600.51,77.05,502.92,658.55,1,1,1,1
208,344,57.49,469.66,50.44,61.3,1,1,1,0
209,343,600.54,77.96,501.09,657.18,1,1,1,1
209,344,57.52,470.07,50.2,61.04,1,1,1,0
210,343,599.15,76.11,501.67,659.25,1,1,1,1
210,344,57.4,470.41,50.09,60.94,1,1,1,0
211,343,597.69,75.01,503.81,663.6,1,1,1,1
211,344,56.99,470.92,49.7,60.5,1,1,1,0
212,343,597.81,75.19,503.33,664.23,1,1,1,1
212,344,56.8,471.7,49.5,60.34,1,1,1,0
213,343,598.27,75.46,503.16,665.43,1,1,1,1
213,344,56.79,472.57,49.7,60.68,1,1,1,0
214,343,592.82,75.76,506.46,670.03,1,1,1,1
214,344,57.15,473.28,49.44,60.41,1,1,1,0
215,343,597.4,74.69,505.55,670.55,1,1,1,1
215,344,57.98,473.93,49.04,59.91,1,1,1,0
216,343,600.07,75.27,504.02,670.1,1,1,1,1
216,344,57.88,474.16,49.2,60.12,1,1,1,0
217,343,602.18,75.9,501.47,667.9,1,1,1,1
217,344,57.94,474.62,49.25,60.2,1,1,1,0
218,343,602.54,75.14,501.19,668.82,1,1,1,1
218,344,57.05,475.18,49.24,60.23,1,1,1,0
219,343,605.99,77.83,496.04,661.39,1,1,1,1
219,344,56.46,475.96,49.22,60.25,1,1,1,0
220,343,609.71,80.46,491.86,655.35,1,1,1,1
220,344,56.29,476.24,49.2,60.25,1,1,1,0
221,343,612.49,76.63,492.52,656.3,1,1,1,1
221,344,55.99,476.13,49.48,60.65,1,1,1,0
222,343,615.85,72.79,492.67,656.69,1,1,1,1
222,344,56.1,476.07,49.24,60.41,1,1,1,0
223,343,617.49,71.54,494.34,659.45,1,1,1,1
223,344,56.82,475.63,49.19,60.31,1,1,1,0
224,343,617.9,71.29,495.29,661.5,1,1,1,1
224,344,57.23,475.65,49.2,60.28,1,1,1,0
225,343,619.7,69.82,495.47,662.48,1,1,1,1
225,344,57.56,475.65,49.24,60.27,1,1,1,0
226,343,620.31,67.09,496.39,664.64,1,1,1,1
226,344,57.69,475.04,49.26,60.26,1,1,1,0
227,343,622.94,66.68,493.44,660.87,1,1,1,1
227,344,57.79,474.2,49.24,60.26,1,1,1,0
228,343,624.24,67.76,490.83,657.04,1,1,1,1
228,344,57.69,473.88,49.53,60.66,1,1,1,0
229,343,624.06,65.6,491.9,658.59,1,1,1,1
229,344,57.46,473.76,49.91,61.21,1,1,1,0
230,343,623.83,65.61,491.75,658.4,1,1,1,1
230,344,56.5,473.92,49.7,61.02,1,1,1,0
231,343,623.78,67.23,489.15,654.35,1,1,1,1
231,344,55.2,473.78,49.68,60.94,1,1,1,0
232,343,624.13,69.47,487.38,651.23,1,1,1,1
232,344,53.99,473.52,49.74,60.91,1,1,1,0
233,343,621.92,67.92,491.36,656.48,1,1,1,1
233,344,53.47,473.43,49.8,60.9,1,1,1,0
234,343,619.6,65.96,493.42,659.47,1,1,1,1
234,344,53.52,473.79,49.55,60.49,1,1,1,0
235,343,619.56,67.02,491.69,656.83,1,1,1,1
235,344,53.92,474.33,49.73,60.74,1,1,1,0
236,343,619.14,64.84,491.04,655.63,1,1,1,1
236,344,54.96,473.94,49.44,60.43,1,1,1,0
237,343,619.17,64.44,490.41,654.39,1,1,1,1
237,344,55.9,472.99,49.3,60.32,1,1,1,0
238,343,617.53,64.3,491.09,654.73,1,1,1,1
238,344,56.85,471.43,49.28,60.27,1,1,1,0
239,343,615.03,65.07,491.92,654.87,1,1,1,1
239,344,57.49,470.66,49.58,60.66,1,1,1,0
240,343,612.6,63.18,493.84,656.33,1,1,1,1
240,344,58.39,470.37,49.68,60.8,1,1,1,0
241,343,610.22,62.48,494.13,655.3,1,1,1,1
241,344,58.63,470.08,49.99,61.25,1,1,1,0
241,345,0,470.33,32.66,83.65,1,1,1,0
242,343,601.31,50.28,504.74,669.26,1,1,1,1
242,344,58.73,469.78,49.86,61.03,1,1,1,0
242,345,0,468.59,39.23,88.64,1,1,1,0
243,343,599.31,48.5,506.08,670.14,1,1,1,1
243,344,59.0,469.28,49.84,60.94,1,1,1,0
243,345,0,468.39,46.4,92.72,1,1,1,0
244,343,598.43,48.89,506.12,669.03,1,1,1,1
244,344,59.79,469.11,49.54,60.5,1,1,1,0
244,345,0,468.37,52.22,94.02,1,1,1,0
245,343,606.61,61.82,495.73,653.45,1,1,1,1
245,344,61.41,468.65,49.85,60.74,1,1,1,0
245,345,0,473.04,59.36,90.94,1,1,1,0
246,343,605.9,65.0,495.51,651.3,1,1,1,1
246,344,64.31,468.3,49.43,60.43,1,1,1,0
246,345,0,469.48,70.63,93.47,1,1,1,0
247,343,604.87,68.37,495.2,649.13,1,1,1,1
247,344,66.47,468.17,49.72,61.11,1,1,1,0
247,345,6.72,463.32,74.59,97.18,1,1,1,0
248,343,600.99,66.83,497.33,649.95,1,1,1,1
248,344,65.49,467.35,53.35,65.73,1,1,1,0
248,345,16.57,458.64,77.5,100.5,1,1,1,0
249,343,599.11,66.42,495.83,645.71,1,1,1,1
249,345,26.97,456.1,78.98,101.3,1,1,1,0
250,343,597.99,64.45,494.57,642.34,1,1,1,1
250,345,35.5,451.62,80.35,102.31,1,1,1,0
251,343,599.75,62.7,493.02,640.13,1,1,1,1
251,345,43.64,449.18,80.6,101.83,1,1,1,0
252,343,597.14,54.65,495.87,644.35,1,1,1,1
252,345,52.71,447.74,80.52,100.78,1,1,1,0
253,343,595.01,48.06,499.31,649.17,1,1,1,1
253,345,62.62,447.88,80.2,99.51,1,1,1,0
254,343,594.66,45.61,502.96,654.6,1,1,1,1
254,345,73.24,446.82,81.92,100.98,1,1,1,0
255,343,592.33,42.77,507.21,660.22,1,1,1,1
255,345,85.43,446.67,84.19,103.48,1,1,1,0
256,343,592.28,46.31,507.78,660.95,1,1,1,1
256,345,95.31,449.23,85.71,104.4,1,1,1,0
256,344,71.15,465.61,47.53,58.84,1,1,1,0
257,343,587.26,39.39,514.28,668.74,1,1,1,1
257,345,107.81,452.25,85.84,104.31,1,1,1,0
257,344,71.92,465.1,47.62,59.28,1,1,1,0
258,343,596.01,39.39,507.36,658.39,1,1,1,1
258,345,119.37,454.25,86.86,105.42,1,1,1,0
258,344,72.23,463.94,49.94,62.23,1,1,1,0
259,343,599.64,37.48,505.0,653.55,1,1,1,1
259,345,132.45,457.0,86.75,105.02,1,1,1,0
259,344,72.35,463.32,51.14,63.69,1,1,1,0
260,343,603.15,35.43,503.0,649.13,1,1,1,1
260,345,143.78,458.07,87.74,106.01,1,1,1,0
260,344,71.54,463.1,50.99,63.47,1,1,1,0
261,343,605.15,36.73,501.68,645.49,1,1,1,1
261,345,156.87,461.83,85.22,102.41,1,1,1,0
261,344,70.92,462.83,50.71,62.98,1,1,1,0
262,343,605.08,31.68,506.77,651.34,1,1,1,1
262,345,170.01,461.07,85.66,102.17,1,1,1,0
262,344,71.02,463.14,50.37,62.39,1,1,1,0
263,343,607.58,29.84,509.94,655.15,1,1,1,1
263,345,184.07,457.18,87.88,104.47,1,1,1,0
263,344,70.96,463.47,50.31,62.17,1,1,1,0
264,343,608.72,27.23,513.86,660.17,1,1,1,1
264,345,197.9,454.34,88.33,104.13,1,1,1,0
264,344,70.94,463.4,50.35,62.09,1,1,1,0
265,343,611.75,27.7,514.04,660.27,1,1,1,1
265,345,211.99,449.28,90.41,105.96,1,1,1,0
265,344,70.7,463.38,50.42,62.06,1,1,1,0
266,343,620.26,33.32,508.02,652.13,1,1,1,1
266,345,226.65,443.05,92.97,108.61,1,1,1,0
266,344,70.48,463.38,50.48,62.05,1,1,1,0
267,343,620.99,32.92,509.79,654.02,1,1,1,1
267,345,244.06,439.33,92.67,108.03,1,1,1,0
267,344,70.38,463.39,50.53,62.05,1,1,1,0
268,343,621.25,33.99,512.74,657.91,1,1,1,1
268,345,260.21,437.76,92.54,107.37,1,1,1,0
268,344,69.67,463.39,50.59,62.05,1,1,1,0
269,343,618.84,30.25,520.31,667.92,1,1,1,1
269,345,276.76,436.04,93.5,108.29,1,1,1,0
269,344,69.31,463.4,50.71,62.05,1,1,1,0
270,343,620.71,36.57,515.1,660.81,1,1,1,1
270,345,291.17,433.67,98.36,114.15,1,1,1,0
270,344,69.27,463.41,50.52,61.66,1,1,1,0
271,343,624.28,40.83,508.84,651.43,1,1,1,1
271,345,306.54,435.53,101.0,117.12,1,1,1,0
271,344,68.81,463.21,50.85,61.91,1,1,1,0
272,343,627.68,42.84,503.83,643.48,1,1,1,1
272,345,324.38,441.59,100.42,116.29,1,1,1,0
272,344,68.41,463.34,50.81,61.61,1,1,1,0
273,343,628.97,44.38,502.61,640.54,1,1,1,1
273,345,343.11,445.61,101.02,117.48,1,1,1,0
273,344,67.11,463.4,50.81,61.5,1,1,1,0
274,343,630.42,44.74,500.92,636.89,1,1,1,1
274,345,360.87,448.72,101.81,118.69,1,1,1,0
274,344,65.17,463.42,50.86,61.46,1,1,1,0
275,343,628.58,40.04,505.75,642.39,1,1,1,1
275,345,379.93,451.5,101.31,117.93,1,1,1,0
275,344,63.35,463.03,51.27,61.84,1,1,1,0
276,343,629.55,38.27,507.34,643.7,1,1,1,1
276,345,399.59,450.58,100.51,116.8,1,1,1,0
276,344,62.07,462.89,51.15,61.59,1,1,1,0
277,343,630.45,37.6,508.37,644.24,1,1,1,1
277,345,419.68,445.85,101.15,117.52,1,1,1,0
277,344,60.93,462.64,50.84,61.1,1,1,1,0
278,343,630.31,36.56,510.42,646.06,1,1,1,1
278,345,438.62,440.7,101.31,117.38,1,1,1,0
278,344,59.31,461.95,50.98,61.32,1,1,1,0
279,343,631.63,34.79,511.55,648.15,1,1,1,1
279,345,457.5,433.79,102.14,118.09,1,1,1,0
279,344,57.8,460.9,51.3,61.8,1,1,1,0
280,343,633.28,31.94,511.95,649.16,1,1,1,1
280,345,477.23,426.85,102.61,118.33,1,1,1,0
280,344,56.56,459.51,51.14,61.58,1,1,1,0
281,343,635.08,31.29,512.05,648.74,1,1,1,1
281,345,496.32,416.34,106.07,122.36,1,1,1,0
281,344,55.2,458.0,51.43,61.9,1,1,1,0
282,343,640.43,27.88,511.39,648.58,1,1,1,1
282,345,515.7,410.68,106.36,122.3,1,1,1,0
282,344,54.88,456.46,50.23,60.43,1,1,1,0
283,343,645.51,28.62,508.91,646.13,1,1,1,1
283,345,535.54,407.23,107.54,123.42,1,1,1,0
283,344,54.46,455.49,49.85,59.87,1,1,1,0
284,343,646.81,27.34,507.45,645.2,1,1,1,1
284,345,558.09,407.6,105.91,121.05,1,1,1,0
284,344,53.74,454.55,50.11,60.07,1,1,1,0
285,343,645.42,24.3,509.73,649.45,1,1,1,1
285,345,577.19,408.69,107.29,122.49,1,1,1,0
285,344,53.28,453.43,50.24,60.15,1,1,1,0
286,343,647.59,21.01,514.59,659.2,1,1,1,1
286,345,598.74,413.53,106.72,121.43,1,1,1,0
286,344,53.13,452.64,50.03,59.79,1,1,1,0
287,343,648.43,24.55,517.08,665.25,1,1,1,1
287,345,619.03,417.68,107.67,122.59,1,1,1,0
287,344,51.93,451.77,49.38,58.86,1,1,1,0
288,343,645.5,22.98,521.21,673.24,1,1,1,1
288,345,644.61,418.49,112.05,126.18,1,1,1,0
288,344,50.95,450.87,49.5,58.91,1,1,1,0
289,343,645.67,22.61,524.03,677.59,1,1,1,1
289,345,669.33,422.17,112.32,125.55,1,1,1,0
289,344,50.41,449.96,49.57,58.94,1,1,1,0
290,343,646.0,12.62,529.97,687.07,1,1,1,1
290,345,685.8,434.53,117.43,131.61,1,1,1,0
290,344,49.8,448.65,50.28,59.76,1,1,1,0
291,343,650.29,6.5,528.52,685.85,1,1,1,1
291,344,49.88,447.79,50.56,60.07,1,1,1,0
292,343,649.44,6.01,521.72,674.35,1,1,1,1
292,344,49.95,446.9,50.37,59.8,1,1,1,0
293,343,648.2,0.33,522.37,673.84,1,1,1,1
293,344,49.5,445.8,50.65,60.09,1,1,1,0
294,343,648.87,2.66,518.67,668.43,1,1,1,1
294,344,48.99,444.83,50.79,60.2,1,1,1,0
295,343,643.24,1.64,524.17,675.53,1,1,1,1
295,344,48.13,443.69,51.15,60.64,1,1,1,0
296,343,645.01,0,527.94,680.27,1,1,1,1
296,344,47.65,443.1,50.99,60.41,1,1,1,0
297,343,644.34,0,532.01,685.44,1,1,1,1
297,344,47.23,442.12,50.61,59.93,1,1,1,0
298,343,644.26,0,535.53,687.41,1,1,1,1
298,344,46.69,441.38,50.18,59.34,1,1,1,0
299,343,644.62,0,533.65,683.79,1,1,1,1
299,344,46.61,441.14,50.07,59.12,1,1,1,0
300,343,646.04,0,534.28,682.78,1,1,1,1
300,344,45.82,440.68,50.35,59.45,1,1,1,0
301,343,647.46,0,532.68,678.44,1,1,1,1
301,344,45.22,440.34,50.49,59.57,1,1,1,0
302,343,648.66,0,530.69,675.2,1,1,1,1
302,344,45.44,440.44,50.55,59.62,1,1,1,0
303,343,647.64,0,527.23,672.01,1,1,1,1
303,344,45.83,440.3,50.58,59.64,1,1,1,0
304,343,647.14,0,527.7,671.23,1,1,1,1
304,344,46.51,440.28,50.64,59.65,1,1,1,0
305,343,650.06,0,528.81,671.78,1,1,1,1
305,344,47.5,440.29,50.69,59.65,1,1,1,0
306,343,643.13,0,529.33,672.42,1,1,1,1
306,344,49.52,439.52,51.03,60.05,1,1,1,0
306,345,1114.89,391.74,122.12,136.21,1,1,1,0
307,343,639.55,0,526.61,668.31,1,1,1,1
307,344,51.9,438.45,51.13,60.2,1,1,1,0
307,345,1144.14,386.14,123.21,137.14,1,1,1,0
308,343,634.07,0,524.29,665.99,1,1,1,1
308,344,54.32,437.86,50.81,59.86,1,1,1,0
308,345,1179.65,377.96,123.42,136.98,1,1,1,0
309,343,630.29,0,522.91,665.17,1,1,1,1
309,344,56.48,437.06,50.75,59.73,1,1,1,0
309,345,1212.29,368.33,125.72,139.16,1,1,1,0
310,343,624.55,0,522.36,668.09,1,1,1,1
310,344,57.41,436.79,50.75,59.68,1,1,1,0
310,345,1243.83,359.99,127.69,140.73,1,1,1,0
311,343,619.17,0,523.94,668.44,1,1,1,1
311,344,57.59,436.3,51.07,60.06,1,1,1,0
311,345,1274.44,354.23,128.77,141.24,1,1,1,0
312,343,612.08,0,530.06,670.19,1,1,1,1
312,344,57.77,435.94,51.17,60.21,1,1,1,0
312,345,1304.57,349.58,131.42,143.45,1,1,1,0
313,343,608.97,0,527.86,670.07,1,1,1,1
313,344,58.42,435.43,51.19,60.26,1,1,1,0
313,345,1335.7,347.54,133.8,145.44,1,1,1,0
314,343,604.03,0,530.57,674.82,1,1,1,1
314,344,59.37,434.86,51.22,60.28,1,1,1,0
314,345,1366.65,349.06,135.49,146.53,1,1,1,0
315,343,597.24,0,535.5,678.21,1,1,1,1
315,344,60.63,434.26,51.25,60.28,1,1,1,0
315,345,1400.71,353.49,137.01,147.29,1,1,1,0
316,343,595.84,0,533.64,677.49,1,1,1,1
316,344,62.87,433.66,51.18,60.29,1,1,1,0
316,345,1435.97,359.74,136.71,145.93,1,1,1,0
317,343,597.9,0,524.82,673.22,1,1,1,1
317,344,64.05,433.26,51.11,60.28,1,1,1,0
317,345,1473.16,367.28,135.98,143.75,1,1,1,0
318,343,598.38,0,520.94,669.98,1,1,1,1
318,344,65.1,432.73,51.41,60.68,1,1,1,0
318,345,1510.56,369.0,137.67,144.91,1,1,1,0
319,343,597.22,0,520.78,669.17,1,1,1,1
319,344,65.58,431.75,51.49,60.83,1,1,1,0
319,345,1543.46,364.28,141.22,147.72,1,1,1,0
320,343,592.01,0,525.46,668.89,1,1,1,1
320,344,66.02,431.0,51.22,60.49,1,1,1,0
320,345,1577.06,358.36,143.9,149.55,1,1,1,0
321,343,596.25,0,519.79,664.82,1,1,1,1
321,344,66.14,430.34,50.84,59.95,1,1,1,0
321,345,1607.86,352.19,144.43,149.03,1,1,1,0
322,343,597.73,0,517.32,663.29,1,1,1,1
322,344,65.69,429.72,51.02,60.15,1,1,1,0
322,345,1637.49,343.74,145.92,149.98,1,1,1,0
323,343,589.84,0,528.45,672.35,1,1,1,1
323,344,65.56,429.31,50.75,59.83,1,1,1,0
323,345,1668.26,334.09,146.23,149.92,1,1,1,0
324,343,587.78,0,533.71,678.91,1,1,1,1
324,344,64.88,428.58,50.96,60.11,1,1,1,0
324,345,1701.0,325.37,146.18,150.26,1,1,1,0
325,343,591.39,0,534.02,677.44,1,1,1,1
325,344,63.08,427.93,51.1,60.21,1,1,1,0
325,345,1727.5,318.04,150.49,155.52,1,1,1,0
326,343,593.66,0,534.86,676.05,1,1,1,1
326,344,60.33,426.71,50.79,59.85,1,1,1,0
326,345,1754.99,311.08,151.41,157.48,1,1,1,0
327,343,596.69,0,536.27,676.3,1,1,1,1
327,344,56.71,425.88,50.34,59.32,1,1,1,0
327,345,1788.01,307.98,140.66,146.78,1,1,1,0
328,343,599.09,0,540.89,677.97,1,1,1,1
328,344,51.17,424.99,50.95,59.92,1,1,1,0
328,345,1816.31,310.13,125.9,132.33,1,1,1,0
329,343,607.3,0,534.37,676.99,1,1,1,1
329,344,45.4,424.08,50.92,59.75,1,1,1,0
329,345,1840.83,314.96,125.22,133.27,1,1,1,0
330,343,617.84,0,535.38,671.82,1,1,1,1
330,344,39.46,423.17,51.13,60.08,1,1,1,0
330,345,1864.0,322.52,128.62,140.49,1,1,1,0
331,343,627.13,0,536.96,669.07,1,1,1,1
331,344,35.2,423.05,50.94,59.81,1,1,1,0
331,345,1897.3,334.01,109.01,119.06,1,1,1,0
332,343,637.53,0,538.72,672.81,1,1,1,1
332,344,33.24,422.44,51.23,60.11,1,1,1,0
333,343,653.5,0,530.18,666.69,1,1,1,1
333,344,31.23,421.84,50.77,59.42,1,1,1,0
334,343,669.48,0,528.4,660.77,1,1,1,1
334,344,30.24,420.84,50.98,59.56,1,1,1,0
335,343,687.06,0,525.73,652.19,1,1,1,1
335,344,29.33,419.49,51.42,60.02,1,1,1,0
336,343,701.51,0,524.56,644.63,1,1,1,1
336,344,27.1,418.61,51.83,60.58,1,1,1,0
337,343,716.81,0,525.42,636.67,1,1,1,1
337,344,24.75,417.91,51.68,60.4,1,1,1,0
338,343,730.96,0,521.51,629.01,1,1,1,1
338,344,22.38,416.88,51.66,60.33,1,1,1,0
339,343,743.35,0,520.4,625.46,1,1,1,1
339,344,18.9,416.32,51.61,60.3,1,1,1,0
340,343,753.34,0,523.8,625.47,1,1,1,1
340,344,15.11,415.94,51.62,60.29,1,1,1,0
341,343,762.81,0,532.48,629.2,1,1,1,1
341,344,10.98,415.83,51.68,60.28,1,1,1,0
342,343,772.39,0,529.37,624.76,1,1,1,1
342,344,6.75,415.42,51.06,59.48,1,1,1,0
343,343,781.92,0,529.54,622.38,1,1,1,1
343,344,2.32,415.29,50.94,59.18,1,1,1,0
344,343,792.57,0,531.46,622.78,1,1,1,1
344,344,0,414.86,48.85,59.47,1,1,1,0
345,343,805.41,0,524.14,620.64,1,1,1,1
345,344,0,414.13,44.97,59.58,1,1,1,0
346,343,810.71,0,526.43,615.72,1,1,1,1
346,344,0,412.88,40.1,59.63,1,1,1,0
347,343,820.04,0,522.26,614.18,1,1,1,1
347,344,0,411.83,35.89,59.24,1,1,1,0
348,343,824.01,0,528.61,612.91,1,1,1,1
348,344,0,411.46,32.34,58.3,1,1,1,0
349,343,826.85,0,531.23,612.11,1,1,1,1
349,344,0,411.15,27.37,56.35,1,1,1,0
350,343,827.85,0,538.03,615.49,1,1,1,1
350,344,0,411.47,23.45,58.05,1,1,1,0
351,343,831.19,0,536.48,615.45,1,1,1,1
352,343,837.52,0,531.46,616.89,1,1,1,1
353,343,843.19,0,527.61,618.29,1,1,1,1
354,343,842.03,0,529.79,622.45,1,1,1,1
355,343,840.91,0,532.32,622.84,1,1,1,1
356,343,843.06,0,527.71,621.4,1,1,1,1
357,343,844.72,0,526.21,623.26,1,1,1,1
358,343,846.61,0,525.57,625.57,1,1,1,1
359,343,850.09,0,524.67,622.05,1,1,1,1
360,343,852.83,0,525.14,623.51,1,1,1,1
361,343,848.88,0,532.61,632.04,1,1,1,1
362,343,851.56,0,532.4,636.03,1,1,1,1
363,343,847.95,0,538.92,642.27,1,1,1,1
364,343,854.43,0,534.98,642.22,1,1,1,1
365,343,857.72,0,535.58,648.48,1,1,1,1
366,343,859.44,0,537.01,652.38,1,1,1,1
