1,768,494.2,251.92,296.52,376.07,1,1,1,1
1,769,1210.18,38.42,405.0,598.61,1,1,1,1
1,770,109.39,246.8,147.96,159.71,1,1,1,0
1,771,1809.24,293.5,96.43,87.99,1,1,1,0
1,772,1078.19,255.23,98.84,121.74,1,1,1,0
1,773,281.6,336.9,211.99,228.42,1,1,1,0
2,768,494.57,250.35,293.67,372.41,1,1,1,1
2,769,1209.48,37.64,405.88,599.92,1,1,1,1
2,770,97.51,246.14,149.22,161.15,1,1,1,0
2,771,1807.63,292.46,97.55,89.04,1,1,1,0
2,772,1078.19,255.23,98.84,121.74,1,1,1,0
2,773,280.71,337.42,206.85,222.66,1,1,1,0
3,768,494.52,249.14,291.76,369.9,1,1,1,1
3,769,1210.72,37.97,406.12,600.14,1,1,1,1
3,770,84.89,245.21,151.18,163.38,1,1,1,0
3,771,1806.72,292.28,97.15,88.75,1,1,1,0
3,772,1078.15,254.88,98.93,121.86,1,1,1,0
3,773,271.33,337.27,211.25,226.9,1,1,1,0
4,768,493.62,248.1,290.91,368.72,1,1,1,1
4,769,1211.67,39.01,406.47,600.19,1,1,1,1
4,770,68.85,244.24,152.94,165.44,1,1,1,0
4,771,1806.5,292.47,96.91,88.64,1,1,1,0
4,772,1078.5,255.0,99.13,122.13,1,1,1,0
4,773,272.18,337.68,209.28,224.63,1,1,1,0
4,774,850.87,273.25,128.47,169.11,1,1,1,0
5,768,492.94,246.58,289.7,367.21,1,1,1,1
5,769,1210.69,40.23,406.87,600.19,1,1,1,1
5,770,52.36,242.63,154.36,167.36,1,1,1,0
5,771,1806.69,292.66,96.4,88.27,1,1,1,0
5,772,1078.75,255.16,98.93,121.88,1,1,1,0
5,773,280.28,338.03,202.04,217.12,1,1,1,0
5,774,855.17,274.47,127.92,168.36,1,1,1,0
6,768,494.39,244.72,288.63,365.81,1,1,1,1
6,769,1208.67,41.16,407.71,600.93,1,1,1,1
6,770,37.17,242.33,152.71,165.82,1,1,1,0
6,771,1805.27,291.75,95.79,88.04,1,1,1,0
6,772,1077.88,255.11,99.04,122.11,1,1,1,0
6,773,286.69,339.02,193.24,207.61,1,1,1,0
6,774,856.72,273.93,131.22,172.83,1,1,1,0
7,768,495.12,242.74,286.84,363.59,1,1,1,1
7,769,1205.52,42.82,407.41,600.23,1,1,1,1
7,770,21.94,242.8,149.86,162.76,1,1,1,0
7,771,1803.51,291.44,94.76,87.54,1,1,1,0
7,772,1077.14,254.98,99.1,122.29,1,1,1,0
7,773,280.25,339.99,201.85,217.17,1,1,1,0
7,774,858.43,274.18,133.18,175.58,1,1,1,0
8,768,496.52,240.43,285.84,362.46,1,1,1,1
8,769,1205.77,44.22,406.23,598.31,1,1,1,1
8,770,6.46,242.38,149.14,162.25,1,1,1,0
8,771,1801.92,292.28,91.4,84.97,1,1,1,0
8,772,1077.36,255.15,98.97,122.36,1,1,1,0
8,773,279.51,339.89,199.33,214.62,1,1,1,0
8,774,861.26,276.63,129.93,171.24,1,1,1,0
9,768,495.48,238.01,285.3,362.12,1,1,1,1
9,769,1205.94,45.09,405.71,597.61,1,1,1,1
9,770,0,242.87,142.78,162.27,1,1,1,0
9,771,1802.31,293.32,88.36,82.7,1,1,1,0
9,772,1077.36,255.1,99.1,122.89,1,1,1,0
9,773,281.26,339.41,196.15,211.25,1,1,1,0
9,774,862.54,278.76,130.47,172.16,1,1,1,0
10,768,494.07,234.64,286.39,363.8,1,1,1,1
10,769,1203.56,43.84,406.79,599.71,1,1,1,1
10,770,0,243.27,131.98,165.34,1,1,1,0
10,771,1802.97,292.87,86.36,81.5,1,1,1,0
10,772,1077.59,255.39,98.71,122.98,1,1,1,0
10,773,280.59,339.01,193.22,208.03,1,1,1,0
10,774,863.25,278.85,135.81,179.55,1,1,1,0
11,768,491.18,232.86,286.68,364.07,1,1,1,1
11,769,1199.33,43.85,405.82,599.18,1,1,1,1
11,770,0,243.13,122.67,167.77,1,1,1,0
11,771,1802.97,290.84,86.23,82.35,1,1,1,0
11,772,1077.18,255.4,100.37,125.94,1,1,1,0
11,773,279.1,338.85,189.68,204.06,1,1,1,0
11,774,865.63,279.56,135.77,179.05,1,1,1,0
12,768,488.24,231.68,287.33,364.6,1,1,1,1
12,769,1196.99,42.01,405.47,599.59,1,1,1,1
12,770,0,243.89,110.93,165.87,1,1,1,0
12,771,1805.2,290.82,83.42,80.75,1,1,1,0
12,772,1078.75,256.0,99.95,126.03,1,1,1,0
12,773,275.78,337.76,187.74,202.29,1,1,1,0
12,774,865.24,280.49,131.61,172.58,1,1,1,0
13,768,484.49,231.92,287.53,364.43,1,1,1,1
13,769,1193.03,38.59,407.17,602.86,1,1,1,1
13,770,0,243.88,99.81,163.19,1,1,1,0
13,771,1807.83,290.63,82.16,80.4,1,1,1,0
13,772,1080.2,256.93,100.49,127.34,1,1,1,0
13,773,276.51,339.0,187.45,201.33,1,1,1,0
13,774,861.35,281.21,131.54,171.7,1,1,1,0
14,768,481.83,232.08,288.39,365.19,1,1,1,1
14,769,1191.34,37.1,406.75,603.48,1,1,1,1
14,770,0,243.68,85.31,153.3,1,1,1,0
14,771,1810.87,290.16,80.84,79.89,1,1,1,0
14,772,1081.34,257.67,101.86,129.81,1,1,1,0
14,773,273.68,339.65,187.47,201.06,1,1,1,0
14,774,855.64,282.86,132.69,172.6,1,1,1,0
14,775,1760.11,487.21,184.09,223.59,1,1,1,0
15,768,479.17,232.1,289.73,366.6,1,1,1,1
15,769,1188.62,37.75,406.09,603.3,1,1,1,1
15,770,0,244.95,75.92,144.54,1,1,1,0
15,771,1813.46,289.39,80.68,80.34,1,1,1,0
15,772,1083.21,258.24,101.06,129.43,1,1,1,0
15,773,269.3,339.89,194.35,208.72,1,1,1,0
15,774,849.61,284.04,132.87,171.71,1,1,1,0
15,775,1749.16,494.5,188.02,228.27,1,1,1,0
16,768,477.16,232.15,290.18,366.74,1,1,1,1
16,769,1190.04,38.21,404.29,601.81,1,1,1,1
16,770,0,247.07,63.35,137.72,1,1,1,0
16,771,1815.7,289.41,79.65,80.03,1,1,1,0
16,772,1085.02,259.54,99.33,127.76,1,1,1,0
16,773,262.82,339.18,199.44,214.35,1,1,1,0
16,774,842.97,284.64,135.25,173.79,1,1,1,0
16,775,1739.41,503.42,190.43,231.21,1,1,1,0
16,776,791.6,487.69,170.35,209.25,1,1,1,0
17,768,475.9,232.22,291.08,367.19,1,1,1,1
17,769,1191.24,39.69,400.83,598.34,1,1,1,1
17,770,0,249.9,54.12,136.22,1,1,1,0
17,771,1817.17,289.24,79.59,80.74,1,1,1,0
17,772,1086.33,260.12,97.36,126.0,1,1,1,0
17,773,260.44,338.5,200.24,215.72,1,1,1,0
17,774,835.55,286.33,137.28,175.45,1,1,1,0
17,775,1728.5,514.36,187.6,226.86,1,1,1,0
17,776,794.71,488.06,168.02,206.38,1,1,1,0
18,768,474.04,232.59,292.9,368.67,1,1,1,1
18,769,1192.36,36.15,401.52,601.53,1,1,1,1
18,770,0,253.34,46.38,134.15,1,1,1,0
18,771,1818.9,289.28,80.37,81.92,1,1,1,0
18,772,1087.04,260.52,96.15,125.13,1,1,1,0
18,773,243.37,336.26,212.25,228.15,1,1,1,0
18,774,828.06,285.84,139.58,177.56,1,1,1,0
18,775,1710.12,522.7,192.28,231.18,1,1,1,0
18,776,796.92,487.71,166.8,204.94,1,1,1,0
19,768,471.32,234.25,294.56,370.12,1,1,1,1
19,769,1195.99,36.52,399.04,599.05,1,1,1,1
19,770,0,256.31,37.88,133.82,1,1,1,0
19,771,1819.68,289.8,80.37,82.28,1,1,1,0
19,772,1087.91,261.26,96.82,126.6,1,1,1,0
19,773,242.03,335.61,211.5,226.56,1,1,1,0
19,774,820.21,286.21,142.68,181.12,1,1,1,0
19,775,1689.55,531.15,199.6,238.52,1,1,1,0
19,776,795.55,487.59,167.68,205.94,1,1,1,0
20,768,468.7,235.2,297.68,373.74,1,1,1,1
20,769,1197.87,34.68,396.78,595.71,1,1,1,1
20,770,0,264.66,36.07,126.26,1,1,1,0
20,771,1819.82,290.51,80.6,82.92,1,1,1,0
20,772,1089.22,262.01,95.07,124.66,1,1,1,0
20,773,245.2,335.57,208.93,223.08,1,1,1,0
20,774,812.47,287.8,144.1,182.74,1,1,1,0
20,775,1683.86,539.63,188.16,222.22,1,1,1,0
20,776,798.31,487.56,164.96,202.4,1,1,1,0
21,768,467.0,235.78,299.19,375.5,1,1,1,1
21,769,1200.68,33.6,396.58,594.46,1,1,1,1
21,770,0,277.35,28.38,114.34,1,1,1,0
21,771,1819.82,291.27,80.74,83.47,1,1,1,0
21,772,1090.23,262.28,94.94,125.11,1,1,1,0
21,773,241.68,336.36,216.72,231.65,1,1,1,0
21,774,804.47,289.08,147.02,186.58,1,1,1,0
21,775,1677.55,545.61,177.06,206.52,1,1,1,0
21,776,800.33,487.55,163.53,200.36,1,1,1,0
21,777,920.33,317.13,115.63,142.11,1,1,1,0
22,768,466.9,236.31,299.97,376.63,1,1,1,1
22,769,1202.06,33.72,395.89,591.51,1,1,1,1
22,770,0,296.22,28.38,98.77,1,1,1,0
22,771,1819.74,291.76,80.91,84.07,1,1,1,0
22,772,1091.14,262.16,95.37,126.08,1,1,1,0
22,773,243.66,337.44,217.43,233.25,1,1,1,0
22,774,796.5,287.96,149.55,189.58,1,1,1,0
22,775,1675.96,553.43,157.88,180.87,1,1,1,0
22,776,800.03,487.13,164.97,201.83,1,1,1,0
22,777,919.73,316.81,116.83,143.59,1,1,1,0
23,768,466.56,236.32,300.97,378.03,1,1,1,1
23,769,1201.65,29.28,400.29,594.53,1,1,1,1
23,770,0,312.54,24.34,84.49,1,1,1,0
23,771,1819.3,291.55,81.74,85.49,1,1,1,0
23,772,1091.83,262.2,95.58,126.94,1,1,1,0
23,773,237.46,337.47,227.87,245.61,1,1,1,0
23,774,788.06,287.1,152.12,192.65,1,1,1,0
23,775,1659.52,559.31,167.17,190.36,1,1,1,0
23,776,803.19,486.98,167.15,204.88,1,1,1,0
23,777,920.36,317.16,116.5,143.16,1,1,1,0
24,768,467.14,236.03,301.41,379.02,1,1,1,1
24,769,1202.33,28.84,402.27,593.3,1,1,1,1
24,771,1819.27,292.06,81.75,86.02,1,1,1,0
24,772,1093.43,262.7,96.1,127.95,1,1,1,0
24,773,219.74,337.87,249.09,269.61,1,1,1,0
24,774,783.44,287.14,151.44,191.41,1,1,1,0
24,775,1639.77,565.51,177.8,201.66,1,1,1,0
24,776,809.1,486.73,161.61,198.09,1,1,1,0
24,777,920.59,317.74,116.33,142.98,1,1,1,0
25,768,466.85,235.63,303.68,382.64,1,1,1,1
25,769,1198.62,27.01,404.95,592.15,1,1,1,1
25,771,1819.17,292.15,81.89,86.71,1,1,1,0
25,772,1093.51,262.97,94.13,126.25,1,1,1,0
25,773,220.6,337.46,247.21,268.6,1,1,1,0
25,774,780.82,286.15,150.06,190.07,1,1,1,0
25,775,1625.91,572.97,179.65,203.32,1,1,1,0
25,776,810.09,487.05,161.82,198.44,1,1,1,0
25,777,919.48,317.27,118.63,145.96,1,1,1,0
26,768,464.91,235.88,308.23,389.91,1,1,1,1
26,769,1195.71,21.37,406.97,591.74,1,1,1,1
26,771,1819.25,292.28,81.68,87.26,1,1,1,0
26,772,1094.08,263.56,93.82,126.48,1,1,1,0
26,773,219.12,337.28,246.08,268.29,1,1,1,0
26,774,772.28,284.66,152.25,191.99,1,1,1,0
26,776,809.23,487.78,166.65,205.31,1,1,1,0
26,777,918.93,317.1,119.76,147.39,1,1,1,0
27,768,463.32,235.09,310.74,395.09,1,1,1,1
27,769,1193.8,17.99,409.37,592.3,1,1,1,1
27,771,1819.31,292.13,81.52,87.85,1,1,1,0
27,772,1095.75,263.57,93.93,126.97,1,1,1,0
27,773,218.62,337.02,243.25,265.28,1,1,1,0
27,774,767.97,283.99,151.59,191.0,1,1,1,0
27,776,808.23,487.25,168.92,208.65,1,1,1,0
27,777,920.11,317.24,119.05,146.63,1,1,1,0
28,768,463.27,234.7,311.59,397.89,1,1,1,1
28,769,1194.08,14.98,411.86,592.34,1,1,1,1
28,771,1819.51,292.66,81.06,88.07,1,1,1,0
28,772,1096.7,263.66,94.88,128.64,1,1,1,0
28,773,214.03,336.92,244.42,266.33,1,1,1,0
28,774,763.49,283.03,150.23,189.08,1,1,1,0
28,776,803.95,486.85,175.07,216.89,1,1,1,0
28,777,920.43,317.5,118.99,146.71,1,1,1,0
29,768,467.0,233.76,308.42,395.33,1,1,1,1
29,769,1193.57,13.61,414.06,591.87,1,1,1,1
29,771,1820.39,293.06,80.84,88.53,1,1,1,0
29,772,1097.84,263.97,94.41,128.17,1,1,1,0
29,773,210.33,336.49,246.92,269.38,1,1,1,0
29,774,764.18,283.36,143.73,180.25,1,1,1,0
29,776,804.11,486.9,176.89,220.17,1,1,1,0
29,777,920.59,317.39,118.86,146.72,1,1,1,0
30,768,472.06,234.61,302.96,388.7,1,1,1,1
30,769,1190.77,12.37,416.51,591.71,1,1,1,1
30,771,1820.74,293.8,80.72,89.09,1,1,1,0
30,772,1098.72,264.38,94.07,127.68,1,1,1,0
30,773,207.46,335.55,246.63,268.88,1,1,1,0
30,774,762.5,284.41,137.52,170.87,1,1,1,0
30,776,803.84,486.72,176.61,220.4,1,1,1,0
30,777,921.2,317.55,118.52,146.29,1,1,1,0
31,768,475.77,234.64,299.7,384.82,1,1,1,1
31,769,1192.47,11.77,418.31,590.07,1,1,1,1
31,771,1820.99,294.18,80.4,89.39,1,1,1,0
31,772,1098.53,266.51,91.74,124.9,1,1,1,0
31,773,203.58,334.79,249.35,271.32,1,1,1,0
31,774,762.88,285.3,132.02,162.83,1,1,1,0
31,776,807.13,486.46,172.78,216.27,1,1,1,0
31,777,921.13,317.41,118.95,146.92,1,1,1,0
32,768,477.67,233.76,299.05,384.24,1,1,1,1
32,769,1198.25,15.8,416.7,583.48,1,1,1,1
32,771,1821.28,294.8,79.88,89.39,1,1,1,0
32,772,1098.7,266.0,91.9,125.55,1,1,1,0
32,773,216.91,335.89,233.62,252.48,1,1,1,0
32,774,763.35,285.41,126.47,154.23,1,1,1,0
32,776,809.63,486.56,170.36,214.02,1,1,1,0
32,777,920.87,317.35,118.76,146.74,1,1,1,0
33,768,478.89,233.53,297.97,383.31,1,1,1,1
33,769,1200.9,14.78,418.74,582.42,1,1,1,1
33,771,1821.37,295.23,79.7,89.77,1,1,1,0
33,772,1099.35,265.2,91.54,125.39,1,1,1,0
33,773,210.11,334.91,240.52,258.34,1,1,1,0
33,774,759.3,286.69,127.51,154.57,1,1,1,0
33,776,809.13,486.2,171.45,215.95,1,1,1,0
33,777,920.97,317.33,118.28,146.25,1,1,1,0
34,768,478.72,233.06,298.79,384.74,1,1,1,1
34,769,1201.59,13.74,421.23,581.97,1,1,1,1
34,771,1821.38,295.58,79.64,90.3,1,1,1,0
34,772,1100.11,264.68,91.15,124.94,1,1,1,0
34,773,202.26,334.96,254.96,275.08,1,1,1,0
34,774,752.12,287.84,131.46,158.33,1,1,1,0
34,776,809.19,485.87,171.3,216.06,1,1,1,0
34,777,921.48,317.32,117.93,146.06,1,1,1,0
35,768,475.71,232.79,302.57,390.55,1,1,1,1
35,769,1201.37,13.29,424.66,584.14,1,1,1,1
35,771,1821.87,295.51,80.23,91.68,1,1,1,0
35,772,1101.53,264.17,91.87,125.67,1,1,1,0
35,773,203.21,334.59,248.39,267.38,1,1,1,0
35,774,744.5,286.44,133.52,159.57,1,1,1,0
35,776,810.6,485.16,167.6,211.1,1,1,1,0
35,777,921.14,317.32,118.07,146.38,1,1,1,0
36,768,471.95,233.19,306.03,396.58,1,1,1,1
36,769,1197.91,11.36,429.43,588.98,1,1,1,1
36,771,1822.07,295.47,80.41,92.58,1,1,1,0
36,772,1101.68,263.78,92.87,126.94,1,1,1,0
36,773,202.17,334.66,247.59,266.5,1,1,1,0
36,774,747.58,285.7,124.34,147.07,1,1,1,0
36,776,809.58,484.69,170.05,214.2,1,1,1,0
36,777,920.44,317.32,118.44,146.89,1,1,1,0
36,778,1152.63,302.64,143.05,168.3,1,1,1,0
36,779,0,436.94,74.81,181.77,1,1,1,0
37,768,470.12,233.06,307.16,399.54,1,1,1,1
37,769,1193.17,10.27,432.85,592.21,1,1,1,1
37,771,1822.3,295.44,80.13,92.91,1,1,1,0
37,772,1101.17,263.83,93.53,127.82,1,1,1,0
37,773,204.08,335.09,246.76,266.51,1,1,1,0
37,774,738.89,285.09,127.08,149.12,1,1,1,0
37,776,810.03,484.92,170.84,215.35,1,1,1,0
37,777,919.91,316.72,119.11,147.87,1,1,1,0
37,778,1148.2,293.85,150.36,176.89,1,1,1,0
37,779,0,439.28,73.89,171.69,1,1,1,0
38,768,470.86,233.21,306.5,399.62,1,1,1,1
38,769,1189.89,9.5,435.86,595.03,1,1,1,1
38,771,1822.54,295.62,79.72,93.01,1,1,1,0
38,772,1101.2,263.25,93.31,127.56,1,1,1,0
38,773,202.69,335.05,248.31,269.64,1,1,1,0
38,776,811.32,484.82,171.24,216.36,1,1,1,0
38,777,919.94,316.69,118.9,147.84,1,1,1,0
38,778,1152.97,300.55,147.99,173.99,1,1,1,0
38,779,0,438.59,74.15,166.95,1,1,1,0
39,768,471.41,234.86,303.32,395.63,1,1,1,1
39,769,1188.09,10.74,436.49,595.19,1,1,1,1
39,771,1822.76,296.08,79.28,93.04,1,1,1,0
39,772,1101.75,263.12,92.88,126.95,1,1,1,0
39,773,203.38,335.44,247.84,270.78,1,1,1,0
39,776,812.63,484.59,171.3,216.93,1,1,1,0
39,777,919.96,316.48,118.82,147.81,1,1,1,0
39,778,1152.27,295.96,152.33,178.98,1,1,1,0
39,779,0,438.33,75.59,166.78,1,1,1,0
40,768,471.12,236.99,301.53,392.95,1,1,1,1
40,769,1186.67,13.43,436.6,594.64,1,1,1,1
40,771,1822.85,296.15,79.07,93.33,1,1,1,0
40,772,1101.52,262.88,92.75,127.11,1,1,1,0
40,773,201.41,335.59,249.45,273.93,1,1,1,0
40,776,813.35,485.1,171.61,217.72,1,1,1,0
40,777,920.38,316.61,118.75,147.79,1,1,1,0
40,778,1150.19,294.25,148.82,174.99,1,1,1,0
40,779,0,437.58,76.48,169.14,1,1,1,0
41,768,470.67,239.88,300.75,391.42,1,1,1,1
41,769,1185.7,13.08,437.51,595.0,1,1,1,1
41,771,1822.97,296.26,78.82,93.52,1,1,1,0
41,772,1102.13,262.09,92.87,127.47,1,1,1,0
41,773,205.13,336.05,239.99,264.81,1,1,1,0
41,776,814.6,484.91,168.91,214.43,1,1,1,0
41,777,920.55,316.66,118.69,147.77,1,1,1,0
41,778,1145.35,282.45,151.35,178.09,1,1,1,0
41,779,0,437.53,77.02,170.06,1,1,1,0
42,768,468.59,240.76,301.92,392.22,1,1,1,1
42,769,1183.31,12.77,438.32,594.53,1,1,1,1
42,771,1823.13,296.3,78.48,93.58,1,1,1,0
42,772,1102.95,261.3,92.52,126.91,1,1,1,0
42,773,202.46,336.22,240.36,266.02,1,1,1,0
42,776,814.2,484.24,169.57,215.75,1,1,1,0
42,777,920.24,316.68,118.63,147.76,1,1,1,0
42,778,1152.92,298.01,139.9,164.27,1,1,1,0
42,779,0,437.52,77.9,167.53,1,1,1,0
43,768,466.42,241.07,302.75,392.51,1,1,1,1
43,769,1180.54,11.57,438.0,592.85,1,1,1,1
43,771,1823.28,296.31,78.15,93.59,1,1,1,0
43,772,1103.1,260.81,92.66,127.09,1,1,1,0
43,773,201.65,336.48,239.31,265.65,1,1,1,0
43,776,813.25,483.79,170.58,218.03,1,1,1,0
43,777,919.94,316.49,118.97,148.14,1,1,1,0
43,778,1153.27,303.27,139.43,163.66,1,1,1,0
43,779,0,440.64,77.85,161.68,1,1,1,0
44,768,463.64,240.17,303.46,392.81,1,1,1,1
44,769,1180.84,10.43,436.82,588.31,1,1,1,1
44,771,1823.4,296.2,77.9,93.68,1,1,1,0
44,772,1103.11,261.42,88.8,121.98,1,1,1,0
44,773,199.66,335.98,241.27,269.08,1,1,1,0
44,776,812.11,483.23,171.68,220.07,1,1,1,0
44,777,919.36,316.22,119.22,148.28,1,1,1,0
44,778,1150.5,301.14,140.11,165.13,1,1,1,0
44,779,0,445.95,77.58,151.71,1,1,1,0
45,768,463.04,239.11,302.88,391.61,1,1,1,1
45,769,1181.39,9.63,435.93,584.21,1,1,1,1
45,771,1823.56,296.26,77.55,93.6,1,1,1,0
45,772,1105.42,261.37,87.51,119.32,1,1,1,0
45,773,197.39,336.79,241.08,270.75,1,1,1,0
45,776,810.74,483.82,173.15,222.81,1,1,1,0
45,777,919.33,316.52,118.95,147.53,1,1,1,0
45,778,1153.49,306.87,132.38,156.33,1,1,1,0
45,779,0,453.1,77.29,142.36,1,1,1,0
46,768,461.71,237.4,302.72,390.85,1,1,1,1
46,769,1181.18,11.54,429.69,573.69,1,1,1,1
46,771,1823.84,296.47,76.98,93.16,1,1,1,0
46,772,1107.04,261.05,89.53,120.69,1,1,1,0
46,773,195.35,336.49,241.47,272.94,1,1,1,0
46,776,809.24,484.25,174.06,224.41,1,1,1,0
46,777,919.17,316.43,118.35,146.45,1,1,1,0
46,778,1153.0,309.62,131.53,155.99,1,1,1,0
46,779,0,454.24,78.47,143.53,1,1,1,0
47,768,460.19,236.75,299.78,386.17,1,1,1,1
47,769,1182.49,10.78,427.42,568.47,1,1,1,1
47,771,1823.75,296.25,77.15,93.69,1,1,1,0
47,772,1107.14,261.04,92.03,122.91,1,1,1,0
47,773,194.25,337.17,240.67,274.13,1,1,1,0
47,776,805.3,484.42,176.39,227.76,1,1,1,0
47,777,919.47,316.4,116.61,143.64,1,1,1,0
47,778,1152.93,310.35,133.92,159.6,1,1,1,0
47,779,0,448.6,76.84,147.74,1,1,1,0
48,768,458.49,236.3,296.0,379.8,1,1,1,1
48,769,1186.67,5.79,431.31,570.92,1,1,1,1
48,771,1823.86,296.16,76.92,93.68,1,1,1,0
48,772,1106.66,261.24,93.17,123.17,1,1,1,0
48,773,200.31,337.83,229.49,263.06,1,1,1,0
48,776,805.69,484.88,174.26,225.06,1,1,1,0
48,777,919.82,316.59,113.89,139.37,1,1,1,0
48,778,1154.95,310.98,131.13,156.54,1,1,1,0
48,779,0,437.81,79.4,160.69,1,1,1,0
49,768,456.58,237.34,296.23,378.24,1,1,1,1
49,769,1188.62,8.85,429.99,566.81,1,1,1,1
49,771,1822.92,295.83,77.2,94.36,1,1,1,0
49,772,1102.3,260.62,100.3,132.14,1,1,1,0
49,773,207.26,337.26,216.22,247.44,1,1,1,0
49,776,805.81,484.26,173.54,224.36,1,1,1,0
49,777,916.87,316.87,117.42,143.86,1,1,1,0
49,778,1155.87,310.95,124.94,148.53,1,1,1,0
49,779,0,430.72,82.21,171.33,1,1,1,0
49,780,0,268.37,132.42,166.22,1,1,1,0
50,768,455.38,239.23,296.18,376.4,1,1,1,1
50,769,1192.18,11.33,434.67,570.65,1,1,1,1
50,771,1822.64,295.7,77.15,94.61,1,1,1,0
50,772,1098.47,261.56,97.29,129.25,1,1,1,0
50,773,206.0,337.45,219.39,251.5,1,1,1,0
50,776,807.74,484.23,170.3,220.3,1,1,1,0
50,777,916.13,316.97,114.89,141.14,1,1,1,0
50,778,1154.6,309.43,121.76,144.38,1,1,1,0
50,779,0,429.92,82.65,175.1,1,1,1,0
50,780,0,267.89,138.32,167.58,1,1,1,0
51,768,452.08,242.84,295.18,374.26,1,1,1,1
51,769,1195.35,20.55,429.51,562.47,1,1,1,1
51,771,1822.61,295.65,76.99,94.7,1,1,1,0
51,772,1098.06,261.94,98.52,131.62,1,1,1,0
51,773,204.59,337.12,222.17,255.36,1,1,1,0
51,776,813.23,484.22,161.99,209.52,1,1,1,0
51,777,915.94,316.2,113.77,140.11,1,1,1,0
51,778,1152.86,296.94,133.1,158.18,1,1,1,0
51,779,0,427.91,80.37,178.9,1,1,1,0
51,780,0,267.72,143.96,167.11,1,1,1,0
52,768,447.98,247.39,298.63,378.31,1,1,1,1
52,769,1191.83,20.33,429.69,563.36,1,1,1,1
52,771,1823.59,295.83,76.52,94.33,1,1,1,0
52,772,1098.69,261.2,100.59,134.75,1,1,1,0
52,773,202.9,336.19,225.2,260.04,1,1,1,0
52,776,810.89,484.02,163.62,211.76,1,1,1,0
52,777,916.59,315.92,111.94,137.73,1,1,1,0
52,778,1150.36,280.75,151.01,180.49,1,1,1,0
52,779,0,428.16,76.66,178.36,1,1,1,0
52,780,0,265.99,151.66,168.39,1,1,1,0
53,768,444.58,250.45,301.0,381.66,1,1,1,1
53,769,1188.08,21.51,425.8,560.66,1,1,1,1
53,771,1824.02,295.69,76.25,94.18,1,1,1,0
53,772,1099.97,260.82,99.29,133.28,1,1,1,0
53,773,201.78,336.44,225.39,261.04,1,1,1,0
53,776,809.91,483.95,165.27,214.58,1,1,1,0
53,777,915.52,315.61,112.33,138.48,1,1,1,0
53,778,1152.59,281.26,155.3,185.75,1,1,1,0
53,779,0,428.32,74.83,178.87,1,1,1,0
53,780,5.65,265.0,153.03,168.8,1,1,1,0
54,768,442.58,254.25,302.65,384.24,1,1,1,1
54,769,1190.47,24.32,421.93,558.91,1,1,1,1
54,771,1824.21,295.84,76.07,94.11,1,1,1,0
54,772,1100.9,260.68,97.91,131.87,1,1,1,0
54,773,201.02,336.73,225.28,261.42,1,1,1,0
54,776,808.6,484.32,163.81,213.28,1,1,1,0
54,777,916.98,316.1,107.99,132.78,1,1,1,0
54,779,0,430.4,71.03,175.86,1,1,1,0
54,780,13.6,264.27,152.26,167.64,1,1,1,0
55,768,445.14,258.22,294.4,372.32,1,1,1,1
55,769,1193.09,28.04,412.24,549.03,1,1,1,1
55,771,1825.09,295.6,76.0,94.19,1,1,1,0
55,772,1101.69,259.93,96.51,130.22,1,1,1,0
55,773,205.01,337.84,216.05,250.42,1,1,1,0
55,776,805.08,484.07,165.33,215.59,1,1,1,0
55,777,920.51,315.68,100.46,122.1,1,1,1,0
55,779,0,431.05,68.81,173.46,1,1,1,0
55,780,19.9,263.42,152.67,167.62,1,1,1,0
56,768,438.83,259.45,306.81,388.51,1,1,1,1
56,769,1197.25,27.38,407.51,546.2,1,1,1,1
56,771,1825.48,295.61,75.83,94.11,1,1,1,0
56,772,1102.29,260.65,95.36,128.78,1,1,1,0
56,773,205.35,338.46,211.33,244.99,1,1,1,0
56,776,802.13,483.97,163.63,214.08,1,1,1,0
56,777,918.77,316.36,101.34,122.39,1,1,1,0
56,779,0,432.12,65.84,170.13,1,1,1,0
56,780,26.21,262.94,152.49,166.79,1,1,1,0
57,768,435.14,258.2,313.76,398.43,1,1,1,1
57,769,1202.03,26.89,402.12,542.25,1,1,1,1
57,771,1825.62,295.51,75.77,94.18,1,1,1,0
57,772,1099.58,262.13,91.2,124.43,1,1,1,0
57,773,207.25,336.66,210.95,243.46,1,1,1,0
57,776,796.89,484.74,165.67,217.51,1,1,1,0
57,777,916.21,317.21,108.84,130.67,1,1,1,0
57,779,0,431.95,63.66,169.25,1,1,1,0
57,780,33.05,263.11,151.06,164.73,1,1,1,0
58,768,432.17,257.56,317.3,405.07,1,1,1,1
58,769,1204.46,26.76,398.43,538.97,1,1,1,1
58,771,1825.7,295.47,75.69,94.2,1,1,1,0
58,772,1098.69,261.68,90.15,124.0,1,1,1,0
58,773,207.13,337.21,213.71,246.57,1,1,1,0
58,776,791.98,484.83,167.66,220.97,1,1,1,0
58,777,908.07,318.3,119.69,143.13,1,1,1,0
58,779,0,431.71,61.85,169.32,1,1,1,0
58,780,39.74,262.69,151.71,164.9,1,1,1,0
59,768,428.12,256.76,317.9,408.45,1,1,1,1
59,769,1204.99,26.88,396.59,537.06,1,1,1,1
59,771,1826.48,295.66,75.74,94.4,1,1,1,0
59,772,1099.04,260.61,86.84,120.35,1,1,1,0
59,773,206.32,337.41,210.32,241.78,1,1,1,0
59,776,782.3,484.86,173.08,228.6,1,1,1,0
59,777,913.14,316.79,115.2,137.12,1,1,1,0
59,779,0,430.24,60.04,171.34,1,1,1,0
59,780,47.06,262.56,151.85,164.57,1,1,1,0
59,774,612.85,233.57,174.97,210.39,1,1,1,0
60,768,424.58,257.4,313.73,403.95,1,1,1,1
60,769,1206.26,27.29,393.76,533.66,1,1,1,1
60,771,1826.8,295.73,75.7,94.48,1,1,1,0
60,772,1101.06,258.38,83.5,115.75,1,1,1,0
60,773,208.08,337.48,203.73,233.16,1,1,1,0
60,776,775.74,486.05,173.2,229.52,1,1,1,0
60,777,912.62,316.35,117.06,138.98,1,1,1,0
60,779,0,437.44,56.92,162.57,1,1,1,0
60,780,54.25,262.73,152.08,164.45,1,1,1,0
60,774,609.61,229.85,178.54,219.6,1,1,1,0
61,768,420.53,254.22,309.12,397.56,1,1,1,1
61,769,1208.93,27.01,393.13,533.3,1,1,1,1
61,771,1827.73,295.76,75.63,94.5,1,1,1,0
61,772,1100.44,255.52,86.69,120.63,1,1,1,0
61,773,201.84,336.7,212.68,243.46,1,1,1,0
61,776,766.52,486.7,175.72,232.78,1,1,1,0
61,777,916.53,315.99,114.3,136.1,1,1,1,0
61,779,0,439.24,56.26,158.36,1,1,1,0
61,780,61.07,263.02,152.29,164.42,1,1,1,0
61,774,610.83,225.75,179.14,223.73,1,1,1,0
62,768,425.42,252.58,302.68,388.69,1,1,1,1
62,769,1211.93,26.08,392.06,534.67,1,1,1,1
62,771,1828.24,295.97,75.28,94.11,1,1,1,0
62,772,1099.09,253.72,88.5,123.57,1,1,1,0
62,773,196.07,336.41,221.0,253.1,1,1,1,0
62,776,752.04,487.14,177.55,232.99,1,1,1,0
62,777,918.91,316.66,111.5,132.98,1,1,1,0
62,779,0,434.6,54.89,162.54,1,1,1,0
62,780,69.17,264.05,152.26,163.92,1,1,1,0
62,774,612.9,222.08,178.13,225.26,1,1,1,0
63,768,426.16,249.13,300.64,385.32,1,1,1,1
63,769,1215.42,25.81,391.71,537.38,1,1,1,1
63,771,1829.29,296.04,74.99,93.76,1,1,1,0
63,772,1098.69,251.67,89.0,123.92,1,1,1,0
63,773,197.3,337.49,217.56,248.55,1,1,1,0
63,776,747.98,486.71,174.72,228.08,1,1,1,0
63,777,917.66,316.9,113.13,135.03,1,1,1,0
63,779,0,431.32,53.71,163.28,1,1,1,0
63,780,78.61,264.95,146.05,156.62,1,1,1,0
63,774,614.6,218.41,178.56,228.07,1,1,1,0
64,768,425.13,246.34,299.45,382.78,1,1,1,1
64,769,1222.41,29.09,394.13,541.06,1,1,1,1
64,771,1829.68,295.87,74.87,93.63,1,1,1,0
64,772,1098.42,250.42,88.64,122.37,1,1,1,0
64,773,193.36,337.51,220.76,251.94,1,1,1,0
64,776,745.18,486.14,173.34,225.74,1,1,1,0
64,777,915.16,316.8,116.2,138.97,1,1,1,0
64,779,0,426.49,53.03,167.18,1,1,1,0
64,780,88.22,265.6,140.6,149.68,1,1,1,0
64,774,619.51,216.01,174.33,224.11,1,1,1,0
65,768,423.84,244.6,298.93,381.36,1,1,1,1
65,769,1223.26,27.22,398.92,548.97,1,1,1,1
65,771,1830.41,295.61,75.23,94.18,1,1,1,0
65,772,1097.03,248.89,88.72,121.48,1,1,1,0
65,773,190.91,337.12,217.83,247.26,1,1,1,0
65,776,739.41,484.72,166.61,214.86,1,1,1,0
65,777,915.02,316.56,116.55,139.66,1,1,1,0
65,779,0,424.7,50.99,169.04,1,1,1,0
65,780,97.7,266.25,136.54,144.54,1,1,1,0
65,774,622.26,212.24,172.07,222.62,1,1,1,0
66,768,417.2,243.27,305.99,391.56,1,1,1,1
66,769,1224.89,24.71,402.36,554.95,1,1,1,1
66,771,1830.76,295.51,75.19,94.18,1,1,1,0
66,772,1095.54,248.25,88.32,120.06,1,1,1,0
66,773,196.48,334.97,204.2,230.25,1,1,1,0
66,776,740.19,485.39,156.96,200.56,1,1,1,0
66,777,915.93,316.66,115.54,138.33,1,1,1,0
66,779,0,436.72,45.18,151.54,1,1,1,0
66,780,105.73,266.79,135.54,143.08,1,1,1,0
66,774,623.71,209.81,171.36,222.85,1,1,1,0
67,768,414.6,242.69,305.84,392.31,1,1,1,1
67,769,1225.0,22.96,403.35,557.22,1,1,1,1
67,771,1830.89,295.47,75.15,94.19,1,1,1,0
67,772,1093.84,247.96,88.08,118.84,1,1,1,0
67,773,194.6,334.56,204.29,229.56,1,1,1,0
67,777,916.06,316.5,114.79,137.41,1,1,1,0
67,779,0,439.88,41.69,148.78,1,1,1,0
67,780,114.52,267.49,137.57,145.18,1,1,1,0
67,774,625.32,206.92,169.91,221.97,1,1,1,0
68,768,413.53,240.61,307.66,395.66,1,1,1,1
68,769,1224.61,19.61,404.43,560.14,1,1,1,1
68,771,1831.55,295.46,75.47,94.38,1,1,1,0
68,772,1092.15,247.58,88.54,118.7,1,1,1,0
68,773,192.96,335.23,206.96,232.59,1,1,1,0
68,777,916.88,316.64,113.78,135.86,1,1,1,0
68,779,0,440.35,39.16,147.86,1,1,1,0
68,780,120.18,267.34,141.65,150.23,1,1,1,0
68,774,625.9,205.03,170.38,224.03,1,1,1,0
69,768,413.6,239.45,307.54,396.51,1,1,1,1
69,769,1221.85,20.33,400.43,556.86,1,1,1,1
69,771,1831.74,295.45,75.68,94.46,1,1,1,0
69,772,1091.21,247.08,89.38,118.86,1,1,1,0
69,773,194.04,335.09,205.56,231.37,1,1,1,0
69,777,916.57,316.29,115.43,138.07,1,1,1,0
69,779,0,437.87,31.96,144.75,1,1,1,0
69,780,128.56,267.27,142.03,151.36,1,1,1,0
69,774,625.64,202.44,171.6,227.12,1,1,1,0
70,768,414.57,238.35,305.35,394.32,1,1,1,1
70,769,1221.85,20.02,396.67,553.38,1,1,1,1
70,771,1831.72,295.35,75.91,94.58,1,1,1,0
70,772,1090.46,247.02,89.76,118.44,1,1,1,0
70,773,194.35,334.84,208.23,234.58,1,1,1,0
70,777,919.3,316.76,111.14,132.15,1,1,1,0
70,779,0,439.76,30.5,126.59,1,1,1,0
70,780,135.37,267.54,144.5,155.11,1,1,1,0
70,774,625.1,200.85,172.27,229.71,1,1,1,0
71,768,415.51,237.66,300.72,388.59,1,1,1,1
71,769,1227.5,21.81,391.85,547.97,1,1,1,1
71,771,1831.78,295.32,75.83,94.63,1,1,1,0
71,772,1089.46,247.23,89.79,117.7,1,1,1,0
71,773,194.79,334.35,204.67,231.03,1,1,1,0
71,777,920.28,316.73,109.62,129.46,1,1,1,0
71,779,0,443.02,29.91,119.88,1,1,1,0
71,780,142.65,266.65,145.59,157.32,1,1,1,0
71,774,625.19,198.47,172.01,231.13,1,1,1,0
72,768,415.21,236.94,300.02,387.7,1,1,1,1
72,769,1234.48,23.7,388.28,543.13,1,1,1,1
72,771,1832.46,295.0,76.04,94.74,1,1,1,0
72,772,1087.62,246.73,90.39,118.04,1,1,1,0
72,773,193.56,334.38,201.55,228.52,1,1,1,0
72,777,920.59,316.52,111.58,131.72,1,1,1,0
72,779,0,442.4,31.6,135.09,1,1,1,0
72,780,151.45,266.3,143.88,156.19,1,1,1,0
72,774,624.82,196.67,172.8,233.96,1,1,1,0
73,768,414.7,235.7,299.84,387.18,1,1,1,1
73,769,1241.3,24.61,386.45,541.33,1,1,1,1
73,771,1832.72,294.79,76.1,94.68,1,1,1,0
73,772,1086.41,246.57,90.93,118.18,1,1,1,0
73,773,194.77,332.79,199.04,225.62,1,1,1,0
73,777,918.5,316.44,116.69,138.54,1,1,1,0
73,779,0,444.56,31.73,141.61,1,1,1,0
73,780,157.62,265.37,143.32,156.15,1,1,1,0
73,774,626.17,194.3,171.76,233.8,1,1,1,0
73,778,1149.53,302.4,131.6,161.18,1,1,1,0
74,768,414.58,235.27,298.53,385.0,1,1,1,1
74,769,1247.67,27.74,381.22,533.7,1,1,1,1
74,771,1832.77,294.71,76.19,94.66,1,1,1,0
74,772,1085.86,246.53,91.37,118.24,1,1,1,0
74,773,193.69,332.6,197.32,223.78,1,1,1,0
74,777,918.71,316.61,117.39,139.92,1,1,1,0
74,779,0,445.58,30.99,144.25,1,1,1,0
74,780,164.23,264.62,142.15,155.33,1,1,1,0
74,774,627.87,193.0,170.65,233.16,1,1,1,0
74,781,977.64,383.6,154.34,173.09,1,1,1,0
74,778,1151.61,303.02,129.66,160.63,1,1,1,0
75,768,413.78,234.44,298.86,385.3,1,1,1,1
75,769,1249.96,26.3,377.68,528.07,1,1,1,1
75,771,1832.71,294.58,76.34,94.75,1,1,1,0
75,772,1085.22,246.44,91.69,118.18,1,1,1,0
75,773,194.33,333.96,197.39,223.56,1,1,1,0
75,777,919.09,316.48,116.26,138.86,1,1,1,0
75,779,0,444.55,26.25,149.25,1,1,1,0
75,780,169.89,264.14,143.77,157.81,1,1,1,0
75,774,629.01,191.5,170.89,234.14,1,1,1,0
75,781,966.59,378.68,156.54,175.81,1,1,1,0
75,778,1152.16,302.72,129.13,161.55,1,1,1,0
76,768,413.38,234.16,299.28,385.42,1,1,1,1
76,769,1246.49,23.03,376.82,525.54,1,1,1,1
76,771,1832.69,294.64,76.37,94.68,1,1,1,0
76,772,1084.35,246.32,92.32,118.47,1,1,1,0
76,773,196.12,335.27,194.78,220.32,1,1,1,0
76,777,919.91,316.03,114.43,136.84,1,1,1,0
76,779,0,441.4,30.11,191.11,1,1,1,0
76,780,177.22,263.47,141.23,154.69,1,1,1,0
76,774,630.43,190.03,169.83,233.07,1,1,1,0
76,781,957.43,373.8,157.14,176.7,1,1,1,0
76,778,1153.66,302.88,127.2,159.59,1,1,1,0
77,768,413.43,234.39,298.72,384.39,1,1,1,1
77,769,1246.67,19.9,376.63,523.98,1,1,1,1
77,771,1832.65,294.66,76.43,94.65,1,1,1,0
77,772,1084.07,246.3,92.51,118.18,1,1,1,0
77,773,194.48,334.96,196.59,222.39,1,1,1,0
77,777,920.14,315.86,113.08,135.27,1,1,1,0
77,779,0,442.26,30.56,204.35,1,1,1,0
77,780,184.16,263.02,140.51,153.48,1,1,1,0
77,774,631.5,189.96,168.39,231.41,1,1,1,0
77,781,945.56,369.7,156.95,176.9,1,1,1,0
77,778,1155.27,302.69,125.24,156.86,1,1,1,0
78,768,412.6,237.3,296.88,382.02,1,1,1,1
78,769,1245.5,18.24,377.31,524.18,1,1,1,1
78,771,1833.43,294.77,76.42,94.54,1,1,1,0
78,772,1083.02,246.1,92.95,118.28,1,1,1,0
78,773,191.83,336.25,196.39,221.6,1,1,1,0
78,777,921.49,315.2,110.85,132.27,1,1,1,0
78,779,0,446.54,30.95,217.22,1,1,1,0
78,780,191.3,262.36,139.73,151.93,1,1,1,0
78,774,632.57,189.42,167.32,230.34,1,1,1,0
78,781,937.2,366.34,155.14,176.03,1,1,1,0
78,778,1157.35,302.38,124.02,154.69,1,1,1,0
79,768,410.44,238.61,297.56,383.35,1,1,1,1
79,769,1245.77,17.54,377.68,522.84,1,1,1,1
79,771,1833.8,294.72,76.25,94.2,1,1,1,0
79,772,1082.43,245.84,93.55,118.52,1,1,1,0
79,773,188.25,336.73,197.73,222.56,1,1,1,0
79,777,921.4,315.16,109.57,130.34,1,1,1,0
79,780,197.5,261.33,139.45,150.96,1,1,1,0
79,774,633.75,188.79,164.58,226.41,1,1,1,0
79,781,927.46,362.39,153.73,176.12,1,1,1,0
79,778,1158.04,302.04,126.16,156.8,1,1,1,0
80,768,408.09,238.72,300.39,387.85,1,1,1,1
80,769,1247.63,16.99,380.64,523.91,1,1,1,1
80,771,1834.12,295.0,75.81,93.77,1,1,1,0
80,772,1081.63,245.86,94.2,118.92,1,1,1,0
80,773,187.84,337.1,197.06,221.35,1,1,1,0
80,777,921.84,314.74,108.13,128.04,1,1,1,0
80,780,201.13,260.95,143.68,155.42,1,1,1,0
80,774,633.56,187.33,165.63,228.01,1,1,1,0
80,781,926.3,358.86,131.06,149.41,1,1,1,0
80,778,1159.8,301.19,125.54,154.7,1,1,1,0
81,768,407.87,238.16,301.99,390.95,1,1,1,1
81,769,1244.33,16.11,383.27,524.88,1,1,1,1
81,771,1834.25,294.9,75.59,93.61,1,1,1,0
81,772,1080.92,245.88,94.5,118.87,1,1,1,0
81,773,187.22,337.44,198.81,222.54,1,1,1,0
81,777,924.44,314.19,105.14,123.57,1,1,1,0
81,780,206.22,261.02,144.53,156.29,1,1,1,0
81,774,633.61,187.73,165.77,228.29,1,1,1,0
81,781,920.75,353.72,122.34,139.37,1,1,1,0
81,778,1159.96,299.54,128.3,157.3,1,1,1,0
82,768,409.27,236.07,300.3,389.24,1,1,1,1
82,769,1244.02,17.3,382.32,521.21,1,1,1,1
82,771,1834.38,295.07,75.33,93.35,1,1,1,0
82,772,1080.2,245.7,94.78,118.86,1,1,1,0
82,773,190.34,338.75,201.12,223.81,1,1,1,0
82,777,924.11,314.6,108.25,126.83,1,1,1,0
82,780,211.14,260.86,146.09,158.21,1,1,1,0
82,774,635.38,187.65,164.73,226.7,1,1,1,0
82,781,902.13,350.72,126.19,143.81,1,1,1,0
82,778,1160.9,298.33,129.12,157.08,1,1,1,0
83,768,413.19,234.58,296.55,384.09,1,1,1,1
83,769,1244.77,18.18,380.16,515.87,1,1,1,1
83,771,1834.4,294.83,75.27,93.36,1,1,1,0
83,772,1079.87,245.64,95.05,118.86,1,1,1,0
83,773,191.93,337.64,201.52,223.51,1,1,1,0
83,777,925.19,314.96,107.77,125.24,1,1,1,0
83,780,215.6,260.52,148.44,161.2,1,1,1,0
83,774,637.28,188.08,164.27,225.88,1,1,1,0
83,781,888.85,348.14,130.56,149.47,1,1,1,0
83,778,1160.33,297.87,130.83,158.23,1,1,1,0
84,768,417.25,234.14,292.44,378.24,1,1,1,1
84,769,1248.27,20.52,376.07,507.92,1,1,1,1
84,771,1834.55,294.94,74.95,92.97,1,1,1,0
84,772,1079.19,245.53,95.5,119.15,1,1,1,0
84,773,189.51,336.02,204.16,226.61,1,1,1,0
84,777,922.4,315.1,113.15,131.1,1,1,1,0
84,780,218.67,260.7,152.16,166.36,1,1,1,0
84,774,637.93,186.19,165.82,227.86,1,1,1,0
84,781,879.67,347.13,125.42,143.91,1,1,1,0
84,778,1158.85,298.51,131.96,159.08,1,1,1,0
85,768,420.09,232.28,288.88,373.16,1,1,1,1
85,769,1248.91,21.01,377.46,506.64,1,1,1,1
85,771,1834.45,295.09,75.12,92.92,1,1,1,0
85,772,1078.47,245.59,95.85,119.37,1,1,1,0
85,773,186.53,335.4,207.73,230.55,1,1,1,0
85,777,923.72,314.95,112.79,130.89,1,1,1,0
85,780,223.46,260.58,153.09,168.31,1,1,1,0
85,774,640.58,186.51,164.73,226.02,1,1,1,0
85,781,858.52,345.33,133.76,153.95,1,1,1,0
85,778,1156.86,298.55,132.81,160.21,1,1,1,0
86,768,423.18,231.81,285.73,368.69,1,1,1,1
86,769,1246.63,20.39,384.96,513.47,1,1,1,1
86,771,1834.5,294.84,75.0,92.81,1,1,1,0
86,772,1077.96,245.43,96.51,120.24,1,1,1,0
86,773,184.56,333.98,206.9,229.68,1,1,1,0
86,777,923.47,314.7,114.13,132.8,1,1,1,0
86,780,228.49,260.35,153.97,170.59,1,1,1,0
86,774,642.03,183.79,166.6,228.41,1,1,1,0
86,781,848.16,344.72,130.88,150.73,1,1,1,0
86,778,1156.79,297.38,136.11,163.83,1,1,1,0
87,768,425.33,231.16,284.16,366.18,1,1,1,1
87,769,1246.95,18.56,392.92,520.87,1,1,1,1
87,771,1834.93,293.95,75.72,93.57,1,1,1,0
87,772,1077.65,245.57,97.02,121.17,1,1,1,0
87,773,181.11,333.05,215.1,238.47,1,1,1,0
87,777,918.36,314.61,125.45,148.16,1,1,1,0
87,780,233.52,261.44,158.47,177.31,1,1,1,0
87,774,643.82,182.21,167.12,228.9,1,1,1,0
87,781,842.71,344.06,124.35,142.64,1,1,1,0
87,778,1155.07,293.0,152.18,183.35,1,1,1,0
88,768,426.67,231.04,284.29,366.22,1,1,1,1
88,769,1243.96,17.78,397.35,524.2,1,1,1,1
88,771,1835.19,293.81,75.78,93.46,1,1,1,0
88,772,1077.4,245.24,97.53,122.31,1,1,1,0
88,773,176.52,332.31,225.66,251.14,1,1,1,0
88,777,921.35,315.14,124.44,148.89,1,1,1,0
88,780,242.38,260.8,152.98,171.96,1,1,1,0
88,774,646.0,180.66,168.24,229.87,1,1,1,0
88,778,1155.97,290.23,161.16,194.02,1,1,1,0
89,768,428.69,230.71,284.69,367.41,1,1,1,1
89,769,1244.49,17.68,398.77,523.5,1,1,1,1
89,771,1835.21,293.67,75.95,93.52,1,1,1,0
89,772,1077.25,245.21,97.86,123.42,1,1,1,0
89,773,173.56,332.42,236.89,264.87,1,1,1,0
89,777,924.26,315.37,122.17,147.92,1,1,1,0
89,780,249.29,260.95,152.05,171.73,1,1,1,0
89,774,647.7,179.82,168.43,229.54,1,1,1,0
89,778,1155.89,289.51,164.47,197.89,1,1,1,0
90,768,428.62,230.61,285.04,367.91,1,1,1,1
90,769,1244.53,17.56,397.97,519.95,1,1,1,1
90,771,1835.18,293.92,76.06,93.84,1,1,1,0
90,772,1078.21,245.41,98.34,124.83,1,1,1,0
90,773,174.72,331.71,233.78,261.7,1,1,1,0
90,777,925.15,315.65,118.57,143.93,1,1,1,0
90,780,254.77,261.9,151.09,171.7,1,1,1,0
90,774,649.53,178.96,169.22,229.99,1,1,1,0
90,778,1153.75,289.55,167.94,202.68,1,1,1,0
91,768,429.86,229.9,286.0,369.25,1,1,1,1
91,769,1244.83,17.52,398.61,517.81,1,1,1,1
91,771,1835.21,293.82,76.02,93.97,1,1,1,0
91,772,1079.55,245.49,98.19,125.35,1,1,1,0
91,773,181.07,331.44,226.15,252.0,1,1,1,0
91,777,923.67,315.56,119.17,145.12,1,1,1,0
91,780,260.61,262.07,150.56,172.05,1,1,1,0
91,774,651.25,177.79,169.77,229.45,1,1,1,0
91,778,1153.48,288.72,167.72,202.62,1,1,1,0
92,768,433.35,229.74,285.66,368.69,1,1,1,1
92,769,1244.96,17.02,400.75,517.13,1,1,1,1
92,771,1835.35,293.88,75.72,93.71,1,1,1,0
92,772,1080.53,245.42,98.01,125.82,1,1,1,0
92,773,183.83,331.15,224.3,248.52,1,1,1,0
92,777,924.42,315.73,118.34,144.35,1,1,1,0
92,780,265.6,261.34,155.06,178.49,1,1,1,0
92,774,653.05,177.39,169.95,228.24,1,1,1,0
92,778,1156.01,287.45,166.14,200.11,1,1,1,0
93,768,438.93,230.3,284.33,366.12,1,1,1,1
93,769,1244.23,17.44,402.65,516.29,1,1,1,1
93,771,1835.42,293.71,75.56,93.62,1,1,1,0
93,772,1081.53,245.3,97.46,125.88,1,1,1,0
93,773,185.7,330.85,223.9,246.38,1,1,1,0
93,777,924.82,315.59,118.56,144.81,1,1,1,0
93,780,270.18,261.65,157.78,183.24,1,1,1,0
93,774,654.73,176.78,170.31,228.08,1,1,1,0
93,778,1155.85,287.38,172.44,207.29,1,1,1,0
94,768,445.36,230.63,283.27,363.49,1,1,1,1
94,769,1248.89,12.72,409.38,521.29,1,1,1,1
94,771,1836.2,293.45,75.59,93.78,1,1,1,0
94,772,1083.57,245.36,97.12,126.19,1,1,1,0
94,773,184.68,330.76,225.97,247.92,1,1,1,0
94,777,926.09,315.34,117.99,144.17,1,1,1,0
94,780,281.38,260.02,146.1,169.79,1,1,1,0
94,774,655.53,176.1,170.79,228.71,1,1,1,0
94,778,1154.04,288.92,174.38,209.93,1,1,1,0
95,768,451.43,230.87,282.65,361.04,1,1,1,1
95,769,1253.93,10.06,413.21,522.49,1,1,1,1
95,771,1837.13,292.46,75.9,94.34,1,1,1,0
95,772,1086.08,245.39,96.68,126.29,1,1,1,0
95,773,178.5,331.13,252.2,277.84,1,1,1,0
95,777,928.54,315.84,115.38,140.71,1,1,1,0
95,780,289.97,259.06,141.44,164.6,1,1,1,0
95,774,658.2,177.07,170.89,229.35,1,1,1,0
95,778,1151.39,291.31,171.51,208.12,1,1,1,0
96,768,455.38,232.97,283.51,360.17,1,1,1,1
96,769,1253.64,10.87,414.16,520.96,1,1,1,1
96,771,1837.3,291.79,76.37,94.85,1,1,1,0
96,772,1087.46,244.9,97.2,127.79,1,1,1,0
96,773,188.0,330.5,234.68,257.68,1,1,1,0
96,777,930.47,315.43,114.76,139.78,1,1,1,0
96,780,297.16,258.02,140.27,163.23,1,1,1,0
96,774,660.26,177.68,169.52,228.59,1,1,1,0
96,778,1150.96,291.87,170.67,208.47,1,1,1,0
97,768,454.89,235.96,288.58,365.9,1,1,1,1
97,769,1253.59,11.81,415.82,520.97,1,1,1,1
97,771,1838.06,291.35,76.71,95.23,1,1,1,0
97,772,1088.84,244.82,97.24,128.65,1,1,1,0
97,773,191.04,328.65,231.95,255.21,1,1,1,0
97,777,932.32,315.47,113.81,138.62,1,1,1,0
97,780,304.1,256.94,138.98,161.63,1,1,1,0
97,774,664.63,177.14,163.28,220.32,1,1,1,0
97,778,1154.32,291.8,168.37,206.06,1,1,1,0
98,768,454.61,240.05,293.5,371.84,1,1,1,1
98,769,1253.16,11.39,418.73,522.37,1,1,1,1
98,771,1838.23,291.09,77.06,95.67,1,1,1,0
98,772,1090.0,244.89,96.73,128.66,1,1,1,0
98,773,194.27,328.58,232.21,256.26,1,1,1,0
98,777,933.15,315.89,114.75,140.19,1,1,1,0
98,780,309.71,256.36,140.0,162.87,1,1,1,0
98,774,669.19,179.09,155.78,208.79,1,1,1,0
98,778,1155.71,289.89,168.44,206.32,1,1,1,0
99,768,455.61,243.77,296.13,374.7,1,1,1,1
99,769,1252.06,11.25,421.55,523.7,1,1,1,1
99,771,1838.32,290.7,77.12,95.74,1,1,1,0
99,772,1091.42,245.12,96.11,128.24,1,1,1,0
99,773,198.38,327.57,228.92,252.24,1,1,1,0
99,777,934.75,316.25,112.45,137.6,1,1,1,0
99,780,313.87,256.25,141.4,165.04,1,1,1,0
99,774,671.14,177.59,153.12,203.54,1,1,1,0
99,778,1156.02,288.78,168.84,206.76,1,1,1,0
100,768,457.21,245.84,296.08,374.29,1,1,1,1
100,769,1251.28,11.42,423.22,523.4,1,1,1,1
100,771,1838.3,290.47,77.21,95.85,1,1,1,0
100,772,1092.13,245.21,95.47,128.07,1,1,1,0
100,773,202.4,327.41,224.24,245.86,1,1,1,0
100,777,936.34,316.18,110.36,135.0,1,1,1,0
100,780,319.84,255.63,140.63,164.28,1,1,1,0
100,774,668.66,176.45,156.0,206.02,1,1,1,0
100,778,1156.88,286.49,172.21,210.52,1,1,1,0
101,768,460.49,245.89,293.71,370.44,1,1,1,1
101,769,1250.2,12.0,426.9,526.56,1,1,1,1
101,771,1838.94,289.79,77.51,96.29,1,1,1,0
101,772,1093.31,245.25,94.95,127.98,1,1,1,0
101,773,197.01,326.16,233.72,255.51,1,1,1,0
101,777,938.17,316.15,108.64,132.83,1,1,1,0
101,780,325.39,254.82,139.64,163.2,1,1,1,0
101,774,666.52,175.45,158.64,207.98,1,1,1,0
101,778,1155.58,288.1,171.57,210.23,1,1,1,0
101,782,127.71,448.03,111.74,154.04,1,1,1,0
102,768,463.3,244.07,291.27,366.57,1,1,1,1
102,769,1248.6,12.63,430.57,530.52,1,1,1,1
102,771,1839.19,289.75,77.59,96.45,1,1,1,0
102,772,1093.96,244.57,95.08,129.03,1,1,1,0
102,773,204.69,325.51,228.08,248.79,1,1,1,0
102,777,939.36,316.34,106.92,130.43,1,1,1,0
102,780,328.97,254.23,141.42,165.7,1,1,1,0
102,774,667.26,175.2,158.07,205.88,1,1,1,0
102,778,1153.94,289.74,169.16,208.06,1,1,1,0
102,782,134.19,447.15,106.59,146.85,1,1,1,0
103,768,466.1,241.94,289.09,363.12,1,1,1,1
103,769,1245.77,9.9,436.31,536.96,1,1,1,1
103,771,1839.29,289.74,77.59,96.5,1,1,1,0
103,772,1094.57,244.41,94.33,128.73,1,1,1,0
103,773,204.62,325.29,227.05,246.11,1,1,1,0
103,777,939.19,316.41,107.45,131.19,1,1,1,0
103,780,334.47,253.83,139.73,164.05,1,1,1,0
103,774,668.8,175.53,156.87,202.94,1,1,1,0
103,778,1155.02,290.87,164.39,202.1,1,1,1,0
103,782,137.73,448.06,99.74,137.23,1,1,1,0
104,768,467.65,239.91,288.7,361.85,1,1,1,1
104,769,1246.25,12.93,436.88,538.67,1,1,1,1
104,771,1839.36,289.85,77.49,96.41,1,1,1,0
104,772,1096.3,244.36,93.39,127.8,1,1,1,0
104,773,206.09,325.03,228.27,247.12,1,1,1,0
104,777,938.88,316.43,106.5,129.89,1,1,1,0
104,780,340.95,253.6,136.2,159.93,1,1,1,0
104,774,668.62,175.58,157.87,203.01,1,1,1,0
104,778,1154.73,289.6,164.36,202.1,1,1,1,0
104,782,142.93,450.23,97.35,133.75,1,1,1,0
105,768,467.62,239.34,288.99,361.41,1,1,1,1
105,769,1246.86,13.41,437.74,540.56,1,1,1,1
105,771,1839.38,289.9,77.44,96.37,1,1,1,0
105,772,1097.37,244.44,92.94,127.54,1,1,1,0
105,773,208.69,326.34,229.79,249.09,1,1,1,0
105,777,937.6,316.03,106.79,130.23,1,1,1,0
105,780,345.07,253.53,137.47,162.01,1,1,1,0
105,774,669.32,175.61,158.26,202.29,1,1,1,0
105,778,1153.3,289.14,164.98,203.28,1,1,1,0
105,782,146.63,458.07,88.36,120.79,1,1,1,0
106,768,466.48,239.52,290.83,363.67,1,1,1,1
106,769,1246.25,12.6,438.08,541.81,1,1,1,1
106,771,1839.49,290.03,77.2,96.05,1,1,1,0
106,772,1100.0,244.97,93.04,127.33,1,1,1,0
106,773,215.07,326.06,221.84,239.89,1,1,1,0
106,777,935.88,316.28,107.76,131.59,1,1,1,0
106,780,349.96,253.92,135.25,159.6,1,1,1,0
106,774,670.06,175.54,158.99,201.98,1,1,1,0
106,778,1151.81,289.17,165.13,204.11,1,1,1,0
107,768,463.34,240.08,294.21,368.23,1,1,1,1
107,769,1246.03,12.4,438.1,542.33,1,1,1,1
107,771,1839.62,289.78,76.9,95.63,1,1,1,0
107,772,1101.08,245.18,92.83,126.85,1,1,1,0
107,773,220.62,326.97,217.67,235.55,1,1,1,0
107,777,935.16,315.58,106.67,130.12,1,1,1,0
107,780,353.75,253.48,136.48,161.51,1,1,1,0
107,774,669.41,175.13,161.85,204.92,1,1,1,0
107,778,1153.54,288.39,164.2,202.82,1,1,1,0
108,768,461.28,239.1,294.55,369.56,1,1,1,1
108,769,1245.19,12.62,437.98,541.97,1,1,1,1
108,771,1838.85,289.3,76.81,95.47,1,1,1,0
108,772,1102.62,245.06,92.82,126.47,1,1,1,0
108,773,216.49,327.52,225.5,244.49,1,1,1,0
108,777,934.1,315.31,106.22,129.59,1,1,1,0
108,780,359.78,253.73,131.73,155.86,1,1,1,0
108,774,670.2,174.49,163.2,206.15,1,1,1,0
108,778,1154.96,288.9,161.11,198.71,1,1,1,0
109,768,460.42,236.24,290.57,364.4,1,1,1,1
109,769,1245.68,13.21,436.25,540.29,1,1,1,1
109,771,1839.24,288.82,77.01,95.7,1,1,1,0
109,772,1103.76,245.21,93.2,126.52,1,1,1,0
109,773,217.25,326.14,221.77,239.46,1,1,1,0
109,777,932.68,316.01,107.3,131.01,1,1,1,0
109,780,363.84,253.64,132.34,156.95,1,1,1,0
109,774,671.84,174.16,164.15,207.14,1,1,1,0
109,778,1153.08,288.6,163.2,201.67,1,1,1,0
110,768,458.61,232.25,286.52,358.33,1,1,1,1
110,769,1249.39,13.44,434.87,540.21,1,1,1,1
110,771,1839.38,288.45,77.08,95.79,1,1,1,0
110,772,1104.0,244.87,93.66,126.94,1,1,1,0
110,773,224.88,325.21,210.3,225.87,1,1,1,0
110,777,930.37,316.48,108.9,133.14,1,1,1,0
110,780,368.6,253.41,130.5,154.57,1,1,1,0
110,774,674.83,174.24,162.88,205.15,1,1,1,0
110,778,1153.34,288.79,163.25,201.88,1,1,1,0
111,768,456.69,227.86,284.24,354.17,1,1,1,1
111,769,1250.74,13.22,434.42,541.63,1,1,1,1
111,771,1839.57,288.52,76.84,95.43,1,1,1,0
111,772,1104.86,244.54,93.79,127.1,1,1,1,0
111,773,224.33,324.66,213.16,228.57,1,1,1,0
111,777,929.23,316.65,109.26,133.56,1,1,1,0
111,780,371.95,253.34,131.5,155.72,1,1,1,0
111,774,676.78,174.09,163.07,204.81,1,1,1,0
111,778,1150.83,288.48,166.12,206.33,1,1,1,0
112,768,453.75,222.94,284.65,353.96,1,1,1,1
112,769,1251.52,13.04,435.23,544.83,1,1,1,1
112,771,1838.79,288.26,76.84,95.39,1,1,1,0
112,772,1105.54,244.32,93.06,126.26,1,1,1,0
112,773,222.4,324.88,214.68,229.97,1,1,1,0
112,777,927.41,316.71,109.03,133.33,1,1,1,0
112,780,375.38,253.72,128.38,152.17,1,1,1,0
112,774,679.48,173.85,161.52,202.11,1,1,1,0
112,778,1151.09,288.76,161.23,200.49,1,1,1,0
113,768,451.75,218.85,287.42,358.23,1,1,1,1
113,769,1251.13,11.59,436.84,548.98,1,1,1,1
113,771,1838.52,288.47,76.79,95.27,1,1,1,0
113,772,1106.22,244.54,92.66,126.05,1,1,1,0
113,773,215.51,325.57,226.99,243.75,1,1,1,0
113,777,924.74,317.13,108.96,133.63,1,1,1,0
113,780,377.29,253.47,124.72,148.44,1,1,1,0
113,774,680.43,173.87,162.58,203.02,1,1,1,0
113,778,1150.61,289.27,157.73,195.78,1,1,1,0
114,768,451.63,216.09,290.43,363.54,1,1,1,1
114,769,1249.14,11.73,436.33,549.22,1,1,1,1
114,771,1837.64,288.45,76.72,95.13,1,1,1,0
114,772,1106.46,244.72,92.46,126.07,1,1,1,0
114,773,208.88,325.05,241.72,260.59,1,1,1,0
114,777,921.73,317.69,108.21,132.95,1,1,1,0
114,774,682.14,173.29,163.34,203.98,1,1,1,0
114,778,1149.14,288.87,158.63,197.26,1,1,1,0
114,783,36.67,338.52,126.03,142.71,1,1,1,0
115,768,451.82,215.21,293.31,369.04,1,1,1,1
115,769,1249.9,11.69,434.63,546.97,1,1,1,1
115,771,1837.26,288.35,76.79,95.18,1,1,1,0
115,772,1106.67,244.69,92.09,125.98,1,1,1,0
115,773,203.24,324.47,248.59,269.01,1,1,1,0
115,777,918.36,318.29,106.88,131.5,1,1,1,0
115,774,682.45,172.88,166.58,208.14,1,1,1,0
115,778,1148.88,288.72,156.45,194.63,1,1,1,0
115,783,22.58,338.2,133.56,151.21,1,1,1,0
116,768,450.06,214.05,294.93,372.4,1,1,1,1
116,769,1246.96,13.58,432.43,543.78,1,1,1,1
116,771,1836.45,288.72,76.56,94.8,1,1,1,0
116,772,1107.35,244.98,91.48,125.45,1,1,1,0
116,773,200.38,324.24,245.81,266.43,1,1,1,0
116,777,916.01,318.71,103.84,127.76,1,1,1,0
116,774,683.08,172.64,169.06,211.79,1,1,1,0
116,778,1146.77,288.26,159.71,199.27,1,1,1,0
116,783,10.09,337.63,128.84,145.85,1,1,1,0
117,768,448.7,213.78,295.76,374.75,1,1,1,1
117,769,1245.29,12.89,432.7,543.94,1,1,1,1
117,771,1835.09,288.57,77.0,95.36,1,1,1,0
117,772,1108.41,245.49,90.39,124.25,1,1,1,0
117,773,198.04,324.75,251.41,273.94,1,1,1,0
117,777,913.91,318.66,102.03,125.55,1,1,1,0
117,774,685.69,172.36,169.1,212.19,1,1,1,0
117,778,1147.86,288.2,157.99,196.94,1,1,1,0
117,783,0,335.4,123.5,144.12,1,1,1,0
118,768,448.95,214.04,294.74,374.51,1,1,1,1
118,769,1242.59,14.23,430.59,541.99,1,1,1,1
118,771,1834.66,288.51,77.02,95.37,1,1,1,0
118,772,1109.91,245.88,90.12,124.01,1,1,1,0
118,773,194.58,326.12,260.32,285.87,1,1,1,0
118,777,912.27,319.44,99.18,121.94,1,1,1,0
118,774,688.26,174.44,169.03,213.12,1,1,1,0
118,778,1148.11,287.98,158.94,197.84,1,1,1,0
118,783,0,334.05,113.45,150.59,1,1,1,0
119,768,449.51,214.2,292.66,372.4,1,1,1,1
119,769,1240.55,15.53,430.26,542.03,1,1,1,1
119,771,1834.55,288.79,76.97,95.27,1,1,1,0
119,772,1111.84,245.62,92.02,126.12,1,1,1,0
119,773,201.23,326.46,258.53,285.55,1,1,1,0
119,777,909.41,319.72,99.56,122.25,1,1,1,0
119,774,691.09,175.24,169.93,215.63,1,1,1,0
119,778,1145.51,287.8,162.75,203.27,1,1,1,0
119,783,0,334.67,105.12,153.59,1,1,1,0
120,768,448.91,214.31,291.54,371.16,1,1,1,1
120,769,1235.02,17.71,428.55,541.34,1,1,1,1
120,771,1834.61,289.0,76.75,94.94,1,1,1,0
120,772,1114.09,245.82,93.6,127.61,1,1,1,0
120,773,204.32,326.59,258.84,287.6,1,1,1,0
120,777,905.09,319.41,100.74,123.61,1,1,1,0
120,774,693.54,175.54,170.55,217.35,1,1,1,0
120,778,1145.78,289.61,157.35,196.53,1,1,1,0
120,783,0,334.95,94.61,151.74,1,1,1,0
121,768,448.37,215.3,288.98,367.39,1,1,1,1
121,769,1230.31,17.92,426.85,542.47,1,1,1,1
121,771,1834.67,289.38,76.63,94.71,1,1,1,0
121,772,1114.59,246.49,93.26,126.99,1,1,1,0
121,773,207.51,327.43,250.97,280.83,1,1,1,0
121,777,901.82,319.68,102.27,124.94,1,1,1,0
121,774,697.02,173.88,169.51,216.0,1,1,1,0
121,778,1147.57,291.63,146.72,182.72,1,1,1,0
121,783,0,332.82,83.47,148.9,1,1,1,0
122,768,447.34,215.21,285.91,362.05,1,1,1,1
122,769,1234.35,15.99,427.43,547.08,1,1,1,1
122,771,1834.72,289.62,76.55,94.53,1,1,1,0
122,772,1115.72,247.44,92.73,125.85,1,1,1,0
122,773,209.89,326.95,247.04,278.45,1,1,1,0
122,777,898.47,319.38,103.26,125.87,1,1,1,0
122,774,703.5,173.64,167.38,213.07,1,1,1,0
122,778,1148.72,291.77,142.28,176.32,1,1,1,0
122,783,0,329.2,69.45,137.55,1,1,1,0
123,768,444.04,216.22,283.59,356.64,1,1,1,1
123,769,1235.93,14.75,427.65,550.88,1,1,1,1
123,771,1834.73,289.72,76.56,94.46,1,1,1,0
123,772,1117.6,248.69,92.74,125.11,1,1,1,0
123,773,223.19,327.96,228.33,258.82,1,1,1,0
123,777,896.53,319.26,102.77,124.64,1,1,1,0
123,774,708.88,171.96,166.93,212.54,1,1,1,0
123,778,1148.91,293.65,138.33,170.83,1,1,1,0
123,783,0,327.69,59.38,131.2,1,1,1,0
124,768,441.0,216.02,284.02,354.85,1,1,1,1
124,769,1235.46,13.98,428.38,553.79,1,1,1,1
124,771,1834.72,289.75,76.59,94.44,1,1,1,0
124,772,1118.3,249.35,92.66,124.44,1,1,1,0
124,773,229.8,326.92,225.41,256.05,1,1,1,0
124,777,894.3,318.01,102.58,123.79,1,1,1,0
124,774,710.53,170.73,167.31,212.33,1,1,1,0
124,778,1148.69,293.39,139.61,172.13,1,1,1,0
125,768,438.85,217.27,284.29,353.32,1,1,1,1
125,769,1236.44,13.49,427.99,554.06,1,1,1,1
125,771,1833.88,289.46,76.71,94.54,1,1,1,0
125,772,1119.46,249.68,93.14,124.29,1,1,1,0
125,773,226.27,326.54,235.77,269.18,1,1,1,0
125,777,891.87,316.93,102.68,123.48,1,1,1,0
125,774,712.53,169.89,167.68,211.65,1,1,1,0
125,778,1148.34,293.69,139.87,172.27,1,1,1,0
126,768,436.95,221.36,285.5,352.8,1,1,1,1
126,769,1235.51,13.3,427.32,553.52,1,1,1,1
126,771,1833.59,289.65,76.71,94.48,1,1,1,0
126,772,1119.98,250.39,92.28,122.64,1,1,1,0
126,773,225.77,326.21,240.19,275.94,1,1,1,0
126,777,889.1,315.73,105.02,126.18,1,1,1,0
126,774,715.6,169.98,167.78,210.79,1,1,1,0
126,778,1149.68,295.1,136.7,168.07,1,1,1,0
127,768,433.86,224.31,286.41,352.25,1,1,1,1
127,769,1233.91,14.03,426.05,551.88,1,1,1,1
127,771,1833.05,289.92,75.99,94.06,1,1,1,0
127,772,1121.42,250.44,93.39,123.23,1,1,1,0
127,773,228.26,325.89,239.95,277.34,1,1,1,0
127,777,886.01,315.49,106.19,127.2,1,1,1,0
127,774,717.24,170.23,168.23,209.47,1,1,1,0
127,778,1151.16,296.12,135.67,166.29,1,1,1,0
128,768,431.58,226.8,287.31,352.09,1,1,1,1
128,769,1233.83,15.21,424.95,552.52,1,1,1,1
128,771,1833.06,290.32,75.32,93.6,1,1,1,0
128,772,1121.53,251.55,92.98,122.17,1,1,1,0
128,773,228.81,325.17,240.55,279.4,1,1,1,0
128,777,880.9,315.61,109.12,130.37,1,1,1,0
128,774,721.78,170.94,167.55,207.57,1,1,1,0
128,778,1152.67,297.48,135.84,165.92,1,1,1,0
129,768,430.13,228.12,288.55,352.47,1,1,1,1
129,769,1237.35,17.14,420.69,552.04,1,1,1,1
129,771,1832.27,290.56,75.08,93.33,1,1,1,0
129,772,1122.6,251.04,95.48,124.48,1,1,1,0
129,773,232.55,325.3,239.13,279.33,1,1,1,0
129,777,877.33,316.25,110.5,131.56,1,1,1,0
129,774,725.34,170.42,168.18,207.67,1,1,1,0
129,778,1153.88,298.67,139.07,169.2,1,1,1,0
130,768,428.8,228.28,290.12,353.35,1,1,1,1
130,769,1244.45,16.37,418.74,554.12,1,1,1,1
130,771,1831.67,290.95,74.03,92.54,1,1,1,0
130,772,1123.57,251.14,96.0,124.25,1,1,1,0
130,773,235.4,324.95,237.88,279.24,1,1,1,0
130,777,878.81,318.28,106.29,126.08,1,1,1,0
130,774,729.32,170.23,168.51,206.92,1,1,1,0
130,778,1153.68,299.68,140.77,170.86,1,1,1,0
131,768,426.35,226.82,292.33,355.01,1,1,1,1
131,769,1254.36,18.26,414.7,552.7,1,1,1,1
131,771,1830.45,290.59,74.05,93.15,1,1,1,0
131,772,1124.63,251.76,96.29,123.77,1,1,1,0
131,773,245.38,326.22,223.55,263.29,1,1,1,0
131,777,878.44,320.48,104.43,123.53,1,1,1,0
131,774,732.82,170.57,169.18,207.06,1,1,1,0
131,778,1154.54,299.34,142.33,172.43,1,1,1,0
132,768,424.51,224.95,293.1,355.15,1,1,1,1
132,769,1256.84,16.88,415.71,557.81,1,1,1,1
132,771,1829.65,290.56,74.79,94.48,1,1,1,0
132,772,1123.87,252.58,96.26,123.19,1,1,1,0
132,773,251.64,324.88,212.17,249.76,1,1,1,0
132,777,881.67,323.3,98.77,116.97,1,1,1,0
132,774,736.31,171.1,168.86,205.52,1,1,1,0
132,778,1155.11,301.67,141.99,171.77,1,1,1,0
133,768,423.92,223.43,293.7,355.23,1,1,1,1
133,769,1259.11,16.24,418.11,564.17,1,1,1,1
133,771,1828.53,290.24,75.14,95.67,1,1,1,0
133,772,1124.03,252.88,96.86,123.38,1,1,1,0
133,773,258.81,325.63,204.22,239.52,1,1,1,0
133,774,739.23,171.61,170.07,205.66,1,1,1,0
133,778,1154.68,302.73,141.94,171.54,1,1,1,0
134,768,423.17,222.35,295.07,356.16,1,1,1,1
134,769,1259.93,17.28,415.83,564.27,1,1,1,1
134,772,1123.98,253.27,98.82,125.35,1,1,1,0
134,773,261.24,325.49,203.17,238.38,1,1,1,0
134,774,740.58,171.21,172.97,207.52,1,1,1,0
134,778,1155.14,304.29,140.66,169.88,1,1,1,0
135,768,425.61,222.24,294.83,355.43,1,1,1,1
135,769,1263.21,18.07,413.68,564.25,1,1,1,1
135,772,1122.91,253.9,99.24,125.79,1,1,1,0
135,773,265.27,325.04,202.84,238.88,1,1,1,0
135,774,741.81,171.06,174.79,208.24,1,1,1,0
135,778,1155.67,305.24,142.23,171.69,1,1,1,0
136,768,427.53,221.51,295.4,355.86,1,1,1,1
136,769,1263.38,17.77,413.31,566.37,1,1,1,1
136,772,1121.67,254.03,99.41,126.25,1,1,1,0
136,773,263.79,325.68,211.74,250.06,1,1,1,0
136,774,742.4,171.3,176.57,208.81,1,1,1,0
136,778,1156.73,305.47,143.48,173.08,1,1,1,0
137,768,428.82,221.64,295.94,356.42,1,1,1,1
137,769,1269.57,19.93,410.36,565.04,1,1,1,1
137,772,1120.78,254.36,98.66,125.73,1,1,1,0
137,773,264.46,326.51,215.72,255.4,1,1,1,0
137,774,742.67,171.0,178.51,209.82,1,1,1,0
137,778,1158.52,304.53,146.71,176.6,1,1,1,0
138,768,430.3,222.29,296.37,357.04,1,1,1,1
138,769,1273.45,19.35,409.26,565.88,1,1,1,1
138,772,1121.42,254.47,99.57,126.71,1,1,1,0
138,773,272.6,328.21,211.5,250.75,1,1,1,0
138,774,743.35,171.18,180.26,210.5,1,1,1,0
138,778,1159.68,304.64,146.9,176.25,1,1,1,0
139,768,431.89,223.23,296.88,357.97,1,1,1,1
139,769,1273.99,22.49,405.8,562.38,1,1,1,1
139,772,1123.31,254.1,101.36,128.27,1,1,1,0
139,773,277.05,329.67,207.42,245.76,1,1,1,0
139,774,743.7,171.85,181.34,210.16,1,1,1,0
139,778,1160.37,304.26,149.21,178.5,1,1,1,0
139,776,768.38,486.06,204.74,235.59,1,1,1,0
140,768,433.86,224.68,295.92,357.23,1,1,1,1
140,769,1275.34,24.46,402.06,559.02,1,1,1,1
140,772,1122.45,254.35,101.19,127.67,1,1,1,0
140,773,282.05,332.21,202.61,241.09,1,1,1,0
140,774,743.7,172.0,182.61,209.92,1,1,1,0
140,778,1159.08,304.29,149.57,178.55,1,1,1,0
140,776,776.39,485.37,194.46,224.06,1,1,1,0
141,768,437.24,226.72,293.86,355.05,1,1,1,1
141,769,1273.46,23.59,402.12,560.53,1,1,1,1
141,772,1122.34,254.13,102.24,128.51,1,1,1,0
141,773,286.15,333.14,197.73,235.78,1,1,1,0
141,774,743.28,172.26,183.75,209.83,1,1,1,0
141,778,1157.62,304.88,147.59,176.17,1,1,1,0
141,776,781.13,485.13,190.74,220.21,1,1,1,0
141,786,1818.3,205.48,178.59,245.08,1,1,1,0
142,768,439.03,228.78,292.42,353.73,1,1,1,1
142,769,1274.78,24.13,401.2,561.19,1,1,1,1
142,772,1121.44,254.24,101.92,127.83,1,1,1,0
142,773,284.3,334.27,214.07,256.52,1,1,1,0
142,774,742.62,172.65,185.02,209.89,1,1,1,0
142,778,1158.12,304.99,146.27,174.16,1,1,1,0
142,776,783.84,485.77,186.86,216.38,1,1,1,0
142,786,1819.14,234.78,151.44,207.31,1,1,1,0
142,787,167.92,348.59,118.94,127.04,1,1,1,0
143,768,440.14,231.23,292.15,353.94,1,1,1,1
143,769,1279.05,23.51,402.8,565.81,1,1,1,1
143,772,1121.07,254.57,101.03,126.27,1,1,1,0
143,773,289.21,336.41,193.33,232.11,1,1,1,0
143,774,741.74,172.7,186.62,210.41,1,1,1,0
143,778,1158.12,305.51,144.51,171.7,1,1,1,0
143,776,787.1,485.77,183.28,212.98,1,1,1,0
143,786,1812.83,245.8,141.75,193.36,1,1,1,0
143,787,159.32,349.8,118.22,126.21,1,1,1,0
144,768,440.43,232.83,292.68,355.33,1,1,1,1
144,769,1282.56,28.22,401.1,563.77,1,1,1,1
144,772,1120.2,254.78,101.33,126.17,1,1,1,0
144,773,291.29,337.85,190.27,228.57,1,1,1,0
144,774,741.57,173.11,187.56,210.4,1,1,1,0
144,778,1158.37,305.49,144.14,170.79,1,1,1,0
144,776,789.59,485.33,179.99,209.91,1,1,1,0
144,786,1808.24,246.2,140.36,190.24,1,1,1,0
144,787,153.56,353.02,116.22,124.05,1,1,1,0
145,768,438.82,233.9,296.25,360.93,1,1,1,1
145,769,1282.39,25.31,404.96,570.23,1,1,1,1
145,772,1118.93,254.96,98.53,122.44,1,1,1,0
145,773,288.91,338.94,197.66,238.32,1,1,1,0
145,774,740.48,172.66,189.05,211.39,1,1,1,0
145,778,1156.76,304.26,146.59,173.27,1,1,1,0
145,776,786.55,484.75,180.55,211.18,1,1,1,0
145,786,1804.04,244.88,139.08,187.05,1,1,1,0
145,787,144.9,354.66,116.91,124.78,1,1,1,0
146,768,437.55,235.95,295.92,361.16,1,1,1,1
146,769,1284.3,30.24,402.35,566.99,1,1,1,1
146,772,1117.79,255.21,97.97,121.43,1,1,1,0
146,773,288.57,340.3,198.52,240.29,1,1,1,0
146,774,740.41,173.09,189.63,211.36,1,1,1,0
146,778,1155.24,304.19,146.56,173.02,1,1,1,0
146,776,781.14,484.56,185.18,217.6,1,1,1,0
146,786,1797.84,245.95,140.29,187.15,1,1,1,0
146,787,134.75,354.46,119.91,127.68,1,1,1,0
147,768,437.94,237.2,294.39,359.74,1,1,1,1
147,769,1283.36,32.69,401.38,565.71,1,1,1,1
147,772,1116.44,255.1,98.85,122.28,1,1,1,0
147,773,286.61,341.18,203.55,247.44,1,1,1,0
147,774,740.18,173.44,190.17,211.34,1,1,1,0
147,778,1153.0,303.96,147.86,174.52,1,1,1,0
147,776,778.77,484.9,183.6,216.74,1,1,1,0
147,786,1793.14,245.66,141.37,187.11,1,1,1,0
147,787,128.94,358.33,117.5,125.31,1,1,1,0
148,768,438.23,237.33,292.71,357.89,1,1,1,1
148,769,1280.39,36.06,398.18,562.11,1,1,1,1
148,772,1114.56,254.65,97.96,121.02,1,1,1,0
148,773,286.15,341.48,202.02,246.2,1,1,1,0
148,774,740.16,173.87,190.15,210.83,1,1,1,0
148,778,1151.0,303.56,147.49,174.2,1,1,1,0
148,776,775.5,485.24,182.88,217.5,1,1,1,0
148,786,1786.3,244.84,146.0,191.5,1,1,1,0
148,787,117.48,357.15,120.6,127.8,1,1,1,0
149,768,433.95,237.24,295.23,361.66,1,1,1,1
149,769,1278.58,34.4,399.87,563.83,1,1,1,1
149,772,1112.07,254.67,97.2,120.15,1,1,1,0
149,773,280.08,341.16,204.74,250.07,1,1,1,0
149,774,739.69,174.03,190.99,211.43,1,1,1,0
149,778,1147.96,301.72,152.34,180.15,1,1,1,0
149,776,771.45,485.57,181.88,218.03,1,1,1,0
149,786,1781.61,245.78,146.02,189.62,1,1,1,0
149,787,106.34,358.31,119.94,126.23,1,1,1,0
150,768,424.45,237.67,300.08,368.92,1,1,1,1
150,769,1276.74,32.83,401.2,565.97,1,1,1,1
150,772,1109.08,255.08,95.48,118.64,1,1,1,0
150,773,275.91,340.41,204.72,250.73,1,1,1,0
150,774,738.76,174.18,191.16,211.55,1,1,1,0
150,778,1146.39,300.15,155.82,184.04,1,1,1,0
150,776,768.54,486.71,179.56,216.86,1,1,1,0
150,786,1776.84,246.71,147.74,189.84,1,1,1,0
150,787,95.36,354.37,123.28,128.91,1,1,1,0
151,768,420.82,239.09,300.43,370.37,1,1,1,1
151,769,1275.52,31.81,401.14,566.77,1,1,1,1
151,772,1106.13,255.53,93.75,117.19,1,1,1,0
151,773,271.52,339.51,198.79,243.82,1,1,1,0
151,774,737.34,174.63,191.71,212.19,1,1,1,0
151,778,1142.6,299.84,157.28,186.2,1,1,1,0
151,776,764.73,487.73,177.02,215.04,1,1,1,0
151,786,1772.44,247.47,147.61,187.7,1,1,1,0
151,787,88.17,350.49,125.54,131.09,1,1,1,0
152,768,417.07,240.39,300.59,371.27,1,1,1,1
152,769,1271.63,31.69,401.58,569.14,1,1,1,1
152,772,1104.34,255.99,93.79,117.58,1,1,1,0
152,773,263.44,336.32,205.69,252.38,1,1,1,0
152,774,735.4,174.79,193.09,213.81,1,1,1,0
152,778,1139.05,297.76,158.52,188.17,1,1,1,0
152,776,762.56,489.72,173.67,211.98,1,1,1,0
152,786,1766.73,246.83,149.68,188.67,1,1,1,0
152,787,72.73,349.22,127.05,131.89,1,1,1,0
153,768,410.54,240.55,301.63,372.86,1,1,1,1
153,769,1267.35,28.25,408.98,581.94,1,1,1,1
153,772,1103.01,256.16,94.45,118.55,1,1,1,0
153,773,259.84,335.74,200.49,245.29,1,1,1,0
153,774,735.56,175.15,192.6,213.33,1,1,1,0
153,778,1136.0,296.39,160.45,190.86,1,1,1,0
153,776,759.23,491.26,173.64,213.31,1,1,1,0
153,786,1763.02,246.94,149.21,186.69,1,1,1,0
153,787,60.71,347.54,128.98,133.37,1,1,1,0
154,768,408.46,242.27,300.57,371.53,1,1,1,1
154,769,1270.65,34.33,405.12,577.17,1,1,1,1
154,772,1102.26,255.81,95.31,119.73,1,1,1,0
154,773,255.77,333.9,193.91,235.66,1,1,1,0
154,774,735.52,175.17,192.6,213.43,1,1,1,0
154,778,1135.37,295.69,160.58,191.06,1,1,1,0
154,776,757.34,493.01,171.88,212.23,1,1,1,0
154,786,1759.51,247.62,152.12,189.2,1,1,1,0
154,787,50.99,343.74,131.42,135.49,1,1,1,0
155,768,407.96,242.49,300.51,371.38,1,1,1,1
155,769,1274.44,34.09,403.41,575.05,1,1,1,1
155,772,1102.22,255.78,96.04,120.49,1,1,1,0
155,773,251.52,332.4,193.4,234.08,1,1,1,0
155,774,736.89,175.37,191.39,212.26,1,1,1,0
155,778,1136.79,295.04,158.18,187.92,1,1,1,0
155,776,756.51,494.04,170.88,211.87,1,1,1,0
155,786,1758.77,247.92,155.59,193.09,1,1,1,0
155,787,39.18,342.32,132.78,137.46,1,1,1,0
156,768,408.4,242.34,300.59,371.48,1,1,1,1
156,769,1276.27,27.2,403.56,574.99,1,1,1,1
156,772,1101.83,255.76,96.39,120.78,1,1,1,0
156,773,247.53,332.07,195.03,235.15,1,1,1,0
156,774,738.19,175.44,190.96,211.82,1,1,1,0
156,778,1136.9,294.23,158.21,187.86,1,1,1,0
156,776,755.69,494.4,171.71,213.37,1,1,1,0
156,786,1756.02,246.2,163.75,203.75,1,1,1,0
156,787,29.59,342.0,133.26,138.57,1,1,1,0
157,768,409.96,242.35,299.55,370.0,1,1,1,1
157,769,1276.14,25.98,400.48,569.97,1,1,1,1
157,772,1101.75,255.94,96.47,120.9,1,1,1,0
157,773,242.38,331.75,195.16,234.79,1,1,1,0
157,774,738.81,176.06,190.52,211.44,1,1,1,0
157,778,1138.05,293.64,158.04,187.32,1,1,1,0
157,776,758.04,494.91,169.28,210.76,1,1,1,0
157,786,1750.24,244.94,170.22,210.88,1,1,1,0
157,787,21.2,343.9,131.33,136.98,1,1,1,0
158,768,411.86,242.93,297.45,367.02,1,1,1,1
158,769,1274.71,26.43,398.85,566.54,1,1,1,1
158,772,1101.46,256.11,96.29,120.64,1,1,1,0
158,773,236.74,332.25,212.81,256.3,1,1,1,0
158,774,737.37,176.28,191.29,212.3,1,1,1,0
158,778,1137.61,292.35,159.39,188.78,1,1,1,0
158,776,761.33,494.87,166.95,208.0,1,1,1,0
158,786,1745.41,244.61,175.03,216.38,1,1,1,0
158,787,14.43,347.05,128.74,134.33,1,1,1,0
159,768,412.37,242.22,295.78,364.78,1,1,1,1
159,769,1268.51,27.21,398.38,563.65,1,1,1,1
159,772,1100.99,256.37,96.24,120.55,1,1,1,0
159,773,226.09,331.86,223.84,269.95,1,1,1,0
159,774,737.03,176.56,191.15,212.22,1,1,1,0
159,778,1136.7,290.89,160.64,190.1,1,1,1,0
159,776,762.92,494.42,167.11,208.21,1,1,1,0
159,786,1737.91,244.07,174.31,214.17,1,1,1,0
159,787,5.61,346.26,128.36,134.5,1,1,1,0
160,768,413.99,241.53,295.38,363.93,1,1,1,1
160,769,1273.37,30.6,395.03,557.48,1,1,1,1
160,772,1100.1,256.66,96.12,120.52,1,1,1,0
160,773,218.97,331.71,229.44,277.23,1,1,1,0
160,774,737.9,176.85,189.88,210.8,1,1,1,0
160,778,1135.83,289.77,161.78,191.37,1,1,1,0
160,776,763.04,494.24,169.8,211.92,1,1,1,0
160,786,1731.52,244.04,174.92,212.85,1,1,1,0
160,787,0,346.17,126.19,134.56,1,1,1,0
161,768,415.47,241.65,295.35,363.62,1,1,1,1
161,769,1274.34,31.58,392.35,553.08,1,1,1,1
161,772,1099.82,256.76,96.02,120.51,1,1,1,0
161,773,214.63,331.85,231.8,281.16,1,1,1,0
161,774,738.87,177.55,188.9,209.46,1,1,1,0
161,778,1134.79,288.68,163.28,193.51,1,1,1,0
161,776,772.66,495.74,160.45,199.44,1,1,1,0
161,786,1725.4,244.01,176.46,212.3,1,1,1,0
161,787,0,344.75,117.4,135.36,1,1,1,0
162,768,416.49,241.18,295.86,364.21,1,1,1,1
162,769,1270.96,29.43,394.06,554.39,1,1,1,1
162,772,1100.11,256.8,96.06,120.51,1,1,1,0
162,773,213.14,333.87,214.97,260.74,1,1,1,0
162,774,739.27,177.81,187.65,207.96,1,1,1,0
162,778,1133.51,287.6,166.04,197.35,1,1,1,0
162,776,767.71,496.5,169.36,210.76,1,1,1,0
162,786,1720.33,245.17,176.5,210.48,1,1,1,0
162,787,0,344.82,110.36,134.06,1,1,1,0
163,768,416.85,240.9,295.34,363.54,1,1,1,1
163,769,1264.03,31.02,394.88,553.34,1,1,1,1
163,772,1100.86,257.01,96.44,120.51,1,1,1,0
163,773,216.91,335.29,205.99,249.57,1,1,1,0
163,774,739.06,177.49,187.09,207.21,1,1,1,0
163,778,1132.83,287.12,167.9,200.06,1,1,1,0
163,776,760.01,495.19,174.17,214.75,1,1,1,0
163,786,1714.05,246.39,177.59,210.15,1,1,1,0
163,787,0,344.26,106.51,134.75,1,1,1,0
164,768,417.99,240.98,294.34,362.7,1,1,1,1
164,769,1257.58,35.71,393.34,549.69,1,1,1,1
164,772,1100.37,257.18,97.37,121.21,1,1,1,0
164,773,213.42,333.99,209.45,251.94,1,1,1,0
164,774,738.25,177.46,187.54,207.84,1,1,1,0
164,778,1131.91,286.87,168.79,201.74,1,1,1,0
164,776,779.5,494.86,160.34,197.15,1,1,1,0
164,786,1709.14,246.84,178.61,210.81,1,1,1,0
164,787,0,350.82,97.87,129.83,1,1,1,0
165,768,418.59,240.8,294.45,362.98,1,1,1,1
165,769,1251.9,38.66,396.19,550.37,1,1,1,1
165,772,1098.89,257.63,97.17,120.88,1,1,1,0
165,773,211.8,333.71,212.77,254.79,1,1,1,0
165,774,737.14,177.74,187.74,208.19,1,1,1,0
165,778,1130.63,286.81,168.24,201.94,1,1,1,0
165,776,796.26,493.47,154.9,190.62,1,1,1,0
165,786,1703.57,245.89,180.39,212.33,1,1,1,0
165,787,0,351.73,92.68,129.96,1,1,1,0
166,768,421.38,241.03,292.95,361.21,1,1,1,1
166,769,1257.0,39.83,395.72,550.17,1,1,1,1
166,772,1097.53,258.0,97.15,120.95,1,1,1,0
166,773,207.33,335.99,208.84,249.9,1,1,1,0
166,774,735.91,178.24,187.02,207.54,1,1,1,0
166,778,1129.83,285.43,168.28,203.15,1,1,1,0
166,776,804.39,491.74,155.88,192.85,1,1,1,0
166,786,1698.28,245.82,181.41,212.4,1,1,1,0
166,787,0,352.45,90.27,129.61,1,1,1,0
167,768,423.08,238.41,293.49,362.84,1,1,1,1
167,769,1253.8,37.74,397.96,555.04,1,1,1,1
167,772,1096.52,257.73,97.38,121.37,1,1,1,0
167,773,202.5,336.87,214.72,256.43,1,1,1,0
167,774,735.24,178.42,186.39,206.9,1,1,1,0
167,778,1129.71,285.62,166.37,201.29,1,1,1,0
167,776,810.55,490.72,158.44,196.52,1,1,1,0
167,786,1693.37,244.98,183.16,213.59,1,1,1,0
167,787,0,353.5,86.99,128.69,1,1,1,0
168,768,426.24,235.93,293.61,363.97,1,1,1,1
168,769,1254.82,42.59,394.46,552.03,1,1,1,1
168,772,1095.16,257.73,97.08,121.24,1,1,1,0
168,773,200.9,336.98,215.3,255.68,1,1,1,0
168,774,734.03,178.58,184.9,205.38,1,1,1,0
168,778,1130.12,285.43,163.6,198.05,1,1,1,0
168,776,818.55,487.75,154.17,190.96,1,1,1,0
168,786,1690.05,244.85,183.9,213.63,1,1,1,0
168,787,0,353.68,84.11,127.96,1,1,1,0
169,768,431.02,235.11,292.62,363.3,1,1,1,1
169,769,1252.99,43.0,394.51,553.5,1,1,1,1
169,772,1094.48,257.52,97.37,121.58,1,1,1,0
169,773,196.44,337.22,219.21,259.74,1,1,1,0
169,774,731.59,178.93,184.33,205.32,1,1,1,0
169,778,1129.27,285.38,161.39,195.58,1,1,1,0
169,776,821.36,486.23,159.1,197.8,1,1,1,0
169,786,1685.78,245.19,184.18,212.83,1,1,1,0
169,787,0,353.52,82.32,127.7,1,1,1,0
170,768,435.35,234.11,290.72,361.75,1,1,1,1
170,769,1251.76,42.92,394.12,554.27,1,1,1,1
170,772,1092.89,258.23,96.21,120.51,1,1,1,0
170,773,191.87,337.69,227.02,268.76,1,1,1,0
170,774,729.12,179.75,183.28,205.01,1,1,1,0
170,778,1128.19,285.09,161.35,195.74,1,1,1,0
170,776,825.07,485.29,161.69,201.09,1,1,1,0
170,786,1683.89,245.71,183.57,212.1,1,1,1,0
170,787,0,355.44,80.63,124.41,1,1,1,0
171,768,440.16,233.76,288.95,360.78,1,1,1,1
171,769,1247.5,44.04,393.7,553.79,1,1,1,1
171,772,1091.86,258.5,95.1,119.71,1,1,1,0
171,773,190.21,337.28,218.64,257.27,1,1,1,0
171,774,727.81,180.15,182.12,204.41,1,1,1,0
171,778,1127.06,285.49,163.22,198.68,1,1,1,0
171,776,828.73,485.75,165.01,205.93,1,1,1,0
171,786,1683.45,245.9,183.11,211.82,1,1,1,0
171,787,0,357.56,77.58,121.58,1,1,1,0
172,768,443.56,233.24,290.39,364.01,1,1,1,1
172,769,1244.49,45.03,391.69,550.63,1,1,1,1
172,772,1091.5,258.79,95.49,120.61,1,1,1,0
172,773,190.62,338.1,215.83,251.82,1,1,1,0
172,774,726.25,180.09,181.51,204.4,1,1,1,0
172,778,1125.91,285.86,161.87,198.19,1,1,1,0
172,776,829.64,485.36,167.74,209.55,1,1,1,0
172,786,1683.22,246.56,181.76,210.9,1,1,1,0
172,787,0,358.31,75.16,117.73,1,1,1,0
173,768,445.32,232.97,292.22,368.51,1,1,1,1
173,769,1240.67,45.66,390.05,548.15,1,1,1,1
173,772,1090.49,259.09,95.08,120.55,1,1,1,0
173,773,185.22,337.39,223.49,260.65,1,1,1,0
173,774,725.19,179.86,181.51,204.81,1,1,1,0
173,778,1125.1,286.42,157.77,194.0,1,1,1,0
173,776,831.08,484.83,169.46,211.7,1,1,1,0
173,786,1676.58,247.2,181.87,210.55,1,1,1,0
173,787,0,358.15,73.63,115.13,1,1,1,0
174,768,445.8,232.98,292.77,371.29,1,1,1,1
174,769,1234.89,43.57,390.31,548.55,1,1,1,1
174,772,1089.68,259.1,95.05,120.83,1,1,1,0
174,773,189.53,338.31,214.79,249.7,1,1,1,0
174,774,723.67,180.55,179.86,203.19,1,1,1,0
174,778,1124.44,286.74,152.2,187.48,1,1,1,0
174,776,831.87,484.85,171.69,214.67,1,1,1,0
174,786,1666.2,248.43,182.0,209.62,1,1,1,0
174,787,0,352.36,70.44,119.12,1,1,1,0
175,768,446.74,232.8,290.91,370.35,1,1,1,1
175,769,1231.37,39.16,392.88,552.32,1,1,1,1
175,772,1088.78,259.0,94.71,120.64,1,1,1,0
175,773,191.06,338.25,213.13,247.39,1,1,1,0
175,774,722.27,180.01,180.19,203.38,1,1,1,0
175,778,1124.15,287.89,145.43,179.18,1,1,1,0
175,776,833.16,484.48,174.24,217.74,1,1,1,0
175,786,1657.1,248.48,183.13,210.07,1,1,1,0
175,787,0,349.46,54.95,125.76,1,1,1,0
176,768,447.55,232.26,288.34,368.27,1,1,1,1
176,769,1225.35,42.06,392.71,553.16,1,1,1,1
176,772,1088.2,259.35,94.33,120.17,1,1,1,0
176,773,190.01,338.43,211.48,245.35,1,1,1,0
176,774,721.0,179.8,180.31,202.88,1,1,1,0
176,778,1122.96,287.71,144.41,178.4,1,1,1,0
176,776,834.53,484.36,174.77,217.69,1,1,1,0
176,786,1647.13,249.09,184.25,210.64,1,1,1,0
176,787,0,368.16,43.43,110.65,1,1,1,0
177,768,447.78,232.27,285.01,364.87,1,1,1,1
177,769,1222.16,44.35,391.08,551.5,1,1,1,1
177,772,1087.22,259.47,94.18,119.99,1,1,1,0
177,773,189.81,339.49,210.02,243.42,1,1,1,0
177,774,718.59,179.91,179.52,202.1,1,1,1,0
177,778,1121.36,287.74,143.65,178.28,1,1,1,0
177,776,836.61,484.33,175.54,218.41,1,1,1,0
177,786,1640.46,249.5,184.47,210.45,1,1,1,0
177,787,0,378.12,47.5,100.31,1,1,1,0
178,768,446.75,232.39,282.89,362.68,1,1,1,1
178,769,1218.16,41.21,391.9,554.46,1,1,1,1
178,772,1087.04,259.52,94.61,120.32,1,1,1,0
178,773,187.06,338.06,209.16,241.93,1,1,1,0
178,774,715.64,179.95,179.42,201.82,1,1,1,0
178,778,1119.94,287.76,143.13,178.29,1,1,1,0
178,776,835.64,483.94,179.12,222.99,1,1,1,0
178,786,1635.63,249.64,184.83,210.78,1,1,1,0
178,787,0,368.6,48.92,106.94,1,1,1,0
179,768,444.07,232.44,281.8,361.06,1,1,1,1
179,769,1219.36,43.79,390.22,553.8,1,1,1,1
179,772,1086.9,259.53,94.99,120.45,1,1,1,0
179,773,180.83,337.52,211.66,244.22,1,1,1,0
179,774,713.88,180.26,179.2,201.24,1,1,1,0
179,778,1121.22,290.18,133.83,166.29,1,1,1,0
179,776,835.71,483.81,179.39,222.72,1,1,1,0
179,786,1631.76,250.27,184.7,210.5,1,1,1,0
179,787,0,380.47,42.52,93.13,1,1,1,0
180,768,443.31,231.58,283.04,362.57,1,1,1,1
180,769,1214.56,44.77,389.17,553.54,1,1,1,1
180,772,1087.12,259.23,96.24,121.6,1,1,1,0
180,773,182.15,337.52,206.75,237.13,1,1,1,0
180,774,713.98,180.27,179.34,200.93,1,1,1,0
180,778,1121.46,292.44,126.46,156.34,1,1,1,0
180,776,833.42,483.57,184.69,229.48,1,1,1,0
180,786,1624.64,249.9,185.22,211.99,1,1,1,0
180,787,0,384.46,39.17,87.76,1,1,1,0
