1,1513,503.24,97.78,233.84,263.22,1,1,1,1
1,1514,1111.94,67.35,183.82,170.56,1,1,1,0
1,1515,1328.3,91.53,257.95,305.03,1,1,1,1
1,1516,45.09,116.92,114.17,116.32,1,1,1,0
1,1517,277.38,171.76,113.15,150.37,1,1,1,0
2,1513,503.44,97.72,233.44,262.76,1,1,1,1
2,1514,1112.48,67.61,183.25,170.04,1,1,1,0
2,1515,1326.69,91.99,256.99,304.05,1,1,1,1
2,1516,44.96,117.05,114.46,116.58,1,1,1,0
2,1517,277.68,172.02,112.95,150.11,1,1,1,0
3,1513,504.36,99.24,232.29,261.39,1,1,1,1
3,1514,1114.71,67.95,180.31,167.18,1,1,1,0
3,1515,1328.24,92.3,256.94,304.12,1,1,1,1
3,1516,44.15,117.19,113.94,116.15,1,1,1,0
3,1517,277.41,172.07,113.08,150.3,1,1,1,0
3,1518,0,89.83,25.7,125.78,1,1,1,0
4,1513,504.5,99.6,231.77,260.62,1,1,1,1
4,1514,1114.69,68.22,180.35,167.17,1,1,1,0
4,1515,1329.62,92.45,257.05,304.33,1,1,1,1
4,1516,44.12,117.35,113.91,116.25,1,1,1,0
4,1517,277.78,172.54,112.78,149.9,1,1,1,0
4,1518,0,89.98,25.8,125.51,1,1,1,0
5,1513,502.97,98.34,229.62,257.52,1,1,1,1
5,1514,1116.04,69.42,180.73,167.46,1,1,1,0
5,1515,1330.13,92.88,256.91,304.24,1,1,1,1
5,1516,43.7,117.39,114.99,117.39,1,1,1,0
5,1517,278.02,173.13,112.34,149.33,1,1,1,0
5,1518,0,90.27,27.0,126.6,1,1,1,0
6,1513,504.25,98.11,226.61,253.26,1,1,1,1
6,1514,1116.25,70.18,181.73,168.4,1,1,1,0
6,1515,1331.13,92.9,256.86,304.1,1,1,1,1
6,1516,43.36,117.4,115.66,118.21,1,1,1,0
6,1517,277.64,173.32,112.26,149.14,1,1,1,0
6,1518,0,89.67,28.38,128.52,1,1,1,0
7,1513,505.24,96.59,223.49,248.62,1,1,1,1
7,1514,1116.19,70.37,182.73,169.44,1,1,1,0
7,1515,1332.2,92.69,257.02,304.05,1,1,1,1
7,1516,43.12,117.56,115.73,118.43,1,1,1,0
7,1517,277.97,173.47,112.14,148.98,1,1,1,0
7,1518,0,90.45,31.26,128.59,1,1,1,0
8,1513,504.29,95.59,220.63,243.57,1,1,1,1
8,1514,1117.18,70.98,182.66,169.45,1,1,1,0
8,1515,1332.22,92.13,257.73,304.3,1,1,1,1
8,1516,43.11,117.66,115.32,118.13,1,1,1,0
8,1517,278.13,173.62,112.03,148.83,1,1,1,0
8,1518,0,92.78,35.02,128.42,1,1,1,0
9,1513,500.01,94.52,216.26,235.95,1,1,1,1
9,1514,1117.25,71.64,183.15,170.22,1,1,1,0
9,1515,1331.39,91.98,257.96,304.13,1,1,1,1
9,1516,43.1,117.8,115.55,118.62,1,1,1,0
9,1517,277.32,173.25,112.37,149.2,1,1,1,0
9,1518,0,90.8,40.3,134.99,1,1,1,0
10,1513,495.46,93.58,216.46,233.12,1,1,1,1
10,1514,1117.12,71.71,184.01,171.47,1,1,1,0
10,1515,1330.89,92.03,258.36,303.97,1,1,1,1
10,1516,43.51,118.05,115.22,118.58,1,1,1,0
10,1517,277.52,173.31,112.32,149.14,1,1,1,0
10,1518,0,87.1,43.38,141.4,1,1,1,0
11,1513,488.98,91.31,224.35,239.81,1,1,1,1
11,1514,1117.29,72.32,183.83,171.72,1,1,1,0
11,1515,1330.39,91.89,259.11,304.26,1,1,1,1
11,1516,43.91,118.29,114.1,117.6,1,1,1,0
11,1517,277.63,173.63,111.95,148.61,1,1,1,0
11,1518,0,83.37,44.63,146.7,1,1,1,0
12,1513,482.95,90.32,232.9,247.75,1,1,1,1
12,1514,1117.86,73.19,183.1,171.45,1,1,1,0
12,1515,1330.81,91.74,259.75,304.47,1,1,1,1
12,1516,43.88,118.17,113.8,117.42,1,1,1,0
12,1517,277.62,174.05,111.81,148.52,1,1,1,0
12,1518,0,83.32,44.64,147.67,1,1,1,0
13,1513,482.35,90.87,233.35,246.49,1,1,1,1
13,1514,1118.2,73.99,183.75,172.54,1,1,1,0
13,1515,1331.06,91.33,259.77,303.9,1,1,1,1
13,1516,45.07,118.63,112.87,116.65,1,1,1,0
13,1517,277.81,174.6,111.36,148.09,1,1,1,0
13,1518,0,84.83,43.46,148.12,1,1,1,0
14,1513,483.87,91.58,231.85,242.97,1,1,1,1
14,1514,1118.02,74.47,183.76,173.14,1,1,1,0
14,1515,1331.0,90.78,260.07,303.68,1,1,1,1
14,1516,45.86,118.44,112.46,116.41,1,1,1,0
14,1517,278.01,174.59,111.06,147.94,1,1,1,0
14,1518,0,86.03,42.33,147.6,1,1,1,0
15,1513,485.67,91.93,231.01,240.43,1,1,1,1
15,1514,1117.59,74.63,183.67,173.75,1,1,1,0
15,1515,1330.62,90.43,260.86,304.16,1,1,1,1
15,1516,46.27,118.32,112.46,116.67,1,1,1,0
15,1517,278.36,174.88,110.78,147.79,1,1,1,0
15,1518,0,91.77,39.61,139.97,1,1,1,0
16,1513,487.32,92.18,230.69,238.83,1,1,1,1
16,1514,1117.06,74.22,183.55,174.22,1,1,1,0
16,1515,1329.32,90.1,261.84,305.54,1,1,1,1
16,1516,46.37,118.27,112.29,116.77,1,1,1,0
16,1517,278.5,175.09,110.78,148.04,1,1,1,0
16,1518,0,94.71,38.06,136.72,1,1,1,0
17,1513,487.12,92.24,232.88,240.14,1,1,1,1
17,1514,1116.08,73.4,182.63,173.93,1,1,1,0
17,1515,1330.4,88.64,265.43,309.39,1,1,1,1
17,1516,45.86,118.54,112.29,116.91,1,1,1,0
17,1517,277.43,174.55,111.31,148.94,1,1,1,0
17,1518,0,95.27,36.2,136.71,1,1,1,0
18,1513,486.53,92.72,235.0,241.62,1,1,1,1
18,1514,1115.43,72.58,182.04,173.8,1,1,1,0
18,1515,1330.18,88.0,268.04,312.33,1,1,1,1
18,1516,45.61,118.3,112.29,117.12,1,1,1,0
18,1517,277.07,174.54,111.44,149.28,1,1,1,0
18,1518,0,95.65,34.56,136.49,1,1,1,0
19,1513,486.24,93.26,236.17,242.47,1,1,1,1
19,1514,1115.06,71.86,181.27,173.55,1,1,1,0
19,1515,1328.75,87.97,270.09,314.81,1,1,1,1
19,1516,45.81,118.25,112.24,117.34,1,1,1,0
19,1517,276.74,174.34,111.48,149.41,1,1,1,0
19,1518,0,95.52,33.37,136.45,1,1,1,0
19,1520,1584.79,196.32,101.75,132.44,1,1,1,0
20,1513,485.77,93.87,237.0,242.81,1,1,1,1
20,1514,1114.84,71.28,180.75,173.44,1,1,1,0
20,1515,1325.23,86.78,272.03,317.7,1,1,1,1
20,1516,45.76,118.03,112.03,117.43,1,1,1,0
20,1517,276.52,174.26,111.6,149.66,1,1,1,0
20,1518,0,95.65,31.41,136.22,1,1,1,0
20,1520,1601.77,200.27,101.19,131.51,1,1,1,0
21,1513,483.42,93.76,238.89,244.3,1,1,1,1
21,1514,1114.97,70.87,180.15,173.19,1,1,1,0
21,1515,1320.69,87.13,272.81,319.55,1,1,1,1
21,1516,44.3,117.2,111.87,117.71,1,1,1,0
21,1517,275.87,173.82,112.09,150.35,1,1,1,0
21,1518,0,93.52,31.87,152.66,1,1,1,0
21,1520,1639.49,208.41,102.8,133.32,1,1,1,0
22,1513,482.4,93.81,240.12,245.38,1,1,1,1
22,1514,1115.8,70.66,179.57,172.84,1,1,1,0
22,1515,1315.53,87.97,272.05,319.71,1,1,1,1
22,1516,43.03,116.79,111.56,118.01,1,1,1,0
22,1517,275.44,173.66,112.26,150.61,1,1,1,0
22,1518,0,89.18,32.52,156.69,1,1,1,0
22,1520,1667.04,214.09,104.86,135.58,1,1,1,0
23,1513,481.01,93.69,241.82,247.13,1,1,1,1
23,1514,1116.22,70.49,179.14,172.6,1,1,1,0
23,1515,1311.25,87.91,270.08,318.14,1,1,1,1
23,1516,42.23,116.24,110.79,118.12,1,1,1,0
23,1517,275.18,173.99,112.12,150.5,1,1,1,0
23,1518,0,87.63,30.48,151.11,1,1,1,0
23,1520,1691.43,218.35,105.94,136.53,1,1,1,0
24,1513,479.57,93.79,243.75,249.24,1,1,1,1
24,1514,1116.85,70.32,178.85,172.61,1,1,1,0
24,1515,1308.48,88.29,268.51,317.49,1,1,1,1
24,1516,42.8,116.38,108.56,116.81,1,1,1,0
24,1517,274.9,174.52,111.66,149.86,1,1,1,0
24,1518,0,89.12,29.94,144.17,1,1,1,0
24,1520,1714.85,220.66,108.03,138.71,1,1,1,0
25,1513,479.76,94.72,245.43,251.51,1,1,1,1
25,1514,1117.82,70.46,178.47,172.41,1,1,1,0
25,1515,1305.6,88.15,268.51,318.51,1,1,1,1
25,1516,43.32,117.34,106.18,115.22,1,1,1,0
25,1517,275.21,175.31,111.16,149.21,1,1,1,0
25,1518,0,88.8,28.99,144.91,1,1,1,0
25,1520,1755.23,219.44,110.49,141.1,1,1,1,0
26,1513,481.27,95.72,245.79,252.71,1,1,1,1
26,1514,1118.81,70.12,178.28,172.34,1,1,1,0
26,1515,1303.99,87.7,268.09,319.27,1,1,1,1
26,1516,44.05,117.76,105.05,114.87,1,1,1,0
26,1517,275.19,175.41,111.16,149.17,1,1,1,0
26,1518,0,88.48,28.67,145.76,1,1,1,0
26,1520,1785.17,216.18,113.35,143.75,1,1,1,0
27,1513,482.52,96.39,245.4,253.05,1,1,1,1
27,1514,1120.05,69.9,178.06,172.21,1,1,1,0
27,1515,1303.22,87.54,266.78,318.73,1,1,1,1
27,1516,44.75,117.81,103.9,114.35,1,1,1,0
27,1517,275.0,175.04,111.45,149.55,1,1,1,0
27,1518,0,87.68,28.06,147.44,1,1,1,0
27,1520,1809.01,213.43,114.3,144.08,1,1,1,0
28,1513,483.22,96.94,245.01,253.25,1,1,1,1
28,1514,1120.52,69.07,178.36,172.71,1,1,1,0
28,1515,1303.79,87.48,264.72,317.3,1,1,1,1
28,1516,45.23,118.03,102.96,113.96,1,1,1,0
28,1517,274.67,174.9,111.79,149.89,1,1,1,0
28,1518,0,88.28,27.15,145.88,1,1,1,0
28,1520,1831.29,210.17,116.21,145.84,1,1,1,0
29,1513,485.01,96.99,244.79,253.85,1,1,1,1
29,1514,1122.1,68.66,178.42,172.9,1,1,1,0
29,1515,1305.03,87.66,262.01,315.35,1,1,1,1
29,1516,45.41,117.91,102.46,114.03,1,1,1,0
29,1517,273.72,174.44,112.29,150.42,1,1,1,0
29,1518,0,89.36,27.92,144.9,1,1,1,0
29,1520,1860.06,206.8,118.8,150.53,1,1,1,0
30,1513,486.09,96.9,244.29,254.16,1,1,1,1
30,1514,1123.52,68.42,178.37,172.97,1,1,1,0
30,1515,1305.24,87.94,260.03,314.4,1,1,1,1
30,1516,45.44,117.87,102.17,114.26,1,1,1,0
30,1517,274.27,175.06,112.06,150.02,1,1,1,0
30,1518,0,91.87,27.96,141.22,1,1,1,0
30,1520,1887.07,207.97,106.31,135.02,1,1,1,0
31,1513,487.9,97.25,243.46,254.25,1,1,1,1
31,1514,1124.98,68.38,178.06,172.74,1,1,1,0
31,1515,1306.66,88.35,258.31,313.54,1,1,1,1
31,1516,45.48,117.95,101.79,114.36,1,1,1,0
31,1517,274.07,175.3,112.01,149.87,1,1,1,0
31,1518,0,90.36,27.21,143.68,1,1,1,0
31,1520,1907.88,222.19,84.85,107.17,1,1,1,0
32,1513,488.59,97.48,242.73,254.17,1,1,1,1
32,1514,1126.33,68.38,177.9,172.65,1,1,1,0
32,1515,1307.57,88.8,257.01,312.71,1,1,1,1
32,1516,45.4,117.68,101.56,114.61,1,1,1,0
32,1517,273.87,175.38,112.16,150.01,1,1,1,0
32,1518,0,89.55,25.38,142.85,1,1,1,0
33,1513,489.14,97.66,242.23,254.22,1,1,1,1
33,1514,1129.42,68.68,177.02,171.92,1,1,1,0
33,1515,1309.46,88.97,256.7,312.81,1,1,1,1
33,1516,45.37,117.68,101.09,114.5,1,1,1,0
33,1517,273.83,175.61,112.46,150.46,1,1,1,0
33,1518,0,89.54,26.41,143.42,1,1,1,0
34,1513,489.84,97.86,241.83,254.47,1,1,1,1
34,1514,1131.95,68.61,176.67,171.65,1,1,1,0
34,1515,1309.77,89.44,255.87,312.45,1,1,1,1
34,1516,45.33,117.52,100.92,114.72,1,1,1,0
34,1517,274.58,175.69,112.73,151.02,1,1,1,0
34,1518,0,89.19,27.59,145.47,1,1,1,0
35,1513,490.46,97.83,241.73,255.05,1,1,1,1
35,1514,1134.36,68.53,176.35,171.29,1,1,1,0
35,1515,1310.18,90.01,255.0,311.92,1,1,1,1
35,1516,45.21,117.52,100.75,114.95,1,1,1,0
35,1517,274.66,176.22,113.16,151.93,1,1,1,0
35,1518,0,88.67,27.99,146.04,1,1,1,0
36,1513,490.56,97.92,241.34,255.15,1,1,1,1
36,1514,1136.85,68.31,175.78,170.57,1,1,1,0
36,1515,1309.75,90.42,254.31,311.53,1,1,1,1
36,1516,44.88,117.12,100.78,115.44,1,1,1,0
36,1517,274.37,176.81,113.56,152.86,1,1,1,0
36,1518,0,88.07,28.21,145.65,1,1,1,0
37,1513,491.06,98.14,240.84,255.18,1,1,1,1
37,1514,1140.87,68.03,175.29,169.8,1,1,1,0
37,1515,1309.0,91.61,252.07,309.15,1,1,1,1
37,1516,44.37,117.46,100.96,116.22,1,1,1,0
37,1517,275.16,179.11,112.8,152.31,1,1,1,0
37,1518,0,88.35,28.06,143.1,1,1,1,0
38,1513,491.65,98.17,240.8,255.62,1,1,1,1
38,1514,1143.85,67.73,175.27,169.52,1,1,1,0
38,1515,1308.3,92.06,250.51,307.46,1,1,1,1
38,1516,44.02,117.7,100.91,116.72,1,1,1,0
38,1517,275.53,180.37,112.38,152.29,1,1,1,0
38,1518,0,89.27,29.54,142.32,1,1,1,0
39,1513,491.89,97.92,240.74,256.03,1,1,1,1
39,1514,1147.26,68.02,174.93,168.82,1,1,1,0
39,1515,1307.67,92.51,249.13,306.14,1,1,1,1
39,1516,43.79,117.49,100.59,116.9,1,1,1,0
39,1517,276.25,182.42,111.45,151.48,1,1,1,0
39,1518,0,86.61,31.27,145.03,1,1,1,0
40,1513,493.77,98.32,240.07,256.07,1,1,1,1
40,1514,1150.48,68.94,174.0,167.67,1,1,1,0
40,1515,1307.45,91.97,248.63,305.58,1,1,1,1
40,1516,43.54,117.31,100.14,116.76,1,1,1,0
40,1517,276.97,184.97,110.6,150.77,1,1,1,0
40,1518,0,86.32,31.66,145.44,1,1,1,0
41,1513,493.74,98.71,240.3,256.82,1,1,1,1
41,1514,1153.34,67.48,174.6,168.35,1,1,1,0
41,1515,1307.57,91.16,248.11,304.59,1,1,1,1
41,1516,43.41,117.34,99.47,116.31,1,1,1,0
41,1517,277.34,188.1,109.68,149.9,1,1,1,0
41,1518,0,86.62,32.8,145.99,1,1,1,0
42,1513,493.03,98.56,240.95,257.98,1,1,1,1
42,1514,1156.26,66.54,174.16,167.92,1,1,1,0
42,1515,1307.9,90.69,247.41,303.59,1,1,1,1
42,1516,42.99,117.05,99.87,117.13,1,1,1,0
42,1517,277.56,189.44,109.56,150.17,1,1,1,0
42,1518,0,89.52,29.99,142.22,1,1,1,0
43,1513,492.75,98.3,241.77,259.4,1,1,1,1
43,1514,1158.85,64.95,174.45,168.32,1,1,1,0
43,1515,1308.95,90.31,246.94,302.85,1,1,1,1
43,1516,42.58,116.55,100.65,118.43,1,1,1,0
43,1517,277.61,189.7,109.98,151.28,1,1,1,0
43,1518,0,90.94,30.31,140.37,1,1,1,0
44,1513,493.3,98.69,241.94,260.02,1,1,1,1
44,1514,1160.67,64.11,174.27,168.23,1,1,1,0
44,1515,1309.32,90.37,246.87,302.6,1,1,1,1
44,1516,42.18,116.17,101.61,119.9,1,1,1,0
44,1517,279.31,193.33,107.95,148.71,1,1,1,0
44,1518,0,91.52,30.91,139.43,1,1,1,0
45,1513,494.77,98.63,242.64,261.62,1,1,1,1
45,1514,1164.31,63.01,174.53,168.61,1,1,1,0
45,1515,1309.18,90.54,247.44,303.58,1,1,1,1
45,1516,42.11,115.73,102.45,121.05,1,1,1,0
45,1517,279.4,195.67,106.78,147.33,1,1,1,0
45,1518,0,91.72,32.71,138.7,1,1,1,0
46,1513,496.6,99.0,242.3,262.21,1,1,1,1
46,1514,1166.13,62.52,174.74,169.15,1,1,1,0
46,1515,1309.56,90.71,248.4,304.87,1,1,1,1
46,1516,42.21,115.46,102.76,121.47,1,1,1,0
46,1517,280.33,199.9,104.84,144.62,1,1,1,0
46,1518,0,92.04,33.35,137.89,1,1,1,0
47,1513,497.09,98.64,242.55,263.5,1,1,1,1
47,1514,1167.56,61.95,175.55,170.26,1,1,1,0
47,1515,1310.03,90.47,249.72,306.47,1,1,1,1
47,1516,42.46,115.47,102.86,121.61,1,1,1,0
47,1517,279.55,201.72,105.96,146.54,1,1,1,0
47,1518,0,91.84,33.66,137.81,1,1,1,0
48,1513,498.29,98.8,241.95,263.86,1,1,1,1
48,1514,1167.62,61.61,176.25,171.52,1,1,1,0
48,1515,1310.21,90.38,250.24,307.08,1,1,1,1
48,1516,42.89,115.18,102.92,121.85,1,1,1,0
48,1517,279.19,201.44,106.21,146.97,1,1,1,0
48,1518,0,91.66,33.74,137.79,1,1,1,0
49,1513,498.85,98.56,241.85,264.87,1,1,1,1
49,1514,1167.79,61.05,177.64,173.63,1,1,1,0
49,1515,1309.08,90.89,249.65,305.18,1,1,1,1
49,1516,43.49,115.18,102.73,121.72,1,1,1,0
49,1517,280.12,205.95,105.37,146.05,1,1,1,0
49,1518,0,91.58,33.38,138.8,1,1,1,0
50,1513,499.29,98.76,241.33,265.32,1,1,1,1
50,1514,1166.88,60.71,178.38,175.16,1,1,1,0
50,1515,1310.37,90.38,250.77,304.36,1,1,1,1
50,1516,43.81,115.08,102.62,121.66,1,1,1,0
50,1517,280.22,207.19,105.05,145.71,1,1,1,0
50,1518,0,91.25,33.1,139.99,1,1,1,0
51,1513,499.77,98.59,241.04,266.11,1,1,1,1
51,1514,1165.69,60.2,179.03,176.72,1,1,1,0
51,1515,1312.09,89.94,253.52,304.71,1,1,1,1
51,1516,43.92,114.95,102.67,121.82,1,1,1,0
51,1517,280.54,208.48,103.97,144.09,1,1,1,0
51,1518,0,91.12,32.83,139.85,1,1,1,0
52,1513,501.03,100.01,240.53,266.48,1,1,1,1
52,1514,1162.89,59.83,180.29,179.27,1,1,1,0
52,1515,1311.9,89.88,257.81,306.94,1,1,1,1
52,1516,44.06,114.91,102.5,121.67,1,1,1,0
52,1517,280.83,209.4,103.51,143.4,1,1,1,0
52,1518,0,91.32,32.34,139.36,1,1,1,0
53,1513,501.39,100.1,240.11,266.84,1,1,1,1
53,1514,1159.29,60.69,182.61,183.17,1,1,1,0
53,1515,1313.87,89.21,263.27,309.43,1,1,1,1
53,1516,44.15,114.65,102.67,121.95,1,1,1,0
53,1517,280.98,209.77,103.35,143.06,1,1,1,0
53,1518,0,91.24,32.04,139.22,1,1,1,0
54,1513,501.56,99.93,239.85,267.35,1,1,1,1
54,1514,1156.61,61.87,184.06,186.55,1,1,1,0
54,1515,1315.36,88.81,265.37,307.93,1,1,1,1
54,1516,44.29,114.51,102.71,122.1,1,1,1,0
54,1517,282.53,210.15,99.9,137.45,1,1,1,0
54,1518,0,91.3,31.68,139.18,1,1,1,0
55,1513,501.07,99.85,239.44,267.52,1,1,1,1
55,1514,1154.95,63.6,184.66,189.18,1,1,1,0
55,1515,1316.44,88.81,266.66,305.01,1,1,1,1
55,1516,44.49,114.56,102.64,122.14,1,1,1,0
55,1517,283.05,210.32,98.73,135.05,1,1,1,0
55,1518,0,91.33,31.81,139.16,1,1,1,0
56,1513,501.08,99.82,239.04,267.56,1,1,1,1
56,1514,1153.07,65.65,184.22,190.92,1,1,1,0
56,1515,1316.11,88.52,268.53,303.41,1,1,1,1
56,1516,44.81,114.73,102.48,122.1,1,1,1,0
56,1517,282.81,209.52,99.58,135.63,1,1,1,0
56,1518,0,91.38,31.89,138.91,1,1,1,0
57,1513,501.05,99.66,238.92,267.91,1,1,1,1
57,1514,1149.64,69.14,184.32,194.04,1,1,1,0
57,1515,1315.49,88.82,271.72,303.21,1,1,1,1
57,1516,45.16,114.8,102.36,122.08,1,1,1,0
57,1517,280.95,208.19,103.31,140.7,1,1,1,0
57,1518,0,91.55,32.29,139.07,1,1,1,0
58,1513,501.01,99.19,238.93,268.41,1,1,1,1
58,1514,1147.31,71.06,183.66,196.36,1,1,1,0
58,1515,1314.68,88.58,275.58,304.3,1,1,1,1
58,1516,45.56,115.08,102.37,122.11,1,1,1,0
58,1517,281.31,207.86,102.71,139.43,1,1,1,0
58,1518,0,91.66,32.67,138.89,1,1,1,0
59,1513,501.14,99.11,238.61,268.49,1,1,1,1
59,1514,1146.27,72.07,182.15,197.88,1,1,1,0
59,1515,1313.1,87.9,279.5,305.92,1,1,1,1
59,1516,45.73,115.14,102.32,122.07,1,1,1,0
59,1517,281.6,208.8,102.27,138.46,1,1,1,0
59,1518,0,91.55,33.39,138.67,1,1,1,0
60,1513,501.18,99.28,238.3,268.5,1,1,1,1
60,1514,1145.24,72.58,180.12,198.94,1,1,1,0
60,1515,1311.92,87.85,282.06,306.53,1,1,1,1
60,1516,45.91,115.21,102.05,121.7,1,1,1,0
60,1517,281.29,208.23,102.74,138.81,1,1,1,0
60,1518,0,91.51,34.16,138.4,1,1,1,0
61,1513,501.24,99.05,238.07,268.58,1,1,1,1
61,1514,1143.91,73.59,177.73,199.53,1,1,1,0
61,1515,1312.66,86.74,283.76,306.07,1,1,1,1
61,1516,46.01,114.84,101.97,121.55,1,1,1,0
61,1517,281.29,206.8,102.77,138.56,1,1,1,0
61,1518,0,91.79,35.34,137.7,1,1,1,0
62,1513,501.34,98.96,237.81,268.6,1,1,1,1
62,1514,1142.87,73.65,175.96,200.58,1,1,1,0
62,1515,1312.95,86.48,284.31,304.34,1,1,1,1
62,1516,46.13,114.8,101.98,121.5,1,1,1,0
62,1517,281.42,205.64,102.52,137.88,1,1,1,0
62,1518,0,91.99,36.44,137.24,1,1,1,0
63,1513,501.77,99.17,236.91,267.75,1,1,1,1
63,1514,1142.59,74.09,173.55,200.58,1,1,1,0
63,1515,1312.66,86.49,285.24,303.2,1,1,1,1
63,1516,46.22,114.84,101.95,121.42,1,1,1,0
63,1517,280.85,204.8,103.27,138.64,1,1,1,0
63,1518,0,92.26,36.83,137.08,1,1,1,0
64,1513,501.41,98.81,236.83,267.86,1,1,1,1
64,1514,1142.14,74.78,171.02,200.28,1,1,1,0
64,1515,1311.86,86.31,286.9,303.37,1,1,1,1
64,1516,46.3,114.81,101.85,121.24,1,1,1,0
64,1517,280.86,205.08,102.72,137.54,1,1,1,0
64,1518,0,92.51,37.56,137.17,1,1,1,0
65,1513,500.99,98.62,236.55,267.55,1,1,1,1
65,1514,1142.22,74.92,169.26,200.61,1,1,1,0
65,1515,1309.05,83.56,295.66,312.51,1,1,1,1
65,1516,46.38,114.7,101.69,120.98,1,1,1,0
65,1517,279.93,204.38,104.37,139.73,1,1,1,0
65,1518,0,92.65,38.03,137.07,1,1,1,0
66,1513,499.97,98.0,236.78,267.77,1,1,1,1
66,1514,1142.88,74.9,167.81,201.23,1,1,1,0
66,1515,1305.76,83.22,300.22,318.0,1,1,1,1
66,1516,46.53,114.66,101.53,120.68,1,1,1,0
66,1517,279.32,204.72,105.51,141.35,1,1,1,0
66,1518,0,92.6,38.49,137.04,1,1,1,0
67,1513,498.87,97.47,236.89,267.75,1,1,1,1
67,1514,1145.0,75.66,166.38,201.63,1,1,1,0
67,1515,1301.78,81.93,305.75,325.19,1,1,1,1
67,1516,46.44,114.54,101.52,120.56,1,1,1,0
67,1517,279.39,205.24,105.34,141.18,1,1,1,0
67,1518,0,92.68,38.7,137.03,1,1,1,0
68,1513,498.21,96.43,236.65,267.59,1,1,1,1
68,1514,1147.64,76.33,165.81,203.13,1,1,1,0
68,1515,1296.83,84.11,308.41,329.76,1,1,1,1
68,1516,46.43,114.5,101.56,120.52,1,1,1,0
68,1517,280.03,207.03,104.05,139.32,1,1,1,0
68,1518,0,92.7,38.71,136.84,1,1,1,0
69,1513,498.29,95.85,236.3,267.32,1,1,1,1
69,1514,1154.87,80.76,165.45,205.1,1,1,1,0
69,1515,1289.56,86.64,312.27,335.87,1,1,1,1
69,1516,46.48,114.64,101.4,120.16,1,1,1,0
69,1517,279.3,207.31,105.52,141.41,1,1,1,0
69,1518,0,89.07,40.64,141.7,1,1,1,0
70,1513,498.03,95.53,236.0,266.92,1,1,1,1
70,1514,1163.37,83.52,166.09,208.08,1,1,1,0
70,1515,1286.09,87.22,313.55,338.92,1,1,1,1
70,1516,46.4,114.64,101.5,120.18,1,1,1,0
70,1517,278.99,207.2,106.14,142.39,1,1,1,0
70,1518,0,87.81,41.39,143.22,1,1,1,0
71,1513,497.56,95.33,236.22,267.26,1,1,1,1
71,1514,1171.41,85.61,166.55,210.65,1,1,1,0
71,1515,1285.46,87.25,312.66,339.4,1,1,1,1
71,1516,46.29,114.64,101.6,120.19,1,1,1,0
71,1517,279.38,206.96,105.27,141.17,1,1,1,0
71,1518,0,87.54,41.55,143.59,1,1,1,0
72,1513,497.8,95.71,235.51,266.55,1,1,1,1
72,1514,1179.13,88.1,167.18,213.31,1,1,1,0
72,1515,1286.47,86.67,311.46,339.69,1,1,1,1
72,1516,46.18,114.65,101.69,120.19,1,1,1,0
72,1517,279.94,206.55,104.5,140.0,1,1,1,0
72,1518,0,87.35,41.82,143.82,1,1,1,0
73,1513,498.11,95.96,235.22,266.38,1,1,1,1
73,1514,1191.59,94.56,167.94,216.1,1,1,1,0
73,1515,1290.28,85.26,307.36,334.96,1,1,1,1
73,1516,46.04,114.65,101.77,120.2,1,1,1,0
73,1517,280.68,206.1,103.56,138.46,1,1,1,0
73,1518,0,87.29,41.88,143.88,1,1,1,0
74,1513,498.27,95.87,235.04,266.31,1,1,1,1
74,1514,1200.78,99.49,167.07,216.57,1,1,1,0
74,1515,1295.34,85.32,303.42,330.88,1,1,1,1
74,1516,45.46,114.55,102.85,121.6,1,1,1,0
74,1517,281.21,205.12,103.61,138.08,1,1,1,0
74,1518,0,87.09,41.92,144.09,1,1,1,0
75,1513,498.35,95.74,234.74,266.19,1,1,1,1
75,1514,1209.97,102.79,166.57,217.57,1,1,1,0
75,1515,1298.94,82.15,301.76,328.09,1,1,1,1
75,1516,44.94,114.66,104.08,123.36,1,1,1,0
75,1517,281.1,204.46,104.74,139.25,1,1,1,0
75,1518,0,86.82,41.69,144.15,1,1,1,0
76,1513,498.78,95.7,234.45,266.15,1,1,1,1
76,1514,1216.75,106.44,165.83,217.8,1,1,1,0
76,1515,1302.94,81.37,300.64,325.81,1,1,1,1
76,1516,44.95,114.95,104.54,124.18,1,1,1,0
76,1517,280.25,203.71,106.67,141.78,1,1,1,0
76,1518,0,86.54,41.75,144.35,1,1,1,0
77,1513,499.0,95.14,234.05,265.88,1,1,1,1
77,1514,1226.89,110.26,164.34,217.48,1,1,1,0
77,1515,1307.31,81.5,297.65,321.34,1,1,1,1
77,1516,45.24,115.41,103.34,122.74,1,1,1,0
77,1517,280.21,204.13,107.33,142.64,1,1,1,0
77,1518,0,86.54,41.44,144.12,1,1,1,0
78,1513,498.65,94.73,233.56,265.39,1,1,1,1
78,1514,1233.62,112.91,162.4,216.61,1,1,1,0
78,1515,1309.87,81.96,296.25,318.85,1,1,1,1
78,1516,45.44,115.33,102.28,121.34,1,1,1,0
78,1517,279.95,203.8,108.35,144.05,1,1,1,0
78,1518,0,86.36,41.54,144.22,1,1,1,0
79,1513,498.3,94.54,232.82,264.46,1,1,1,1
79,1514,1238.94,113.56,162.09,217.28,1,1,1,0
79,1515,1310.99,82.06,296.93,318.84,1,1,1,1
79,1516,45.59,115.3,101.54,120.2,1,1,1,0
79,1517,280.3,203.49,107.83,143.19,1,1,1,0
79,1518,0,86.6,41.92,144.14,1,1,1,0
80,1513,497.95,93.97,232.81,264.21,1,1,1,1
80,1514,1243.18,113.92,161.87,217.7,1,1,1,0
80,1515,1313.42,81.9,297.88,319.25,1,1,1,1
80,1516,45.84,115.34,101.1,119.43,1,1,1,0
80,1517,279.77,203.97,109.35,145.43,1,1,1,0
80,1518,0,86.4,42.23,144.4,1,1,1,0
81,1513,497.86,93.22,232.73,263.88,1,1,1,1
81,1514,1248.58,111.98,161.74,218.21,1,1,1,0
81,1515,1316.8,82.75,298.01,318.73,1,1,1,1
81,1516,46.11,115.2,101.31,119.49,1,1,1,0
81,1517,279.98,203.36,109.87,146.26,1,1,1,0
81,1518,0,86.28,42.9,144.64,1,1,1,0
82,1513,497.92,92.95,232.53,263.36,1,1,1,1
82,1514,1251.78,109.53,162.18,219.62,1,1,1,0
82,1515,1318.69,83.68,298.32,318.75,1,1,1,1
82,1516,46.26,115.15,101.46,119.52,1,1,1,0
82,1517,280.74,203.34,107.92,143.4,1,1,1,0
82,1518,0,86.3,43.32,144.57,1,1,1,0
83,1513,497.45,92.46,232.86,263.58,1,1,1,1
83,1514,1253.57,106.95,162.38,220.71,1,1,1,0
83,1515,1319.65,84.23,299.41,319.77,1,1,1,1
83,1516,46.43,115.13,101.31,119.14,1,1,1,0
83,1517,280.18,202.73,109.25,145.27,1,1,1,0
83,1518,0,86.26,43.42,144.69,1,1,1,0
84,1513,497.13,92.28,233.1,263.67,1,1,1,1
84,1514,1254.79,104.34,162.61,221.89,1,1,1,0
84,1515,1321.24,84.84,300.45,320.56,1,1,1,1
84,1516,46.68,115.17,101.16,118.76,1,1,1,0
84,1517,280.34,203.11,109.0,144.98,1,1,1,0
84,1518,0,86.25,43.53,144.72,1,1,1,0
85,1513,497.19,92.08,233.42,263.86,1,1,1,1
85,1514,1255.6,98.92,163.24,223.73,1,1,1,0
85,1515,1322.37,85.17,299.65,319.18,1,1,1,1
85,1516,47.33,115.24,100.5,117.67,1,1,1,0
85,1517,281.29,203.95,106.83,141.77,1,1,1,0
85,1518,0,86.26,43.48,144.73,1,1,1,0
86,1513,497.24,92.17,233.51,263.79,1,1,1,1
86,1514,1258.18,95.56,163.35,224.5,1,1,1,0
86,1515,1324.32,85.69,297.78,316.66,1,1,1,1
86,1516,47.64,115.26,100.39,117.27,1,1,1,0
86,1517,281.82,204.58,106.05,140.44,1,1,1,0
86,1518,0,86.16,43.54,144.93,1,1,1,0
87,1513,496.84,91.96,233.8,264.02,1,1,1,1
87,1514,1260.04,92.0,162.94,224.06,1,1,1,0
87,1515,1326.94,85.77,296.37,314.23,1,1,1,1
87,1516,47.91,115.17,100.36,116.93,1,1,1,0
87,1517,281.66,204.31,106.47,140.85,1,1,1,0
87,1518,0,86.13,43.65,145.19,1,1,1,0
88,1513,497.39,92.34,233.31,263.26,1,1,1,1
88,1514,1260.59,89.14,164.38,226.18,1,1,1,0
88,1515,1327.92,86.0,295.75,312.33,1,1,1,1
88,1516,48.24,115.13,100.18,116.42,1,1,1,0
88,1517,282.15,205.11,105.8,139.71,1,1,1,0
88,1518,0,86.23,43.49,145.29,1,1,1,0
89,1513,497.65,92.14,233.24,262.73,1,1,1,1
89,1514,1263.77,84.52,163.49,224.38,1,1,1,0
89,1515,1328.79,86.28,295.99,311.45,1,1,1,1
89,1516,48.91,115.42,99.78,115.64,1,1,1,0
89,1517,282.38,205.61,105.47,139.09,1,1,1,0
89,1518,0,85.47,42.16,145.71,1,1,1,0
90,1513,497.6,91.83,233.1,262.19,1,1,1,1
90,1514,1265.41,80.86,162.01,221.91,1,1,1,0
90,1515,1328.27,86.58,296.05,310.95,1,1,1,1
90,1516,49.35,115.53,99.8,115.36,1,1,1,0
90,1517,282.38,205.3,105.5,138.97,1,1,1,0
90,1518,0,85.19,41.47,145.87,1,1,1,0
91,1513,498.1,91.27,232.82,261.44,1,1,1,1
91,1514,1267.22,77.99,161.99,221.2,1,1,1,0
91,1515,1327.98,86.68,296.16,310.8,1,1,1,1
91,1516,49.84,115.67,99.64,114.87,1,1,1,0
91,1517,281.99,206.37,105.79,139.34,1,1,1,0
91,1518,0,84.99,40.75,145.92,1,1,1,0
92,1513,497.73,90.76,231.65,259.68,1,1,1,1
92,1514,1269.22,74.93,162.31,220.67,1,1,1,0
92,1515,1328.55,86.71,296.37,310.77,1,1,1,1
92,1516,50.29,115.72,99.72,114.7,1,1,1,0
92,1517,283.16,207.17,104.05,136.69,1,1,1,0
92,1518,0,84.82,40.49,145.93,1,1,1,0
93,1513,497.4,89.73,226.98,253.08,1,1,1,1
93,1514,1271.98,68.81,169.37,230.19,1,1,1,0
93,1515,1327.6,86.92,297.09,311.39,1,1,1,1
93,1516,51.32,115.73,99.61,114.25,1,1,1,0
93,1517,283.91,207.86,102.99,134.9,1,1,1,0
93,1518,0,84.86,40.22,145.73,1,1,1,0
94,1513,494.07,86.94,224.8,249.0,1,1,1,1
94,1514,1275.6,64.62,169.82,230.19,1,1,1,0
94,1515,1326.67,86.89,298.44,313.14,1,1,1,1
94,1516,52.18,115.84,99.72,114.1,1,1,1,0
94,1517,283.13,207.31,104.5,136.86,1,1,1,0
94,1518,0,84.69,40.36,145.85,1,1,1,0
95,1513,493.25,85.42,221.79,243.81,1,1,1,1
95,1514,1278.39,61.27,171.68,232.16,1,1,1,0
95,1515,1325.77,87.07,300.01,315.01,1,1,1,1
95,1516,53.21,116.02,99.69,113.8,1,1,1,0
95,1517,283.04,206.79,104.74,137.11,1,1,1,0
95,1518,0,84.92,40.97,145.69,1,1,1,0
96,1513,490.0,83.77,219.77,239.22,1,1,1,1
96,1514,1280.52,58.81,173.19,233.47,1,1,1,0
96,1515,1324.65,86.84,300.5,316.02,1,1,1,1
96,1516,54.16,116.24,99.83,113.76,1,1,1,0
96,1517,282.62,205.59,104.81,137.22,1,1,1,0
96,1518,0,85.12,41.52,145.43,1,1,1,0
97,1513,484.45,82.63,217.07,233.1,1,1,1,1
97,1514,1283.44,54.85,174.02,233.57,1,1,1,0
97,1515,1324.66,86.54,298.2,314.22,1,1,1,1
97,1516,56.22,116.57,99.65,113.3,1,1,1,0
97,1517,280.65,201.55,109.75,144.25,1,1,1,0
97,1518,0,84.7,41.54,145.12,1,1,1,0
98,1513,481.43,82.45,215.32,227.89,1,1,1,1
98,1514,1285.27,51.32,172.66,230.35,1,1,1,0
98,1515,1325.37,86.23,295.88,312.14,1,1,1,1
98,1516,57.39,116.64,99.64,112.99,1,1,1,0
98,1517,279.54,201.02,112.24,148.22,1,1,1,0
98,1518,0,84.49,41.14,144.56,1,1,1,0
99,1513,479.96,83.55,213.53,222.74,1,1,1,1
99,1514,1286.98,47.05,173.03,229.33,1,1,1,0
99,1515,1324.46,85.31,294.15,311.36,1,1,1,1
99,1516,58.01,116.51,100.2,113.44,1,1,1,0
99,1517,280.25,201.23,110.24,145.84,1,1,1,0
99,1518,0,84.42,40.54,144.15,1,1,1,0
100,1513,480.47,84.33,212.84,219.4,1,1,1,1
100,1514,1288.18,43.86,173.44,228.43,1,1,1,0
100,1515,1323.52,85.36,293.08,311.48,1,1,1,1
100,1516,58.66,116.51,100.85,114.07,1,1,1,0
100,1517,280.74,202.43,108.91,144.36,1,1,1,0
100,1518,0,84.2,40.01,143.8,1,1,1,0
101,1513,480.83,84.85,212.19,216.89,1,1,1,1
101,1514,1288.96,39.78,177.48,232.85,1,1,1,0
101,1515,1320.21,87.08,290.64,312.04,1,1,1,1
101,1516,60.2,116.41,101.83,115.31,1,1,1,0
101,1517,281.66,203.09,106.56,141.2,1,1,1,0
101,1518,0,83.67,40.17,144.91,1,1,1,0
102,1513,480.15,84.95,212.93,216.1,1,1,1,1
102,1514,1290.38,37.02,179.74,234.75,1,1,1,0
102,1515,1318.96,87.03,289.74,313.95,1,1,1,1
102,1516,61.52,116.56,101.84,115.38,1,1,1,0
102,1517,281.7,203.35,106.26,140.99,1,1,1,0
102,1518,0,83.48,40.08,145.34,1,1,1,0
103,1513,478.16,84.84,214.78,216.79,1,1,1,1
103,1514,1293.25,36.03,178.89,231.83,1,1,1,0
103,1515,1318.43,86.71,289.57,316.96,1,1,1,1
103,1516,62.97,116.97,100.82,114.27,1,1,1,0
103,1517,281.52,204.05,106.15,141.11,1,1,1,0
103,1518,0,83.41,39.98,145.3,1,1,1,0
103,1521,1571.6,138.92,116.57,150.01,1,1,1,0
104,1513,476.96,84.91,216.92,218.06,1,1,1,1
104,1514,1295.98,35.09,178.26,229.18,1,1,1,0
104,1515,1318.33,87.67,287.77,318.2,1,1,1,1
104,1516,64.54,117.62,99.37,112.74,1,1,1,0
104,1517,281.28,204.62,106.06,141.25,1,1,1,0
104,1518,0,83.39,39.86,145.28,1,1,1,0
104,1521,1570.27,139.72,118.85,153.04,1,1,1,0
105,1513,475.74,84.04,220.99,222.32,1,1,1,1
105,1514,1302.94,33.9,177.13,225.02,1,1,1,0
105,1515,1318.42,88.04,285.3,318.66,1,1,1,1
105,1516,66.88,118.41,96.36,109.42,1,1,1,0
105,1517,281.94,204.03,104.63,139.32,1,1,1,0
105,1518,0,83.1,39.95,145.47,1,1,1,0
105,1521,1570.03,140.64,121.06,156.11,1,1,1,0
106,1513,475.19,83.43,223.96,226.06,1,1,1,1
106,1514,1307.58,32.16,178.86,224.35,1,1,1,0
106,1515,1318.98,88.47,283.37,319.51,1,1,1,1
106,1516,68.21,118.8,95.08,107.99,1,1,1,0
106,1517,282.39,204.01,103.99,138.38,1,1,1,0
106,1518,0,82.59,39.74,145.94,1,1,1,0
106,1521,1571.8,140.8,121.65,156.91,1,1,1,0
107,1513,473.77,82.56,226.6,229.55,1,1,1,1
107,1514,1310.34,31.15,178.8,220.97,1,1,1,0
107,1515,1319.91,88.23,282.87,322.0,1,1,1,1
107,1516,69.54,118.94,94.62,107.48,1,1,1,0
107,1517,282.32,204.0,104.13,138.64,1,1,1,0
107,1518,0,82.11,39.31,146.11,1,1,1,0
107,1521,1572.99,140.6,122.37,157.93,1,1,1,0
108,1513,471.49,81.1,229.36,233.03,1,1,1,1
108,1514,1313.55,30.93,180.58,219.66,1,1,1,0
108,1515,1321.53,89.02,280.18,321.24,1,1,1,1
108,1516,70.79,119.13,94.41,107.27,1,1,1,0
108,1517,282.44,203.0,103.9,138.35,1,1,1,0
108,1518,0,81.83,39.18,146.18,1,1,1,0
108,1521,1575.55,140.52,121.62,157.16,1,1,1,0
109,1513,471.52,80.22,232.22,237.27,1,1,1,1
109,1514,1316.98,31.43,181.33,217.8,1,1,1,0
109,1515,1322.26,90.11,274.21,315.75,1,1,1,1
109,1516,72.33,119.54,94.52,107.47,1,1,1,0
109,1517,282.49,202.43,104.71,139.65,1,1,1,0
109,1518,0,80.84,39.11,147.09,1,1,1,0
109,1521,1578.19,139.43,122.78,158.47,1,1,1,0
110,1513,470.67,79.46,234.7,240.89,1,1,1,1
110,1514,1318.62,31.69,183.83,218.54,1,1,1,0
110,1515,1327.21,88.81,272.26,312.75,1,1,1,1
110,1516,73.54,119.69,94.7,107.77,1,1,1,0
110,1517,281.94,201.82,105.65,141.33,1,1,1,0
110,1518,0,79.59,39.18,148.22,1,1,1,0
110,1521,1578.71,138.83,123.98,160.13,1,1,1,0
111,1513,471.25,79.92,236.43,244.08,1,1,1,1
111,1514,1318.12,30.5,188.35,222.1,1,1,1,0
111,1515,1329.66,87.81,271.97,311.13,1,1,1,1
111,1516,74.65,120.13,95.01,108.3,1,1,1,0
111,1517,280.57,200.8,108.03,145.34,1,1,1,0
111,1518,0,79.22,39.14,148.65,1,1,1,0
111,1521,1579.06,138.91,123.99,160.19,1,1,1,0
112,1513,471.11,79.23,239.61,249.1,1,1,1,1
112,1514,1322.0,31.9,188.03,219.48,1,1,1,0
112,1515,1330.9,86.84,272.85,310.74,1,1,1,1
112,1516,75.52,120.59,95.76,109.51,1,1,1,0
112,1517,281.97,201.6,104.3,140.17,1,1,1,0
112,1518,0,78.8,39.24,148.79,1,1,1,0
112,1521,1578.05,138.79,124.51,161.01,1,1,1,0
113,1513,472.63,79.62,241.81,253.08,1,1,1,1
113,1514,1326.48,33.49,189.62,219.49,1,1,1,0
113,1515,1331.22,86.87,275.04,312.22,1,1,1,1
113,1516,77.21,121.69,96.5,110.92,1,1,1,0
113,1517,281.65,200.53,104.09,139.92,1,1,1,0
113,1518,0,78.46,39.37,148.94,1,1,1,0
113,1521,1577.33,138.7,123.7,160.23,1,1,1,0
114,1513,474.78,79.35,243.86,257.36,1,1,1,1
114,1514,1329.79,35.73,191.52,220.11,1,1,1,0
114,1515,1330.18,86.79,276.58,313.09,1,1,1,1
114,1516,78.83,122.15,96.79,111.7,1,1,1,0
114,1517,282.6,200.54,102.08,136.84,1,1,1,0
114,1518,0,78.25,39.39,148.68,1,1,1,0
114,1521,1577.02,138.06,123.37,160.09,1,1,1,0
115,1513,477.06,79.69,244.66,260.46,1,1,1,1
115,1514,1332.66,37.89,193.48,221.06,1,1,1,0
115,1515,1329.37,86.86,277.95,313.93,1,1,1,1
115,1516,80.63,122.31,96.75,112.0,1,1,1,0
115,1517,283.55,201.46,99.24,132.36,1,1,1,0
115,1518,0,78.08,39.58,148.58,1,1,1,0
115,1521,1575.98,137.63,121.82,158.41,1,1,1,0
116,1513,479.0,80.87,245.94,264.27,1,1,1,1
116,1514,1334.42,41.21,195.79,223.32,1,1,1,0
116,1515,1328.2,87.29,278.58,314.25,1,1,1,1
116,1516,82.8,122.55,96.46,111.91,1,1,1,0
116,1517,283.68,201.21,99.03,131.52,1,1,1,0
116,1518,0,77.74,39.7,148.83,1,1,1,0
116,1521,1575.8,137.47,117.56,153.13,1,1,1,0
117,1513,481.07,82.85,246.48,267.28,1,1,1,1
117,1514,1338.34,44.35,196.24,223.68,1,1,1,0
117,1515,1328.19,88.84,277.95,312.98,1,1,1,1
117,1516,86.41,122.93,97.81,113.66,1,1,1,0
117,1517,282.54,199.21,100.95,133.76,1,1,1,0
117,1518,0,77.42,40.25,148.52,1,1,1,0
117,1521,1573.56,136.41,117.01,151.93,1,1,1,0
118,1513,483.01,82.78,246.1,269.39,1,1,1,1
118,1514,1341.71,46.08,195.55,222.87,1,1,1,0
118,1515,1329.04,89.63,277.59,312.3,1,1,1,1
118,1516,88.9,123.51,99.02,115.25,1,1,1,0
118,1517,281.64,197.18,102.52,135.71,1,1,1,0
118,1518,0,77.22,41.14,148.79,1,1,1,0
118,1521,1571.55,135.57,115.98,149.94,1,1,1,0
119,1513,485.85,83.79,244.04,269.47,1,1,1,1
119,1514,1345.46,46.81,194.84,221.96,1,1,1,0
119,1515,1328.87,90.12,276.83,311.06,1,1,1,1
119,1516,91.5,123.96,99.52,115.9,1,1,1,0
119,1517,280.07,196.52,105.28,139.74,1,1,1,0
119,1518,0,77.35,42.2,148.99,1,1,1,0
119,1521,1569.34,134.82,116.94,150.48,1,1,1,0
120,1513,486.6,83.28,244.05,271.88,1,1,1,1
120,1514,1347.42,47.61,194.8,222.17,1,1,1,0
120,1515,1328.7,90.29,276.73,310.6,1,1,1,1
120,1516,93.84,124.81,99.24,115.53,1,1,1,0
120,1517,279.3,196.0,106.68,141.95,1,1,1,0
120,1518,0,77.91,43.42,149.16,1,1,1,0
120,1521,1564.41,134.4,115.94,148.85,1,1,1,0
121,1513,485.39,82.35,247.74,279.37,1,1,1,1
121,1514,1351.71,48.14,195.39,222.89,1,1,1,0
121,1515,1327.81,92.3,275.16,308.49,1,1,1,1
121,1516,96.31,124.72,98.56,114.59,1,1,1,0
121,1517,278.14,195.13,108.48,145.06,1,1,1,0
121,1518,0,79.13,46.48,149.02,1,1,1,0
121,1521,1559.94,132.76,112.79,144.23,1,1,1,0
122,1513,485.45,82.24,250.0,285.43,1,1,1,1
122,1514,1353.19,49.8,197.23,225.36,1,1,1,0
122,1515,1326.74,93.24,274.43,307.31,1,1,1,1
122,1516,97.6,124.47,98.56,114.41,1,1,1,0
122,1517,277.45,195.21,110.06,148.0,1,1,1,0
122,1518,0,79.99,48.38,149.16,1,1,1,0
122,1521,1559.66,131.65,107.34,135.42,1,1,1,0
123,1513,486.97,82.68,249.38,288.16,1,1,1,1
123,1514,1355.73,49.96,196.89,225.14,1,1,1,0
123,1515,1326.31,95.22,272.64,304.64,1,1,1,1
123,1516,98.9,124.57,98.2,113.74,1,1,1,0
123,1517,276.46,194.08,112.22,151.84,1,1,1,0
123,1518,0,80.52,50.2,149.0,1,1,1,0
123,1521,1556.34,130.86,107.01,133.26,1,1,1,0
124,1513,488.82,83.93,247.32,288.62,1,1,1,1
124,1514,1357.69,50.34,192.91,220.63,1,1,1,0
124,1515,1325.12,96.75,270.83,302.06,1,1,1,1
124,1516,99.86,124.59,98.07,113.28,1,1,1,0
124,1517,277.57,193.77,110.07,149.28,1,1,1,0
124,1518,0,80.91,51.7,148.74,1,1,1,0
124,1521,1553.19,130.6,106.07,130.51,1,1,1,0
125,1513,488.95,86.14,249.56,294.44,1,1,1,1
125,1514,1359.45,51.75,190.69,218.3,1,1,1,0
125,1515,1322.91,98.2,268.91,299.43,1,1,1,1
125,1516,101.19,124.59,98.18,113.11,1,1,1,0
125,1517,277.62,193.47,109.61,149.01,1,1,1,0
125,1518,0,81.16,53.01,148.64,1,1,1,0
126,1513,490.1,87.41,249.32,297.1,1,1,1,1
126,1514,1361.74,53.11,189.59,217.19,1,1,1,0
126,1515,1320.35,99.36,266.89,297.03,1,1,1,1
126,1516,101.96,124.58,98.21,112.84,1,1,1,0
126,1517,277.58,193.48,108.78,148.19,1,1,1,0
126,1518,0,81.24,53.72,148.4,1,1,1,0
127,1513,491.62,88.78,247.98,298.12,1,1,1,1
127,1514,1362.9,53.28,188.37,216.1,1,1,1,0
127,1515,1319.44,100.51,264.51,294.23,1,1,1,1
127,1516,102.53,124.56,98.32,112.74,1,1,1,0
127,1517,277.17,193.5,109.26,149.24,1,1,1,0
127,1518,0,81.07,54.26,148.31,1,1,1,0
128,1513,493.33,90.41,245.72,297.65,1,1,1,1
128,1514,1364.53,53.57,186.92,214.86,1,1,1,0
128,1515,1318.82,100.5,264.29,293.64,1,1,1,1
128,1516,102.86,124.4,98.56,112.85,1,1,1,0
128,1517,276.34,192.93,111.19,152.58,1,1,1,0
128,1518,0,81.1,54.59,147.88,1,1,1,0
129,1513,495.1,93.79,243.14,296.58,1,1,1,1
129,1514,1363.93,53.05,188.61,217.63,1,1,1,0
129,1515,1317.89,100.57,264.11,293.38,1,1,1,1
129,1516,103.32,124.08,97.82,111.75,1,1,1,0
129,1517,275.66,192.53,111.87,154.22,1,1,1,0
129,1518,0,80.91,54.75,147.71,1,1,1,0
130,1513,495.03,94.8,242.39,297.51,1,1,1,1
130,1514,1364.59,53.72,188.93,219.08,1,1,1,0
130,1515,1317.13,101.66,263.35,292.63,1,1,1,1
130,1516,103.51,124.16,96.74,110.13,1,1,1,0
130,1517,275.86,192.6,111.23,153.82,1,1,1,0
130,1518,0,80.83,54.69,147.85,1,1,1,0
131,1513,494.7,95.25,242.44,299.47,1,1,1,1
131,1514,1364.94,54.16,188.71,219.83,1,1,1,0
131,1515,1318.07,102.45,263.91,293.2,1,1,1,1
131,1516,103.33,123.98,95.89,108.73,1,1,1,0
131,1517,275.31,192.64,112.23,156.01,1,1,1,0
131,1518,0,80.9,54.61,147.71,1,1,1,0
132,1513,494.73,94.74,242.28,301.18,1,1,1,1
132,1514,1366.23,55.44,187.76,219.88,1,1,1,0
132,1515,1318.67,102.96,265.3,294.61,1,1,1,1
132,1516,103.33,123.86,94.76,106.87,1,1,1,0
132,1517,276.12,193.45,111.49,155.62,1,1,1,0
132,1518,0,80.83,54.64,147.86,1,1,1,0
133,1513,495.59,93.19,239.7,299.54,1,1,1,1
133,1514,1367.42,54.72,185.88,217.9,1,1,1,0
133,1515,1319.45,106.31,266.39,296.37,1,1,1,1
133,1516,102.41,123.67,94.6,106.14,1,1,1,0
133,1517,276.13,193.38,111.2,155.83,1,1,1,0
133,1518,0,80.99,54.42,147.91,1,1,1,0
134,1513,495.74,92.36,238.02,298.83,1,1,1,1
134,1514,1368.56,54.06,185.25,217.41,1,1,1,0
134,1515,1320.83,110.53,266.25,296.66,1,1,1,1
134,1516,101.2,123.29,95.17,106.49,1,1,1,0
134,1517,276.26,192.97,111.26,156.47,1,1,1,0
134,1518,0,81.26,54.33,147.74,1,1,1,0
135,1513,495.83,91.84,236.48,298.11,1,1,1,1
135,1514,1368.39,53.95,184.51,216.98,1,1,1,0
135,1515,1319.36,116.47,263.85,295.19,1,1,1,1
135,1516,100.15,122.75,95.98,107.25,1,1,1,0
135,1517,276.91,193.81,109.78,154.71,1,1,1,0
135,1518,0,81.25,54.31,147.67,1,1,1,0
136,1513,495.88,91.13,235.83,298.48,1,1,1,1
136,1514,1368.2,54.4,184.4,217.33,1,1,1,0
136,1515,1318.85,117.95,264.46,296.15,1,1,1,1
136,1516,99.06,122.35,96.87,108.15,1,1,1,0
136,1517,276.58,193.54,109.97,155.4,1,1,1,0
136,1518,0,81.25,54.15,147.65,1,1,1,0
137,1513,495.38,90.55,236.02,299.87,1,1,1,1
137,1514,1369.93,54.8,185.44,218.61,1,1,1,0
137,1515,1318.44,121.33,263.58,295.83,1,1,1,1
137,1516,97.68,122.0,97.88,109.29,1,1,1,0
137,1517,276.87,193.84,109.22,154.65,1,1,1,0
137,1518,0,81.44,54.23,147.24,1,1,1,0
138,1513,495.14,90.13,234.98,299.57,1,1,1,1
138,1514,1370.43,55.39,186.06,219.45,1,1,1,0
138,1515,1318.87,122.43,263.71,296.42,1,1,1,1
138,1516,96.54,121.78,98.71,110.33,1,1,1,0
138,1517,276.64,193.36,109.22,154.94,1,1,1,0
138,1518,0,81.51,54.31,147.29,1,1,1,0
139,1513,494.85,89.52,232.81,297.47,1,1,1,1
139,1514,1372.44,55.3,185.75,219.07,1,1,1,0
139,1515,1318.62,122.37,264.62,297.45,1,1,1,1
139,1516,95.33,121.65,99.38,111.17,1,1,1,0
139,1517,277.16,195.17,107.72,152.85,1,1,1,0
139,1518,0,81.54,54.41,147.11,1,1,1,0
140,1513,494.6,88.19,230.45,294.95,1,1,1,1
140,1514,1372.08,53.71,187.79,221.27,1,1,1,0
140,1515,1317.17,122.58,264.52,297.55,1,1,1,1
140,1516,94.35,121.66,100.03,112.03,1,1,1,0
140,1517,277.49,195.86,107.2,152.24,1,1,1,0
140,1518,0,81.64,54.46,147.05,1,1,1,0
141,1513,492.89,84.95,228.81,293.33,1,1,1,1
141,1514,1373.75,54.09,186.46,219.71,1,1,1,0
141,1515,1314.98,121.9,264.61,297.89,1,1,1,1
141,1516,91.4,121.17,100.96,113.14,1,1,1,0
141,1517,277.97,197.32,106.4,151.21,1,1,1,0
141,1518,0,81.78,54.48,146.83,1,1,1,0
142,1513,492.63,83.69,226.46,290.56,1,1,1,1
142,1514,1374.2,54.04,186.23,219.51,1,1,1,0
142,1515,1313.57,118.65,267.45,301.55,1,1,1,1
142,1516,88.56,120.59,101.26,113.55,1,1,1,0
142,1517,277.71,198.26,105.96,150.62,1,1,1,0
142,1518,0,81.73,54.55,146.95,1,1,1,0
143,1513,492.45,83.19,224.17,287.57,1,1,1,1
143,1514,1374.96,53.81,184.88,218.04,1,1,1,0
143,1515,1311.51,117.09,268.44,303.42,1,1,1,1
143,1516,86.01,119.64,101.52,113.95,1,1,1,0
143,1517,277.49,197.2,106.56,151.6,1,1,1,0
143,1518,0,81.71,54.61,146.99,1,1,1,0
144,1513,492.13,82.47,223.27,286.21,1,1,1,1
144,1514,1375.39,53.87,183.99,216.73,1,1,1,0
144,1515,1308.86,116.57,267.84,303.62,1,1,1,1
144,1516,82.81,118.64,101.92,114.43,1,1,1,0
144,1517,277.52,196.59,106.98,152.37,1,1,1,0
144,1518,0,81.8,54.53,147.01,1,1,1,0
145,1513,492.67,81.38,223.68,286.78,1,1,1,1
145,1514,1376.37,54.19,183.57,215.95,1,1,1,0
145,1515,1308.66,115.45,267.66,303.38,1,1,1,1
145,1516,77.54,116.94,103.22,116.04,1,1,1,0
145,1517,278.55,199.44,105.1,149.58,1,1,1,0
145,1518,0,81.83,54.52,147.02,1,1,1,0
146,1513,493.62,81.39,223.99,287.41,1,1,1,1
146,1514,1376.95,54.16,182.91,215.11,1,1,1,0
146,1515,1308.08,114.62,267.06,302.87,1,1,1,1
146,1516,73.55,115.96,104.47,117.77,1,1,1,0
146,1517,278.94,199.81,104.79,149.22,1,1,1,0
146,1518,0,81.84,54.49,147.03,1,1,1,0
147,1513,494.71,81.87,224.47,288.22,1,1,1,1
147,1514,1377.55,53.84,181.83,213.61,1,1,1,0
147,1515,1306.7,111.91,267.64,303.86,1,1,1,1
147,1516,70.48,115.41,105.07,118.61,1,1,1,0
147,1517,279.0,199.54,104.94,149.49,1,1,1,0
147,1518,0,81.84,54.3,146.83,1,1,1,0
148,1513,495.66,82.22,225.59,289.78,1,1,1,1
148,1515,1306.25,110.88,266.19,302.23,1,1,1,1
148,1516,67.91,115.12,104.87,118.32,1,1,1,0
148,1517,279.13,200.02,104.59,149.01,1,1,1,0
148,1518,0,81.84,54.02,146.76,1,1,1,0
149,1513,497.92,85.11,224.99,288.84,1,1,1,1
149,1515,1306.81,108.96,264.25,299.16,1,1,1,1
149,1516,64.34,115.23,103.18,115.8,1,1,1,0
149,1517,278.67,198.59,105.59,150.63,1,1,1,0
149,1518,0,81.84,53.98,146.94,1,1,1,0
150,1513,499.34,86.91,225.63,289.58,1,1,1,1
150,1515,1305.95,105.44,264.14,298.0,1,1,1,1
150,1516,61.55,115.19,102.51,114.22,1,1,1,0
150,1517,278.65,198.24,105.65,150.85,1,1,1,0
150,1518,0,81.83,53.92,147.0,1,1,1,0
151,1513,499.54,88.28,227.52,292.15,1,1,1,1
151,1515,1304.53,103.05,263.16,295.67,1,1,1,1
151,1516,59.43,115.2,102.23,113.02,1,1,1,0
151,1517,278.31,197.01,106.33,152.02,1,1,1,0
151,1518,0,81.83,53.58,147.03,1,1,1,0
152,1513,499.67,89.64,229.49,295.06,1,1,1,1
152,1515,1303.25,99.48,264.35,295.51,1,1,1,1
152,1516,57.49,115.12,102.25,112.17,1,1,1,0
152,1517,278.31,196.64,106.24,152.17,1,1,1,0
152,1518,0,81.83,53.28,147.04,1,1,1,0
153,1513,499.55,91.33,230.92,297.34,1,1,1,1
153,1515,1302.11,98.78,263.01,292.47,1,1,1,1
153,1516,55.75,115.45,102.69,111.81,1,1,1,0
153,1517,278.51,197.49,105.49,151.23,1,1,1,0
153,1518,0,81.83,53.27,147.05,1,1,1,0
154,1513,500.64,94.13,230.74,297.39,1,1,1,1
154,1515,1302.15,98.27,263.23,291.05,1,1,1,1
154,1516,54.49,115.64,103.14,111.53,1,1,1,0
154,1517,278.79,198.22,104.8,150.27,1,1,1,0
154,1518,0,81.83,53.22,147.05,1,1,1,0
155,1513,501.99,97.36,229.95,296.59,1,1,1,1
155,1515,1299.63,97.07,265.26,292.0,1,1,1,1
155,1516,53.0,115.52,103.91,111.63,1,1,1,0
155,1517,279.93,200.39,103.39,148.21,1,1,1,0
155,1518,0,81.43,53.1,147.65,1,1,1,0
156,1513,503.16,100.14,230.47,297.45,1,1,1,1
156,1515,1298.09,96.27,267.29,293.18,1,1,1,1
156,1516,51.79,115.38,105.03,112.28,1,1,1,0
156,1517,280.02,200.3,103.53,148.54,1,1,1,0
156,1518,0,81.37,52.77,147.67,1,1,1,0
157,1513,504.92,102.54,229.77,296.57,1,1,1,1
157,1515,1295.9,94.71,272.93,298.93,1,1,1,1
157,1516,49.36,114.74,107.2,114.32,1,1,1,0
157,1517,280.18,199.95,103.62,148.77,1,1,1,0
157,1518,0,81.36,52.78,147.68,1,1,1,0
158,1513,505.71,103.4,229.21,295.82,1,1,1,1
158,1515,1295.45,93.22,277.55,303.42,1,1,1,1
158,1516,47.57,114.6,108.91,116.08,1,1,1,0
158,1517,280.11,199.52,103.91,149.37,1,1,1,0
158,1518,0,81.35,52.61,147.68,1,1,1,0
159,1513,506.22,103.62,228.5,294.77,1,1,1,1
159,1515,1294.62,91.02,280.65,306.8,1,1,1,1
159,1516,45.54,114.36,110.3,117.53,1,1,1,0
159,1517,279.79,198.55,104.51,150.39,1,1,1,0
159,1518,0,81.25,52.06,147.88,1,1,1,0
160,1513,506.57,103.85,227.87,293.57,1,1,1,1
160,1515,1295.12,86.61,283.4,310.08,1,1,1,1
160,1516,43.83,114.58,111.1,118.27,1,1,1,0
160,1517,279.85,199.17,104.07,149.79,1,1,1,0
160,1518,0,81.01,51.39,147.75,1,1,1,0
161,1513,506.33,103.75,227.5,292.87,1,1,1,1
161,1515,1300.07,81.58,282.85,309.18,1,1,1,1
161,1516,41.22,115.01,111.27,117.99,1,1,1,0
161,1517,279.61,198.81,104.32,150.16,1,1,1,0
161,1518,0,80.73,50.62,147.5,1,1,1,0
162,1513,505.71,101.82,228.99,294.85,1,1,1,1
162,1515,1301.62,77.09,283.34,310.42,1,1,1,1
162,1516,39.8,115.14,111.33,117.62,1,1,1,0
162,1517,279.29,198.47,104.58,150.7,1,1,1,0
162,1518,0,80.52,50.26,147.41,1,1,1,0
163,1513,505.39,100.42,229.68,295.84,1,1,1,1
163,1515,1305.03,76.85,282.6,309.86,1,1,1,1
163,1516,38.96,115.39,110.88,116.67,1,1,1,0
163,1517,279.58,199.14,103.95,149.9,1,1,1,0
163,1518,0,80.25,50.3,147.37,1,1,1,0
164,1513,505.44,99.82,228.97,294.87,1,1,1,1
164,1515,1305.73,75.06,283.47,311.0,1,1,1,1
164,1516,38.36,115.18,110.7,115.9,1,1,1,0
164,1517,279.24,198.19,104.51,151.0,1,1,1,0
164,1518,0,80.15,50.67,147.16,1,1,1,0
165,1513,505.29,98.52,229.8,295.94,1,1,1,1
165,1515,1308.63,75.45,286.4,315.16,1,1,1,1
165,1516,37.48,115.41,110.06,114.41,1,1,1,0
165,1517,279.2,197.84,104.45,151.01,1,1,1,0
165,1518,0,80.51,51.33,146.68,1,1,1,0
166,1513,505.13,97.53,230.31,296.64,1,1,1,1
166,1515,1312.54,78.13,286.55,315.82,1,1,1,1
166,1516,37.25,115.9,109.12,112.64,1,1,1,0
166,1517,279.43,197.31,104.54,151.21,1,1,1,0
166,1518,0,80.86,51.76,146.3,1,1,1,0
167,1513,505.03,97.05,230.54,296.99,1,1,1,1
167,1515,1315.09,80.81,284.41,314.43,1,1,1,1
167,1516,36.56,115.98,108.9,111.58,1,1,1,0
167,1517,280.22,198.3,103.86,150.09,1,1,1,0
167,1518,0,79.79,51.46,147.76,1,1,1,0
168,1513,505.06,96.87,229.69,295.92,1,1,1,1
168,1515,1319.48,83.36,281.4,311.97,1,1,1,1
168,1516,35.82,116.01,109.01,110.8,1,1,1,0
168,1517,280.35,197.09,104.34,150.66,1,1,1,0
168,1518,0,79.39,50.13,148.61,1,1,1,0
169,1513,504.97,96.96,228.74,294.76,1,1,1,1
169,1515,1325.13,85.81,276.94,307.57,1,1,1,1
169,1516,35.3,116.12,108.89,109.72,1,1,1,0
169,1517,280.04,195.74,105.12,151.77,1,1,1,0
169,1518,0,87.83,46.58,138.06,1,1,1,0
170,1513,504.01,95.94,229.43,295.77,1,1,1,1
170,1515,1328.86,87.45,275.14,306.39,1,1,1,1
170,1516,33.67,115.96,109.95,109.73,1,1,1,0
170,1517,279.19,193.15,106.68,154.07,1,1,1,0
170,1518,0,90.54,43.56,133.81,1,1,1,0
171,1513,503.67,95.37,229.64,296.14,1,1,1,1
171,1515,1331.9,88.97,274.23,305.85,1,1,1,1
171,1516,32.01,115.7,110.93,109.56,1,1,1,0
171,1517,278.8,192.19,107.02,154.54,1,1,1,0
171,1518,0,91.38,40.64,130.29,1,1,1,0
172,1513,503.28,95.15,229.64,296.28,1,1,1,1
172,1515,1333.68,90.03,274.05,306.15,1,1,1,1
172,1516,30.88,115.0,112.2,109.91,1,1,1,0
172,1517,278.28,190.85,107.38,155.1,1,1,1,0
172,1518,0,89.0,35.75,134.57,1,1,1,0
172,1522,1566.54,126.74,100.66,140.36,1,1,1,0
173,1513,502.29,94.09,229.74,296.73,1,1,1,1
173,1515,1336.52,91.12,274.28,306.97,1,1,1,1
173,1516,31.47,114.54,112.53,109.65,1,1,1,0
173,1517,278.4,189.57,107.78,155.7,1,1,1,0
173,1518,0,88.42,31.07,133.05,1,1,1,0
173,1522,1569.96,125.86,105.91,147.8,1,1,1,0
174,1513,501.21,92.5,230.19,297.69,1,1,1,1
174,1515,1336.52,92.27,274.76,308.12,1,1,1,1
174,1516,32.67,114.67,112.92,109.77,1,1,1,0
174,1517,278.57,188.91,107.48,155.11,1,1,1,0
174,1518,0,88.02,26.4,129.65,1,1,1,0
174,1522,1573.68,125.55,108.13,151.07,1,1,1,0
175,1513,500.3,91.91,229.59,297.25,1,1,1,1
175,1515,1337.31,93.38,274.8,309.06,1,1,1,1
175,1516,34.1,115.03,112.7,109.43,1,1,1,0
175,1517,279.13,188.88,107.26,154.68,1,1,1,0
175,1518,0,87.6,20.68,124.72,1,1,1,0
175,1522,1576.39,125.48,109.13,152.61,1,1,1,0
176,1513,499.83,91.31,229.04,296.68,1,1,1,1
176,1515,1339.15,94.28,274.77,309.31,1,1,1,1
176,1516,35.36,115.36,112.93,109.71,1,1,1,0
176,1517,280.27,189.6,106.52,153.21,1,1,1,0
176,1518,0,87.84,17.18,122.05,1,1,1,0
176,1522,1578.78,125.1,109.62,153.33,1,1,1,0
177,1513,499.14,89.35,227.68,295.01,1,1,1,1
177,1515,1342.67,95.65,273.75,308.55,1,1,1,1
177,1516,38.01,115.29,112.62,109.62,1,1,1,0
177,1517,281.18,190.19,106.08,152.34,1,1,1,0
177,1518,0,89.8,11.66,118.24,1,1,1,0
177,1522,1581.12,125.08,109.8,153.45,1,1,1,0
178,1513,500.14,88.64,225.09,291.38,1,1,1,1
178,1515,1345.33,97.49,270.56,305.11,1,1,1,1
178,1516,40.19,114.97,112.29,109.6,1,1,1,0
178,1517,281.15,189.64,106.23,152.42,1,1,1,0
178,1518,0,90.41,9.07,117.45,1,1,1,0
178,1522,1581.06,125.19,109.73,153.18,1,1,1,0
179,1513,500.4,86.39,223.58,289.22,1,1,1,1
179,1515,1346.3,99.15,267.68,302.01,1,1,1,1
179,1516,41.83,114.3,112.31,109.95,1,1,1,0
179,1517,280.85,189.54,106.47,152.74,1,1,1,0
179,1518,0,90.81,6.94,118.04,1,1,1,0
179,1522,1582.31,125.45,106.88,149.11,1,1,1,0
180,1513,501.09,84.32,221.86,286.88,1,1,1,1
180,1515,1347.27,100.04,266.84,301.57,1,1,1,1
180,1516,43.37,114.1,111.95,109.93,1,1,1,0
180,1517,281.67,190.02,105.85,151.77,1,1,1,0
180,1518,0,91.3,6.73,117.27,1,1,1,0
180,1522,1587.2,126.89,99.99,139.5,1,1,1,0
181,1513,502.3,83.23,218.14,281.38,1,1,1,1
181,1515,1350.56,104.74,262.17,295.63,1,1,1,1
181,1516,45.67,113.83,110.99,109.34,1,1,1,0
181,1517,281.91,188.31,106.95,153.11,1,1,1,0
181,1518,0,92.37,7.55,115.33,1,1,1,0
181,1522,1577.26,123.98,103.95,144.48,1,1,1,0
182,1513,502.61,82.11,216.68,278.7,1,1,1,1
182,1515,1352.78,106.82,261.52,294.47,1,1,1,1
182,1516,47.43,113.88,110.15,108.87,1,1,1,0
182,1517,281.47,186.89,107.63,153.8,1,1,1,0
182,1518,0,93.05,8.85,114.68,1,1,1,0
182,1522,1567.64,113.27,111.22,153.9,1,1,1,0
183,1513,502.24,81.48,216.74,278.01,1,1,1,1
183,1515,1350.47,110.2,259.43,292.23,1,1,1,1
183,1516,49.11,114.16,109.12,108.15,1,1,1,0
183,1517,280.68,184.48,108.69,154.96,1,1,1,0
183,1518,0,92.97,9.08,116.31,1,1,1,0
183,1522,1572.31,104.72,108.4,149.11,1,1,1,0
184,1513,503.47,82.24,216.26,276.66,1,1,1,1
184,1515,1346.85,110.31,259.24,293.14,1,1,1,1
184,1516,50.79,114.56,108.53,107.88,1,1,1,0
184,1517,280.84,183.79,108.68,154.6,1,1,1,0
184,1518,0,92.98,8.98,116.41,1,1,1,0
184,1522,1530.92,92.51,143.8,195.28,1,1,1,0
185,1513,504.71,84.81,215.15,273.75,1,1,1,1
185,1515,1346.4,108.89,258.91,292.93,1,1,1,1
185,1516,53.35,114.62,107.97,107.6,1,1,1,0
185,1517,281.25,181.77,109.05,155.05,1,1,1,0
185,1518,0,92.11,9.32,120.54,1,1,1,0
185,1522,1538.85,97.48,151.98,205.46,1,1,1,0
186,1513,505.15,86.16,215.43,272.37,1,1,1,1
186,1515,1352.04,105.25,261.53,294.14,1,1,1,1
186,1516,55.16,114.69,107.59,107.35,1,1,1,0
186,1517,281.64,180.63,109.1,155.01,1,1,1,0
186,1518,0,91.18,10.45,122.09,1,1,1,0
186,1522,1551.5,99.64,157.56,213.18,1,1,1,0
187,1513,507.2,87.07,214.16,269.11,1,1,1,1
187,1515,1353.19,101.75,264.42,295.72,1,1,1,1
187,1516,57.07,114.77,107.44,107.41,1,1,1,0
187,1517,282.21,180.84,108.25,153.6,1,1,1,0
187,1518,0,90.72,11.57,122.7,1,1,1,0
187,1522,1556.25,99.83,171.43,233.02,1,1,1,0
188,1513,508.93,87.97,211.98,264.39,1,1,1,1
188,1515,1353.7,98.93,266.86,296.45,1,1,1,1
188,1516,58.84,114.9,107.27,107.45,1,1,1,0
188,1517,282.39,181.35,107.58,152.46,1,1,1,0
188,1518,0,90.39,13.14,123.78,1,1,1,0
188,1522,1559.87,101.76,183.83,250.87,1,1,1,0
189,1513,511.59,88.71,208.53,257.86,1,1,1,1
189,1515,1355.49,93.87,269.28,297.13,1,1,1,1
189,1516,61.27,115.64,106.54,106.87,1,1,1,0
189,1517,283.29,182.37,106.45,150.83,1,1,1,0
189,1518,0,90.01,15.35,123.65,1,1,1,0
189,1522,1566.67,108.96,193.14,263.55,1,1,1,0
190,1513,512.92,89.14,206.96,253.76,1,1,1,1
190,1515,1356.13,90.48,271.77,297.3,1,1,1,1
190,1516,62.99,116.07,106.15,106.71,1,1,1,0
190,1517,283.82,182.38,106.04,150.23,1,1,1,0
190,1518,0,89.42,16.27,124.44,1,1,1,0
190,1522,1574.95,112.45,199.43,273.08,1,1,1,0
191,1513,513.54,89.34,206.91,251.5,1,1,1,1
191,1515,1355.4,86.7,274.53,298.12,1,1,1,1
191,1516,64.07,116.18,106.19,107.01,1,1,1,0
191,1517,283.82,181.4,106.26,150.61,1,1,1,0
191,1518,0,89.0,17.48,127.51,1,1,1,0
191,1522,1583.25,117.32,201.02,275.33,1,1,1,0
192,1513,515.01,89.51,206.61,249.66,1,1,1,1
192,1515,1354.91,82.42,277.49,298.93,1,1,1,1
192,1516,64.83,116.22,106.62,107.73,1,1,1,0
192,1517,282.09,179.75,107.4,152.06,1,1,1,0
192,1518,0,88.8,18.2,129.11,1,1,1,0
192,1522,1590.24,119.94,203.35,278.35,1,1,1,0
193,1513,516.42,89.51,206.75,248.34,1,1,1,1
193,1515,1355.01,75.45,277.93,296.91,1,1,1,1
193,1516,66.1,116.18,106.95,108.15,1,1,1,0
193,1517,280.96,179.64,107.17,151.33,1,1,1,0
193,1518,0,88.62,18.87,130.2,1,1,1,0
193,1522,1599.9,123.98,204.08,278.79,1,1,1,0
194,1513,516.96,89.5,207.34,247.95,1,1,1,1
194,1515,1353.95,70.88,280.18,296.93,1,1,1,1
194,1516,67.07,116.11,106.96,108.17,1,1,1,0
194,1517,279.99,178.63,107.78,151.85,1,1,1,0
194,1518,0,88.36,19.22,131.38,1,1,1,0
194,1522,1605.72,127.27,203.19,276.41,1,1,1,0
195,1513,516.67,89.4,208.49,248.4,1,1,1,1
195,1515,1353.22,67.3,283.19,297.9,1,1,1,1
195,1516,67.97,116.07,106.78,107.97,1,1,1,0
195,1517,280.08,177.87,107.9,151.85,1,1,1,0
195,1518,0,88.47,19.22,132.6,1,1,1,0
195,1522,1610.73,128.61,203.28,275.54,1,1,1,0
196,1513,516.48,89.25,209.03,248.15,1,1,1,1
196,1515,1351.98,65.45,286.16,298.86,1,1,1,1
196,1516,68.94,116.26,106.69,107.9,1,1,1,0
196,1517,279.31,177.71,108.37,152.15,1,1,1,0
196,1518,0,88.31,19.51,133.04,1,1,1,0
196,1522,1615.33,128.83,203.96,275.67,1,1,1,0
197,1513,515.98,88.79,209.27,247.52,1,1,1,1
197,1515,1351.65,65.84,288.54,299.43,1,1,1,1
197,1516,70.18,116.43,106.79,108.07,1,1,1,0
197,1517,279.17,177.37,108.25,151.57,1,1,1,0
197,1518,0,88.26,19.99,133.38,1,1,1,0
197,1522,1620.8,129.53,205.92,277.23,1,1,1,0
198,1513,515.16,88.72,209.97,247.46,1,1,1,1
198,1515,1349.88,66.88,291.05,300.43,1,1,1,1
198,1516,71.0,116.49,107.12,108.54,1,1,1,0
198,1517,279.67,176.87,107.52,150.15,1,1,1,0
198,1518,0,88.29,20.19,133.83,1,1,1,0
198,1522,1623.18,129.89,207.37,277.94,1,1,1,0
199,1513,514.32,88.79,211.08,247.99,1,1,1,1
199,1515,1348.52,70.24,293.33,301.7,1,1,1,1
199,1516,71.65,116.6,107.18,108.71,1,1,1,0
199,1517,279.79,177.3,107.4,149.62,1,1,1,0
199,1518,0,88.36,20.26,132.84,1,1,1,0
199,1522,1625.3,130.31,208.33,277.74,1,1,1,0
200,1513,513.76,88.81,212.15,248.64,1,1,1,1
200,1515,1345.91,70.92,296.72,304.01,1,1,1,1
200,1516,72.62,116.79,107.34,109.03,1,1,1,0
200,1517,279.86,177.48,107.3,149.03,1,1,1,0
200,1518,0,88.39,20.62,132.24,1,1,1,0
200,1522,1626.91,130.01,209.93,278.72,1,1,1,0
201,1513,513.21,88.97,212.23,248.18,1,1,1,1
201,1515,1342.63,72.17,300.95,307.69,1,1,1,1
201,1516,73.84,116.91,107.89,109.89,1,1,1,0
201,1517,280.52,178.26,106.41,147.32,1,1,1,0
201,1518,0,88.4,20.66,132.19,1,1,1,0
201,1522,1629.18,129.1,211.65,280.14,1,1,1,0
202,1513,512.54,88.78,213.16,248.9,1,1,1,1
202,1515,1338.47,72.98,303.61,309.96,1,1,1,1
202,1516,74.63,116.85,108.27,110.61,1,1,1,0
202,1517,280.62,178.17,106.37,146.69,1,1,1,0
202,1518,0,88.21,20.58,132.36,1,1,1,0
202,1522,1630.23,128.04,213.22,281.24,1,1,1,0
203,1513,512.24,88.06,214.6,250.44,1,1,1,1
203,1515,1335.2,73.51,306.39,312.37,1,1,1,1
203,1516,75.5,116.93,108.4,111.07,1,1,1,0
203,1517,281.53,178.15,106.23,146.07,1,1,1,0
203,1518,0,88.24,20.32,132.61,1,1,1,0
203,1522,1631.68,126.9,214.57,281.88,1,1,1,0
204,1513,511.51,87.79,215.36,251.05,1,1,1,1
204,1515,1329.15,75.42,307.58,313.74,1,1,1,1
204,1516,76.16,116.85,108.56,111.63,1,1,1,0
204,1517,282.27,177.94,106.17,145.66,1,1,1,0
204,1518,0,88.15,20.13,132.5,1,1,1,0
204,1522,1632.58,126.06,215.71,282.4,1,1,1,0
205,1513,511.95,88.14,216.6,252.24,1,1,1,1
205,1515,1314.94,81.8,304.94,310.96,1,1,1,1
205,1516,76.83,116.87,108.41,111.89,1,1,1,0
205,1517,280.41,176.38,107.52,147.02,1,1,1,0
205,1518,0,88.02,20.23,132.14,1,1,1,0
205,1522,1629.56,125.35,217.86,282.88,1,1,1,0
206,1513,511.02,87.63,218.27,253.35,1,1,1,1
206,1515,1303.57,87.38,301.58,307.31,1,1,1,1
206,1516,77.25,116.97,108.03,111.88,1,1,1,0
206,1517,279.94,176.49,107.77,146.85,1,1,1,0
206,1518,0,87.98,20.78,131.9,1,1,1,0
206,1522,1628.5,124.98,219.82,283.07,1,1,1,0
207,1513,512.55,87.64,218.29,251.79,1,1,1,1
207,1515,1290.42,94.11,299.06,304.85,1,1,1,1
207,1516,77.52,117.06,107.54,111.71,1,1,1,0
207,1517,279.16,176.05,108.58,147.5,1,1,1,0
207,1518,0,88.06,21.24,131.6,1,1,1,0
207,1522,1628.32,125.0,221.49,283.1,1,1,1,0
208,1513,516.16,87.59,217.81,249.26,1,1,1,1
208,1515,1274.85,98.44,298.9,304.67,1,1,1,1
208,1516,77.76,117.09,107.15,111.64,1,1,1,0
208,1517,278.78,175.1,108.95,147.55,1,1,1,0
208,1518,0,87.8,21.83,131.49,1,1,1,0
208,1522,1628.64,125.46,222.77,282.78,1,1,1,0
209,1513,525.28,87.48,218.29,247.42,1,1,1,1
209,1515,1245.1,108.12,295.98,301.46,1,1,1,1
209,1516,77.88,117.05,106.75,111.55,1,1,1,0
209,1517,277.76,174.26,109.75,148.07,1,1,1,0
209,1518,0,87.55,22.0,131.59,1,1,1,0
209,1522,1630.6,126.79,224.15,282.83,1,1,1,0
210,1513,535.1,87.64,219.79,247.15,1,1,1,1
210,1515,1220.09,115.35,293.72,299.2,1,1,1,1
210,1516,77.81,117.03,106.42,111.52,1,1,1,0
210,1517,278.2,175.45,109.33,146.98,1,1,1,0
210,1518,0,87.41,22.31,131.88,1,1,1,0
210,1522,1631.64,127.89,225.51,283.38,1,1,1,0
210,1523,1505.95,128.43,115.76,147.96,1,1,1,0
211,1513,545.08,89.65,220.59,246.32,1,1,1,1
211,1515,1198.27,123.3,290.05,294.82,1,1,1,1
211,1516,77.71,117.02,106.09,111.5,1,1,1,0
211,1517,277.88,175.71,109.63,146.97,1,1,1,0
211,1518,0,87.61,22.28,131.73,1,1,1,0
211,1522,1632.09,129.05,225.75,281.8,1,1,1,0
211,1523,1505.33,128.15,116.26,148.42,1,1,1,0
212,1513,551.56,93.21,222.41,245.43,1,1,1,1
212,1515,1174.95,128.3,288.12,291.65,1,1,1,1
212,1516,77.62,117.07,105.79,111.53,1,1,1,0
212,1517,277.71,175.82,109.87,146.97,1,1,1,0
212,1518,0,87.79,22.15,131.57,1,1,1,0
212,1522,1632.62,129.93,226.54,281.09,1,1,1,0
212,1523,1505.14,127.94,116.39,148.34,1,1,1,0
213,1513,568.29,105.22,224.01,244.22,1,1,1,1
213,1515,1130.45,136.95,279.2,281.56,1,1,1,1
213,1516,77.82,117.23,105.1,111.1,1,1,1,0
213,1517,276.86,176.07,109.94,146.58,1,1,1,0
213,1518,0,87.96,22.26,131.41,1,1,1,0
213,1522,1634.1,131.2,227.32,280.84,1,1,1,0
213,1523,1505.99,128.0,116.44,148.08,1,1,1,0
214,1513,579.94,115.86,226.34,243.44,1,1,1,1
214,1515,1098.69,142.64,271.62,271.35,1,1,1,1
214,1516,77.91,117.24,104.89,111.18,1,1,1,0
214,1517,275.54,175.67,110.78,147.14,1,1,1,0
214,1518,0,87.78,22.82,130.5,1,1,1,0
214,1522,1635.46,132.41,227.46,279.76,1,1,1,0
214,1523,1506.17,128.13,116.66,147.99,1,1,1,0
214,1524,466.42,129.15,121.48,163.02,1,1,1,0
215,1513,590.06,125.56,231.69,246.98,1,1,1,1
215,1515,1066.69,146.77,264.57,262.8,1,1,1,1
215,1516,77.91,117.2,104.67,111.25,1,1,1,0
215,1517,275.09,175.93,111.02,146.95,1,1,1,0
215,1518,0,87.66,23.21,130.11,1,1,1,0
215,1522,1635.58,133.05,228.16,279.52,1,1,1,0
215,1523,1506.17,128.18,116.84,147.96,1,1,1,0
215,1524,469.7,128.84,115.21,154.31,1,1,1,0
216,1513,601.0,134.25,235.22,248.32,1,1,1,1
216,1515,1036.83,149.3,261.29,258.82,1,1,1,1
216,1516,77.91,117.13,104.54,111.43,1,1,1,0
216,1517,274.8,175.83,111.37,147.09,1,1,1,0
216,1518,0,87.66,23.31,129.52,1,1,1,0
216,1522,1635.2,133.47,229.15,279.81,1,1,1,0
216,1523,1506.78,128.2,117.34,148.16,1,1,1,0
216,1524,470.1,128.92,114.02,152.27,1,1,1,0
217,1513,623.75,147.2,233.58,244.02,1,1,1,1
217,1515,999.62,149.53,262.03,256.4,1,1,1,1
217,1516,77.82,117.05,104.46,111.64,1,1,1,0
217,1517,273.83,175.79,111.65,147.14,1,1,1,0
217,1518,0,87.32,23.55,129.25,1,1,1,0
217,1522,1636.53,135.01,229.63,279.51,1,1,1,0
217,1523,1507.03,128.42,117.46,147.82,1,1,1,0
217,1524,470.46,129.23,113.63,151.14,1,1,1,0
218,1513,638.8,158.34,233.9,241.58,1,1,1,1
218,1515,968.31,148.74,257.31,249.68,1,1,1,1
218,1516,77.77,117.02,104.25,111.72,1,1,1,0
218,1517,273.48,176.08,111.75,147.06,1,1,1,0
218,1518,0,87.19,24.03,129.15,1,1,1,0
218,1522,1636.65,136.76,230.46,279.77,1,1,1,0
218,1523,1507.72,128.39,117.9,147.9,1,1,1,0
218,1524,470.12,129.12,113.99,150.95,1,1,1,0
219,1513,651.4,168.61,234.57,239.79,1,1,1,1
219,1515,944.25,148.73,257.58,246.51,1,1,1,1
219,1516,77.78,117.06,103.9,111.6,1,1,1,0
219,1517,273.1,176.0,111.9,147.24,1,1,1,0
219,1518,0,87.2,24.25,128.98,1,1,1,0
219,1522,1637.28,138.79,231.09,279.86,1,1,1,0
219,1523,1507.78,128.28,118.43,148.13,1,1,1,0
219,1524,469.7,129.29,114.28,150.57,1,1,1,0
220,1513,660.9,178.83,237.29,240.16,1,1,1,1
220,1515,924.6,149.53,255.45,241.34,1,1,1,1
220,1516,77.69,117.02,103.76,111.7,1,1,1,0
220,1517,271.5,175.97,112.51,147.7,1,1,1,0
220,1518,0,87.1,24.75,129.22,1,1,1,0
220,1522,1637.89,140.27,232.06,280.52,1,1,1,0
220,1523,1507.61,128.24,118.98,148.42,1,1,1,0
220,1524,469.65,129.45,114.62,150.21,1,1,1,0
221,1513,674.23,192.2,235.58,236.93,1,1,1,1
221,1515,887.61,153.01,251.19,235.08,1,1,1,1
221,1516,77.51,117.01,103.58,111.74,1,1,1,0
221,1517,269.8,175.46,113.47,148.37,1,1,1,0
221,1518,0,87.07,25.19,129.31,1,1,1,0
221,1522,1640.53,144.58,232.27,280.56,1,1,1,0
221,1523,1508.24,128.22,119.38,148.53,1,1,1,0
221,1524,469.6,129.51,115.23,150.15,1,1,1,0
222,1513,681.09,198.96,233.58,233.73,1,1,1,1
222,1515,862.85,155.96,251.45,233.64,1,1,1,1
222,1516,77.4,117.0,103.4,111.75,1,1,1,0
222,1517,269.38,175.47,113.71,148.23,1,1,1,0
222,1518,0,87.36,25.59,129.35,1,1,1,0
222,1522,1643.61,147.46,232.88,280.86,1,1,1,0
222,1523,1508.37,128.22,119.7,148.57,1,1,1,0
222,1524,469.38,129.63,115.86,150.09,1,1,1,0
223,1513,690.02,203.99,221.65,221.72,1,1,1,1
223,1515,846.86,161.2,253.7,233.28,1,1,1,1
223,1516,77.32,116.95,103.26,111.8,1,1,1,0
223,1517,268.84,175.48,114.12,148.37,1,1,1,0
223,1518,0,87.77,25.95,129.07,1,1,1,0
223,1522,1646.0,149.49,233.71,281.56,1,1,1,0
223,1523,1508.33,128.32,119.99,148.58,1,1,1,0
223,1524,469.07,129.67,116.54,150.11,1,1,1,0
224,1513,701.01,208.75,204.9,204.18,1,1,1,1
224,1515,823.11,165.24,254.28,230.46,1,1,1,1
224,1516,77.08,116.93,103.12,111.82,1,1,1,0
224,1517,268.22,175.78,114.43,148.52,1,1,1,0
224,1518,0,88.22,26.09,128.67,1,1,1,0
224,1522,1648.86,152.04,233.17,280.77,1,1,1,0
224,1523,1508.15,128.15,120.39,148.78,1,1,1,0
224,1524,468.57,129.58,117.16,150.06,1,1,1,0
225,1513,707.68,216.13,188.23,189.16,1,1,1,1
225,1515,808.85,172.68,261.89,234.23,1,1,1,1
225,1516,76.78,116.97,102.94,111.77,1,1,1,0
225,1517,268.93,176.0,114.3,148.48,1,1,1,0
225,1518,0,88.34,26.29,128.37,1,1,1,0
225,1522,1654.17,154.39,233.93,281.4,1,1,1,0
225,1523,1508.0,128.09,120.67,148.86,1,1,1,0
225,1524,467.9,129.54,117.94,150.28,1,1,1,0
226,1513,711.82,219.21,183.03,185.38,1,1,1,1
226,1515,799.83,178.31,264.16,233.31,1,1,1,1
226,1516,76.49,117.04,102.86,111.8,1,1,1,0
226,1517,268.0,176.18,114.58,148.75,1,1,1,0
226,1518,0,88.63,26.42,128.12,1,1,1,0
226,1522,1657.74,156.9,234.11,281.33,1,1,1,0
226,1523,1507.87,128.07,120.89,148.88,1,1,1,0
226,1524,467.5,129.63,118.53,150.29,1,1,1,0
227,1513,716.68,220.07,181.42,184.68,1,1,1,1
227,1515,791.2,181.07,275.05,241.51,1,1,1,1
227,1516,75.98,116.86,103.21,112.41,1,1,1,0
227,1517,269.3,177.35,113.51,147.56,1,1,1,0
227,1518,0,88.74,26.44,128.03,1,1,1,0
227,1522,1660.36,158.78,234.64,282.09,1,1,1,0
227,1523,1507.69,127.96,121.22,149.09,1,1,1,0
227,1524,467.28,129.76,118.9,150.01,1,1,1,0
228,1513,721.15,220.34,180.66,184.63,1,1,1,1
228,1515,783.36,185.95,274.38,238.65,1,1,1,1
228,1516,75.61,116.8,103.68,113.23,1,1,1,0
228,1517,268.78,176.29,114.26,148.81,1,1,1,0
228,1518,0,88.78,26.54,128.1,1,1,1,0
228,1522,1663.26,161.81,234.01,280.98,1,1,1,0
228,1523,1507.57,127.92,121.44,149.16,1,1,1,0
228,1524,466.85,129.81,119.34,149.93,1,1,1,0
229,1513,724.72,221.45,179.27,184.38,1,1,1,1
229,1515,773.57,188.64,281.55,244.21,1,1,1,1
229,1516,75.33,116.57,104.01,113.94,1,1,1,0
229,1517,270.72,176.49,113.86,149.27,1,1,1,0
229,1518,0,89.09,26.76,127.34,1,1,1,0
229,1522,1668.25,166.07,233.78,280.34,1,1,1,0
229,1523,1507.48,128.01,121.6,149.19,1,1,1,0
229,1524,466.52,129.92,119.86,150.02,1,1,1,0
