1,2330,1328.3,277.23,214.55,219.98,1,1,1,0
1,2331,655.11,305.11,329.06,343.38,1,1,1,1
1,2332,288.68,579.17,116.92,133.79,1,1,1,0
2,2330,1307.38,247.68,212.46,217.89,1,1,1,0
2,2331,611.73,280.66,349.14,364.69,1,1,1,1
2,2332,257.8,536.55,120.63,138.24,1,1,1,0
3,2330,1281.86,206.66,216.37,222.13,1,1,1,0
3,2331,580.78,252.62,344.57,359.91,1,1,1,1
3,2332,228.57,502.8,115.82,132.98,1,1,1,0
4,2330,1257.55,169.52,218.2,224.17,1,1,1,0
4,2331,542.82,222.1,341.7,356.77,1,1,1,1
4,2332,195.0,464.85,112.22,129.07,1,1,1,0
5,2330,1240.92,136.99,216.47,222.54,1,1,1,0
5,2331,509.74,190.83,334.03,348.7,1,1,1,1
5,2332,162.15,425.62,114.3,131.59,1,1,1,0
6,2330,1226.08,106.11,222.3,228.96,1,1,1,0
6,2331,480.9,156.05,338.56,353.44,1,1,1,1
6,2332,134.17,386.85,119.04,137.21,1,1,1,0
7,2330,1226.27,80.65,226.48,233.64,1,1,1,0
7,2331,467.47,130.84,337.76,353.02,1,1,1,1
7,2332,120.02,358.28,123.86,142.92,1,1,1,0
7,2334,1730.35,388.79,57.5,67.5,1,1,1,0
8,2330,1241.05,57.95,229.43,237.25,1,1,1,0
8,2331,473.24,104.96,338.97,354.98,1,1,1,1
8,2332,122.93,341.35,127.74,147.84,1,1,1,0
8,2334,1740.59,374.28,58.31,68.42,1,1,1,0
9,2330,1275.09,36.21,234.35,242.28,1,1,1,0
9,2331,494.9,84.28,337.63,355.01,1,1,1,1
9,2332,145.65,332.25,128.65,149.22,1,1,1,0
10,2330,1316.99,8.16,239.28,247.31,1,1,1,0
10,2331,528.98,63.84,339.6,358.59,1,1,1,1
11,2330,1371.04,0,239.61,227.48,1,1,1,0
11,2331,571.8,41.22,333.25,352.75,1,1,1,1
11,2335,243.24,322.19,119.99,147.54,1,1,1,0
12,2330,1421.99,0,241.08,194.57,1,1,1,0
12,2331,603.5,9.77,336.83,358.05,1,1,1,1
12,2335,273.79,305.79,119.66,147.05,1,1,1,0
13,2330,1457.59,0,235.21,154.09,1,1,1,0
13,2331,626.21,0,339.19,339.57,1,1,1,1
13,2335,300.95,286.32,117.53,144.19,1,1,1,0
14,2330,1524.44,0,239.85,132.16,1,1,1,0
14,2331,650.82,0,328.37,307.45,1,1,1,1
14,2335,322.54,266.18,116.47,142.4,1,1,1,0
15,2331,669.28,0,324.86,277.8,1,1,1,1
15,2335,345.79,248.93,115.89,141.01,1,1,1,0
16,2331,697.39,0,312.58,248.91,1,1,1,1
16,2335,373.07,234.09,115.23,139.44,1,1,1,0
17,2331,730.1,0,299.44,225.69,1,1,1,1
17,2335,405.32,221.12,116.05,139.27,1,1,1,0
18,2331,770.98,0,271.99,190.37,1,1,1,1
18,2335,436.64,208.67,116.58,138.86,1,1,1,0
19,2331,799.23,0,275.3,167.58,1,1,1,1
19,2335,464.74,197.01,115.24,136.71,1,1,1,0
20,2331,818.82,0,286.73,149.27,1,1,1,1
20,2335,492.01,185.82,115.37,136.18,1,1,1,0
21,2331,841.31,0,296.88,139.1,1,1,1,1
21,2335,517.48,174.36,117.51,137.66,1,1,1,0
22,2331,846.89,0,315.26,142.37,1,1,1,1
22,2335,537.22,167.73,119.63,139.76,1,1,1,0
23,2331,858.46,0,321.85,148.08,1,1,1,1
23,2335,553.49,167.44,120.32,140.47,1,1,1,0
24,2331,867.54,0,326.2,161.11,1,1,1,1
24,2335,567.81,171.85,121.35,141.55,1,1,1,0
25,2331,874.08,0,324.25,181.3,1,1,1,1
25,2335,574.55,181.18,122.2,142.27,1,1,1,0
26,2331,872.12,0,318.96,210.61,1,1,1,1
26,2335,567.3,192.82,124.99,145.93,1,1,1,0
27,2331,849.76,0,328.34,235.22,1,1,1,1
27,2335,553.76,204.58,125.72,146.81,1,1,1,0
28,2331,818.27,0,348.63,260.12,1,1,1,1
28,2335,536.56,216.63,125.76,146.73,1,1,1,0
29,2331,803.35,0,357.28,290.37,1,1,1,1
29,2335,524.36,230.66,125.59,146.68,1,1,1,0
30,2331,784.92,0,376.65,331.06,1,1,1,1
30,2335,516.91,249.32,127.21,149.03,1,1,1,0
31,2331,775.42,0,381.78,360.67,1,1,1,1
31,2335,510.87,272.82,126.22,148.43,1,1,1,0
32,2331,767.11,7.32,380.95,386.72,1,1,1,1
32,2335,500.12,295.73,127.43,150.85,1,1,1,0
33,2331,758.97,35.79,378.47,387.55,1,1,1,1
33,2335,490.57,313.67,127.13,151.35,1,1,1,0
34,2331,753.59,53.96,376.34,387.18,1,1,1,1
34,2335,485.77,324.43,128.21,154.29,1,1,1,0
35,2331,758.52,63.82,374.81,387.44,1,1,1,1
35,2335,490.92,330.04,128.3,156.17,1,1,1,0
36,2331,772.65,72.11,370.95,385.31,1,1,1,1
36,2335,506.28,334.06,126.43,156.07,1,1,1,0
37,2331,788.09,77.81,368.33,383.84,1,1,1,1
37,2335,525.81,338.25,125.18,156.78,1,1,1,0
38,2331,801.23,79.86,369.28,386.71,1,1,1,1
38,2335,546.81,343.54,124.34,157.81,1,1,1,0
39,2331,810.33,81.04,368.29,387.2,1,1,1,1
39,2335,564.32,349.45,123.57,158.17,1,1,1,0
40,2331,812.23,79.72,368.36,388.76,1,1,1,1
40,2335,576.68,352.04,122.27,158.28,1,1,1,0
41,2331,811.3,77.47,365.84,387.57,1,1,1,1
41,2335,583.52,355.74,121.86,159.08,1,1,1,0
42,2331,805.0,72.71,366.1,389.69,1,1,1,1
42,2335,586.62,362.46,119.53,156.58,1,1,1,0
43,2331,800.7,69.64,363.47,388.53,1,1,1,1
43,2335,584.94,366.55,119.46,157.2,1,1,1,0
44,2331,791.83,69.29,361.62,388.2,1,1,1,1
44,2335,580.99,372.85,120.04,158.6,1,1,1,0
45,2331,784.21,73.11,359.01,386.72,1,1,1,1
45,2335,576.15,379.97,120.19,158.72,1,1,1,0
46,2331,771.11,79.91,355.33,384.6,1,1,1,1
46,2335,566.67,389.6,119.22,157.16,1,1,1,0
47,2331,754.35,90.13,348.94,378.77,1,1,1,1
47,2335,550.48,395.39,119.16,156.54,1,1,1,0
48,2331,733.25,96.54,345.0,376.03,1,1,1,1
48,2335,529.17,395.93,118.31,154.71,1,1,1,0
49,2331,709.5,99.77,342.8,375.6,1,1,1,1
49,2335,505.48,391.47,119.65,155.61,1,1,1,0
50,2331,687.18,105.81,340.55,374.85,1,1,1,1
50,2335,484.06,389.23,121.0,156.75,1,1,1,0
51,2331,664.4,118.2,337.99,373.28,1,1,1,1
51,2335,457.93,390.0,122.57,157.97,1,1,1,0
52,2331,637.6,127.87,336.72,373.5,1,1,1,1
52,2335,429.12,388.17,123.37,158.42,1,1,1,0
53,2331,618.53,129.7,333.62,371.2,1,1,1,1
53,2335,409.81,380.4,123.61,157.79,1,1,1,0
54,2331,615.64,130.45,331.36,369.45,1,1,1,1
54,2335,401.84,367.58,125.43,159.13,1,1,1,0
55,2331,622.83,132.62,327.05,364.91,1,1,1,1
55,2335,401.6,356.57,126.13,159.23,1,1,1,0
56,2331,626.01,135.75,329.54,369.16,1,1,1,1
56,2335,400.94,348.8,127.58,160.44,1,1,1,0
57,2331,632.24,139.25,323.44,362.31,1,1,1,1
57,2335,395.35,343.53,129.59,162.08,1,1,1,0
58,2331,633.62,141.27,319.95,358.62,1,1,1,1
58,2335,385.85,338.44,131.08,163.48,1,1,1,0
59,2331,633.87,141.46,314.95,353.28,1,1,1,1
59,2335,373.79,334.4,131.34,163.2,1,1,1,0
60,2331,633.23,140.46,311.9,350.04,1,1,1,1
60,2335,361.34,328.99,132.73,164.26,1,1,1,0
61,2331,636.7,137.44,309.48,347.41,1,1,1,1
61,2335,355.76,322.89,133.63,164.64,1,1,1,0
62,2331,654.06,134.19,307.46,344.7,1,1,1,1
62,2335,362.89,317.9,132.4,162.38,1,1,1,0
63,2331,673.64,125.04,308.19,345.19,1,1,1,1
63,2335,373.87,311.55,132.5,161.5,1,1,1,0
64,2331,683.38,112.28,310.1,347.75,1,1,1,1
64,2335,377.1,306.91,132.8,160.76,1,1,1,0
65,2331,684.45,108.7,303.14,339.2,1,1,1,1
65,2335,362.96,304.31,133.67,160.48,1,1,1,0
66,2331,668.04,98.31,303.35,340.26,1,1,1,1
66,2335,341.48,301.18,135.13,161.47,1,1,1,0
67,2331,657.7,83.33,303.2,340.72,1,1,1,1
67,2335,329.51,296.66,136.32,162.34,1,1,1,0
68,2331,668.35,69.93,301.38,340.46,1,1,1,1
68,2335,333.01,292.11,135.53,160.28,1,1,1,0
69,2331,687.12,59.95,300.11,339.92,1,1,1,1
69,2335,345.31,285.34,135.94,159.88,1,1,1,0
70,2331,702.1,50.7,294.18,333.67,1,1,1,1
70,2335,351.8,280.16,136.32,159.74,1,1,1,0
71,2331,701.66,44.05,298.34,339.43,1,1,1,1
71,2335,343.81,279.17,136.89,159.29,1,1,1,0
71,2336,0,300.5,38.29,172.37,1,1,1,0
72,2331,695.53,49.32,294.18,334.64,1,1,1,1
72,2335,326.41,282.75,136.98,158.33,1,1,1,0
72,2336,0,303.58,25.9,169.0,1,1,1,0
73,2331,678.14,54.62,298.41,341.68,1,1,1,1
73,2335,303.38,286.25,137.09,157.97,1,1,1,0
73,2336,0,309.71,9.48,160.89,1,1,1,0
74,2331,654.79,60.76,302.05,348.19,1,1,1,1
74,2335,273.39,288.67,138.4,158.64,1,1,1,0
75,2331,630.6,68.75,301.75,349.09,1,1,1,1
75,2335,238.68,291.06,139.94,158.9,1,1,1,0
76,2331,605.33,77.06,301.98,351.4,1,1,1,1
76,2335,203.02,294.01,141.49,159.01,1,1,1,0
77,2331,579.34,86.0,300.84,350.88,1,1,1,1
77,2335,167.89,295.58,141.96,158.25,1,1,1,0
78,2331,556.72,92.79,303.23,354.83,1,1,1,1
78,2335,137.69,296.8,143.94,159.17,1,1,1,0
79,2331,536.66,99.87,303.32,355.31,1,1,1,1
79,2335,109.04,294.79,146.54,161.6,1,1,1,0
80,2331,520.1,102.62,305.38,358.34,1,1,1,1
80,2335,84.36,291.97,149.81,164.8,1,1,1,0
81,2331,510.79,105.96,304.96,358.66,1,1,1,1
81,2335,68.23,288.95,150.74,165.21,1,1,1,0
82,2331,508.92,104.88,304.96,359.24,1,1,1,1
82,2335,61.98,283.07,152.04,166.14,1,1,1,0
82,2338,1684.99,260.06,69.63,83.23,1,1,1,0
82,2339,1857.55,133.98,167.59,234.92,1,1,1,0
83,2331,513.44,100.62,306.68,361.61,1,1,1,1
83,2335,60.7,276.33,152.21,166.08,1,1,1,0
83,2338,1683.26,256.76,69.7,83.18,1,1,1,0
83,2339,1856.3,126.02,172.66,241.92,1,1,1,0
84,2331,516.05,98.06,308.64,364.35,1,1,1,1
84,2335,56.06,271.05,152.5,166.03,1,1,1,0
84,2338,1679.57,264.31,66.55,79.28,1,1,1,0
84,2339,1843.24,120.42,194.18,272.37,1,1,1,0
85,2331,511.16,98.23,312.11,369.71,1,1,1,1
85,2335,43.67,269.92,151.85,164.41,1,1,1,0
85,2339,1811.81,120.6,213.54,299.57,1,1,1,0
86,2331,499.64,101.14,315.11,374.55,1,1,1,1
86,2335,22.19,271.19,152.65,164.17,1,1,1,0
86,2339,1783.59,133.21,224.48,315.06,1,1,1,0
87,2331,488.12,110.69,315.27,375.36,1,1,1,1
87,2335,0.71,276.82,152.66,163.38,1,1,1,0
87,2339,1755.75,160.44,224.67,314.48,1,1,1,0
88,2331,474.59,120.05,318.31,379.74,1,1,1,1
88,2335,0,284.5,133.26,163.77,1,1,1,0
88,2339,1725.03,188.04,225.24,314.04,1,1,1,0
89,2331,463.29,130.53,319.74,382.42,1,1,1,1
89,2335,0,294.79,115.62,161.13,1,1,1,0
89,2339,1701.18,219.86,222.01,307.96,1,1,1,0
90,2331,451.71,141.74,322.0,385.34,1,1,1,1
90,2335,0,302.9,100.93,159.32,1,1,1,0
90,2339,1676.28,248.44,220.06,303.53,1,1,1,0
91,2331,445.0,150.53,323.33,387.26,1,1,1,1
91,2335,0,311.5,90.44,167.07,1,1,1,0
91,2339,1652.28,276.91,216.24,297.34,1,1,1,0
92,2331,441.89,160.04,321.24,385.93,1,1,1,1
92,2335,0,318.73,76.19,159.73,1,1,1,0
92,2339,1630.13,297.84,213.58,293.14,1,1,1,0
93,2331,437.4,165.47,321.38,387.32,1,1,1,1
93,2335,0,328.29,63.07,150.74,1,1,1,0
93,2339,1609.53,314.3,211.41,289.71,1,1,1,0
94,2331,432.38,166.45,322.69,390.45,1,1,1,1
94,2335,0,338.64,45.29,139.64,1,1,1,0
94,2339,1586.55,329.45,208.95,286.22,1,1,1,0
95,2331,423.61,166.14,324.02,392.66,1,1,1,1
95,2335,0,345.52,23.1,142.75,1,1,1,0
95,2339,1564.32,344.11,204.74,280.33,1,1,1,0
96,2331,409.04,164.37,324.6,394.32,1,1,1,1
96,2339,1538.87,352.33,202.05,276.99,1,1,1,0
97,2331,398.57,159.78,324.52,394.88,1,1,1,1
97,2339,1516.79,356.58,198.96,272.67,1,1,1,0
98,2331,390.27,152.94,325.83,396.6,1,1,1,1
98,2339,1495.56,356.12,193.34,264.95,1,1,1,0
99,2331,380.93,145.6,325.45,396.5,1,1,1,1
99,2339,1478.12,348.21,191.19,261.65,1,1,1,0
100,2331,374.49,139.47,327.17,399.07,1,1,1,1
100,2339,1460.49,336.58,190.27,259.66,1,1,1,0
101,2331,369.14,135.95,328.88,401.57,1,1,1,1
101,2339,1444.49,328.3,187.99,255.73,1,1,1,0
101,2340,1297.27,392.77,63.5,73.29,1,1,1,0
102,2331,369.77,137.77,331.15,404.43,1,1,1,1
102,2339,1432.13,321.9,187.21,253.51,1,1,1,0
102,2340,1282.57,391.52,69.6,80.41,1,1,1,0
103,2331,379.86,145.5,330.46,404.57,1,1,1,1
103,2339,1426.44,319.35,185.95,251.13,1,1,1,0
103,2340,1273.74,389.75,72.12,83.31,1,1,1,0
104,2331,387.58,154.4,329.5,402.96,1,1,1,1
104,2339,1419.46,317.66,185.5,249.5,1,1,1,0
104,2340,1265.1,393.08,67.44,77.99,1,1,1,0
105,2331,396.96,164.2,331.72,405.96,1,1,1,1
105,2339,1411.93,315.73,185.34,248.96,1,1,1,0
105,2340,1254.05,392.81,66.9,77.58,1,1,1,0
106,2331,401.92,172.59,335.1,409.02,1,1,1,1
106,2339,1399.73,314.12,184.45,247.62,1,1,1,0
106,2340,1239.6,394.42,65.07,75.72,1,1,1,0
107,2331,406.8,183.5,334.5,407.66,1,1,1,1
107,2339,1385.68,312.45,183.46,245.97,1,1,1,0
107,2340,1224.06,395.62,64.25,75.04,1,1,1,0
108,2331,411.51,192.6,334.22,406.37,1,1,1,1
108,2339,1370.71,312.38,181.25,243.01,1,1,1,0
108,2340,1207.13,395.81,64.44,75.21,1,1,1,0
109,2331,414.94,199.77,334.84,406.33,1,1,1,1
109,2339,1354.7,311.72,180.0,241.56,1,1,1,0
109,2340,1190.1,394.43,63.06,73.63,1,1,1,0
110,2331,420.33,209.06,334.83,404.69,1,1,1,1
110,2339,1338.09,311.44,179.52,241.49,1,1,1,0
110,2340,1174.46,393.89,65.62,76.35,1,1,1,0
111,2331,423.61,219.76,333.69,402.24,1,1,1,1
111,2339,1322.25,315.52,177.36,238.72,1,1,1,0
111,2340,1160.53,399.9,67.77,78.13,1,1,1,0
112,2331,427.79,228.87,332.31,399.19,1,1,1,1
112,2339,1301.22,320.45,175.87,237.74,1,1,1,0
113,2331,430.97,233.56,330.47,394.94,1,1,1,1
113,2339,1280.82,324.25,174.38,235.83,1,1,1,0
114,2331,433.66,236.08,331.69,395.15,1,1,1,1
114,2339,1260.19,326.21,173.87,235.58,1,1,1,0
115,2331,441.39,236.8,331.55,393.64,1,1,1,1
115,2339,1242.13,327.08,173.26,234.75,1,1,1,0
116,2331,451.57,236.55,331.62,392.2,1,1,1,1
116,2339,1225.56,327.14,171.58,232.48,1,1,1,0
117,2331,460.75,237.47,330.33,389.68,1,1,1,1
117,2339,1209.63,323.48,170.56,231.29,1,1,1,0
118,2331,473.77,235.03,330.45,388.16,1,1,1,1
118,2339,1194.31,318.85,169.82,230.1,1,1,1,0
119,2331,484.52,231.66,333.63,390.72,1,1,1,1
119,2339,1180.94,313.29,170.16,230.52,1,1,1,0
120,2331,496.31,225.71,336.47,393.5,1,1,1,1
120,2339,1167.65,308.31,169.36,229.62,1,1,1,0
120,2341,1011.5,400.9,61.07,72.8,1,1,1,0
121,2331,507.54,218.7,333.87,390.3,1,1,1,1
121,2339,1154.28,306.36,167.52,227.23,1,1,1,0
121,2341,1000.5,398.7,61.51,73.37,1,1,1,0
122,2331,518.54,211.78,332.44,388.69,1,1,1,1
122,2339,1138.02,304.26,166.57,225.98,1,1,1,0
122,2341,984.11,398.21,64.73,77.3,1,1,1,0
123,2331,526.42,202.67,335.04,391.0,1,1,1,1
123,2339,1120.66,302.12,166.01,225.56,1,1,1,0
123,2341,970.05,400.31,62.85,75.01,1,1,1,0
124,2331,532.86,197.68,336.28,391.89,1,1,1,1
124,2339,1103.44,302.47,165.27,224.95,1,1,1,0
124,2341,956.31,402.42,60.17,71.88,1,1,1,0
125,2331,540.89,193.46,333.35,388.25,1,1,1,1
125,2339,1084.08,301.64,166.07,226.58,1,1,1,0
126,2331,548.82,189.52,332.83,386.88,1,1,1,1
126,2339,1065.82,301.87,166.06,227.12,1,1,1,0
126,2342,1861.92,267.05,134.27,171.64,1,1,1,0
127,2331,552.98,186.93,332.89,386.39,1,1,1,1
127,2339,1045.78,301.8,165.76,227.35,1,1,1,0
127,2342,1839.83,267.44,139.13,178.31,1,1,1,0
128,2331,552.9,184.03,333.85,386.63,1,1,1,1
128,2339,1016.49,301.51,167.36,228.76,1,1,1,0
128,2342,1809.61,266.25,145.12,186.24,1,1,1,0
128,2343,0,305.56,35.58,242.88,1,1,1,0
129,2331,548.44,180.04,337.17,390.53,1,1,1,1
129,2339,987.37,300.74,167.26,228.42,1,1,1,0
129,2342,1781.44,269.06,147.42,188.81,1,1,1,0
129,2343,0,306.02,27.95,217.03,1,1,1,0
130,2331,545.4,176.83,339.13,392.21,1,1,1,1
130,2339,957.24,298.28,168.66,229.89,1,1,1,0
130,2342,1749.83,273.04,149.1,190.31,1,1,1,0
131,2331,541.08,175.11,342.63,396.23,1,1,1,1
131,2339,924.28,296.99,169.36,230.46,1,1,1,0
131,2342,1714.9,276.52,150.42,191.49,1,1,1,0
132,2331,535.08,176.33,349.99,405.86,1,1,1,1
132,2339,891.5,296.74,169.69,231.08,1,1,1,0
132,2342,1679.16,280.81,151.2,192.17,1,1,1,0
133,2331,533.91,182.77,350.38,407.9,1,1,1,1
133,2339,859.8,297.47,171.95,234.09,1,1,1,0
133,2342,1646.27,287.7,150.59,191.38,1,1,1,0
134,2331,534.79,192.25,350.76,409.22,1,1,1,1
134,2339,831.87,302.93,171.51,234.04,1,1,1,0
134,2342,1613.91,294.94,150.68,191.06,1,1,1,0
135,2331,533.0,204.51,353.37,413.32,1,1,1,1
135,2339,806.22,309.8,169.92,232.82,1,1,1,0
135,2342,1581.48,302.96,150.11,190.05,1,1,1,0
136,2331,533.94,218.33,354.33,417.09,1,1,1,1
136,2339,784.68,316.78,167.02,230.75,1,1,1,0
136,2342,1549.04,309.45,149.32,189.19,1,1,1,0
137,2331,535.69,231.54,359.44,427.44,1,1,1,1
137,2339,773.02,330.77,147.02,201.61,1,1,1,0
137,2342,1521.64,313.52,149.66,189.61,1,1,1,0
138,2331,547.22,241.67,358.36,429.64,1,1,1,1
138,2342,1497.57,314.88,150.79,190.92,1,1,1,0
139,2331,557.82,246.32,360.43,435.0,1,1,1,1
139,2342,1474.94,314.43,151.78,192.18,1,1,1,0
140,2331,576.9,253.06,349.03,419.64,1,1,1,1
140,2342,1452.22,311.93,153.97,194.99,1,1,1,0
141,2331,591.69,262.16,346.22,414.42,1,1,1,1
141,2342,1430.73,310.07,155.56,197.21,1,1,1,0
142,2331,596.46,265.07,363.25,434.74,1,1,1,1
142,2342,1411.08,309.66,157.33,199.58,1,1,1,0
143,2331,617.66,273.59,366.19,437.8,1,1,1,1
143,2342,1396.68,309.42,159.47,202.41,1,1,1,0
143,2339,575.46,351.2,143.21,196.58,1,1,1,0
144,2331,640.36,280.05,371.03,442.63,1,1,1,1
144,2342,1386.85,309.26,161.27,205.01,1,1,1,0
144,2339,554.07,343.59,162.66,222.08,1,1,1,0
145,2331,665.75,281.34,378.23,450.87,1,1,1,1
145,2342,1380.25,308.15,163.05,207.52,1,1,1,0
145,2339,536.9,343.4,178.36,240.84,1,1,1,0
146,2331,685.53,277.64,389.17,463.83,1,1,1,1
146,2342,1371.38,305.51,165.4,210.78,1,1,1,0
146,2339,514.21,343.86,189.43,254.34,1,1,1,0
147,2331,691.04,268.06,410.01,490.35,1,1,1,1
147,2342,1358.42,299.94,167.99,214.72,1,1,1,0
147,2339,486.5,342.87,201.97,268.8,1,1,1,0
148,2331,691.97,257.56,425.13,511.79,1,1,1,1
148,2342,1340.16,292.88,170.21,218.12,1,1,1,0
148,2339,453.04,341.3,211.04,278.96,1,1,1,0
149,2331,703.99,246.29,423.83,510.88,1,1,1,1
149,2342,1318.76,284.37,172.88,222.19,1,1,1,0
149,2339,417.55,340.64,216.4,284.36,1,1,1,0
150,2331,707.55,238.71,422.97,509.65,1,1,1,1
150,2342,1295.97,275.74,174.53,224.76,1,1,1,0
150,2339,381.57,339.59,221.55,289.74,1,1,1,0
151,2331,706.56,223.41,429.54,518.52,1,1,1,1
151,2342,1273.88,266.38,176.43,227.61,1,1,1,0
151,2339,343.93,338.58,227.52,296.09,1,1,1,0
152,2331,702.16,206.47,439.4,533.24,1,1,1,1
152,2342,1254.31,257.17,178.69,230.59,1,1,1,0
152,2339,309.7,338.76,232.69,300.89,1,1,1,0
153,2331,707.26,192.14,440.59,538.02,1,1,1,1
153,2342,1238.24,247.27,180.73,233.21,1,1,1,0
153,2339,279.14,338.43,238.43,307.2,1,1,1,0
154,2331,713.64,173.47,437.75,535.58,1,1,1,1
154,2342,1225.09,237.1,182.68,235.3,1,1,1,0
154,2339,253.48,337.9,243.12,312.18,1,1,1,0
155,2331,719.69,156.09,442.87,543.9,1,1,1,1
155,2342,1209.26,227.65,184.71,237.19,1,1,1,0
155,2339,228.55,335.75,247.55,317.02,1,1,1,0
156,2331,726.6,140.45,435.04,534.13,1,1,1,1
156,2342,1191.08,218.49,187.02,239.01,1,1,1,0
156,2339,200.64,333.36,252.25,322.59,1,1,1,0
157,2331,725.0,128.65,430.99,529.34,1,1,1,1
157,2342,1169.96,210.84,189.16,241.58,1,1,1,0
157,2339,166.23,333.01,255.46,326.31,1,1,1,0
158,2331,716.87,120.41,421.64,519.12,1,1,1,1
158,2342,1144.14,206.73,190.5,243.27,1,1,1,0
158,2339,129.91,334.25,258.68,329.69,1,1,1,0
159,2331,701.14,114.74,418.0,514.38,1,1,1,1
159,2342,1116.57,205.37,191.06,244.22,1,1,1,0
159,2339,94.04,334.74,262.99,334.31,1,1,1,0
160,2331,690.48,111.42,417.04,511.23,1,1,1,1
160,2342,1089.62,205.45,193.5,247.65,1,1,1,0
160,2339,63.64,336.69,265.61,336.5,1,1,1,0
161,2331,683.82,110.57,416.2,507.49,1,1,1,1
161,2342,1061.6,207.22,195.86,250.46,1,1,1,0
161,2339,34.58,337.65,266.78,337.34,1,1,1,0
162,2331,670.18,112.24,419.69,509.54,1,1,1,1
162,2342,1036.72,209.25,195.8,250.67,1,1,1,0
162,2339,7.42,337.23,269.41,339.05,1,1,1,0
163,2331,660.65,116.99,418.69,506.8,1,1,1,1
163,2342,1014.31,212.84,194.69,250.16,1,1,1,0
163,2339,0,337.06,253.58,339.15,1,1,1,0
164,2331,652.01,128.1,414.9,499.85,1,1,1,1
164,2342,991.29,214.94,194.75,251.27,1,1,1,0
164,2339,0,337.38,228.35,338.63,1,1,1,0
165,2331,651.63,138.49,415.12,496.01,1,1,1,1
165,2342,969.17,217.31,193.02,250.73,1,1,1,0
165,2339,0,338.29,208.07,337.49,1,1,1,0
166,2331,645.45,147.07,416.3,492.8,1,1,1,1
166,2342,945.55,221.27,193.49,253.63,1,1,1,0
166,2339,0,336.06,185.46,340.3,1,1,1,0
167,2331,640.34,153.03,420.96,494.14,1,1,1,1
167,2342,934.8,224.0,171.9,225.07,1,1,1,0
167,2339,0,334.62,166.81,341.85,1,1,1,0
168,2331,629.89,164.84,427.21,501.07,1,1,1,1
168,2342,922.29,227.05,157.02,204.87,1,1,1,0
168,2339,0,330.31,145.26,346.88,1,1,1,0
169,2331,623.69,172.92,432.75,507.17,1,1,1,1
169,2339,0,329.67,121.0,343.38,1,1,1,0
170,2331,629.74,181.65,429.4,503.34,1,1,1,1
170,2339,0,331.04,98.03,331.17,1,1,1,0
171,2331,633.5,187.37,427.93,501.34,1,1,1,1
171,2339,0,333.6,70.66,305.88,1,1,1,0
172,2331,633.8,189.69,434.58,511.06,1,1,1,1
172,2339,0,338.71,47.13,279.84,1,1,1,0
173,2331,634.13,190.66,435.96,514.88,1,1,1,1
173,2339,0,344.74,19.22,293.26,1,1,1,0
174,2331,639.78,193.96,429.52,508.88,1,1,1,1
175,2331,646.67,195.19,420.87,499.65,1,1,1,1
176,2331,651.05,195.02,419.72,499.86,1,1,1,1
177,2331,655.91,194.66,417.64,498.16,1,1,1,1
178,2331,663.67,194.33,411.39,492.45,1,1,1,1
179,2331,673.61,192.7,398.96,478.09,1,1,1,1
180,2331,683.76,192.0,395.91,474.78,1,1,1,1
181,2331,701.41,191.6,390.99,467.33,1,1,1,1
182,2331,710.68,191.59,395.69,471.72,1,1,1,1
183,2331,722.72,189.76,398.31,474.44,1,1,1,1
184,2331,722.37,184.54,401.52,475.25,1,1,1,1
185,2331,730.69,180.85,398.95,470.53,1,1,1,1
186,2331,734.78,175.46,402.85,474.43,1,1,1,1
187,2331,745.39,171.38,400.12,469.66,1,1,1,1
187,2342,627.12,230.13,204.97,277.8,1,1,1,0
188,2331,762.43,168.98,390.19,454.99,1,1,1,1
188,2342,613.9,226.74,207.76,281.52,1,1,1,0
189,2331,774.53,168.04,389.9,452.69,1,1,1,1
189,2342,599.77,223.03,211.02,285.57,1,1,1,0
190,2331,780.04,171.56,383.97,444.11,1,1,1,1
190,2342,582.6,216.8,215.23,290.79,1,1,1,0
191,2331,790.62,176.78,379.43,434.37,1,1,1,1
191,2342,559.34,210.1,216.99,292.84,1,1,1,0
192,2331,794.83,188.87,374.97,426.46,1,1,1,1
192,2342,534.66,204.87,221.54,298.33,1,1,1,0
193,2331,803.29,197.57,375.99,423.53,1,1,1,1
193,2342,508.07,201.32,224.79,302.02,1,1,1,0
194,2331,808.02,205.76,380.72,427.28,1,1,1,1
194,2342,478.06,198.88,227.65,304.76,1,1,1,0
195,2331,813.44,220.22,377.09,422.1,1,1,1,1
195,2342,445.4,197.35,229.47,306.03,1,1,1,0
196,2331,816.26,224.72,380.01,424.74,1,1,1,1
196,2342,409.15,193.83,234.27,311.28,1,1,1,0
197,2331,820.38,231.44,383.3,428.64,1,1,1,1
197,2342,370.04,188.86,236.82,313.34,1,1,1,0
198,2331,831.17,234.59,380.77,426.21,1,1,1,1
198,2342,330.4,180.55,240.51,316.57,1,1,1,0
199,2331,843.62,235.49,377.77,421.49,1,1,1,1
199,2342,289.67,171.79,244.35,320.25,1,1,1,0
200,2331,849.48,228.42,372.93,415.39,1,1,1,1
200,2342,248.98,161.2,248.25,323.61,1,1,1,0
200,2345,1837.03,290.31,96.29,122.1,1,1,1,0
201,2331,850.81,223.3,377.91,421.17,1,1,1,1
201,2342,206.95,153.79,251.12,325.56,1,1,1,0
201,2345,1815.2,289.3,99.39,125.51,1,1,1,0
202,2331,871.25,220.05,377.3,421.09,1,1,1,1
202,2342,168.0,147.41,254.21,327.76,1,1,1,0
202,2345,1787.19,288.83,104.66,131.63,1,1,1,0
203,2331,881.08,214.05,377.17,420.64,1,1,1,1
203,2342,130.7,140.34,257.63,330.16,1,1,1,0
203,2345,1764.95,286.52,107.24,134.22,1,1,1,0
204,2331,901.91,206.56,366.6,409.35,1,1,1,1
204,2342,94.78,132.04,264.62,336.98,1,1,1,0
204,2345,1746.38,282.86,109.3,136.1,1,1,1,0
205,2331,913.98,198.96,372.81,415.95,1,1,1,1
205,2342,59.43,121.8,270.1,342.23,1,1,1,0
205,2345,1730.42,277.65,108.67,134.55,1,1,1,0
206,2331,928.51,189.33,364.72,406.59,1,1,1,1
206,2342,22.17,113.77,273.1,344.13,1,1,1,0
206,2345,1713.89,270.02,108.43,133.41,1,1,1,0
207,2331,936.55,177.17,357.71,398.36,1,1,1,1
207,2342,0,103.25,262.97,349.45,1,1,1,0
207,2345,1696.93,262.73,107.15,130.75,1,1,1,0
208,2331,935.63,166.99,358.07,398.14,1,1,1,1
208,2342,0,97.3,236.92,357.25,1,1,1,0
208,2345,1676.78,257.13,109.88,133.19,1,1,1,0
209,2331,934.17,159.96,354.63,392.95,1,1,1,1
209,2342,0,94.96,207.93,353.38,1,1,1,0
209,2345,1657.26,255.91,107.37,129.12,1,1,1,0
210,2331,932.39,154.18,351.11,388.0,1,1,1,1
210,2342,0,96.15,180.62,356.63,1,1,1,0
210,2345,1636.17,258.95,109.6,130.77,1,1,1,0
211,2331,930.48,151.41,344.12,379.43,1,1,1,1
211,2342,0,99.07,151.14,359.63,1,1,1,0
211,2345,1616.41,264.67,109.97,130.05,1,1,1,0
212,2331,929.07,151.19,338.0,372.14,1,1,1,1
212,2342,0,106.1,117.31,351.2,1,1,1,0
212,2345,1598.46,272.08,106.96,125.03,1,1,1,0
213,2331,916.33,151.79,346.47,381.89,1,1,1,1
213,2342,0,109.05,71.87,356.98,1,1,1,0
213,2345,1576.91,278.23,107.99,125.15,1,1,1,0
214,2331,908.91,152.11,343.44,377.16,1,1,1,1
214,2342,0,132.04,37.83,345.15,1,1,1,0
214,2345,1557.95,285.01,104.41,119.47,1,1,1,0
215,2331,904.26,158.52,337.34,369.55,1,1,1,1
215,2345,1535.3,295.12,106.7,121.23,1,1,1,0
215,2346,1787.64,70.15,215.32,271.39,1,1,1,0
216,2331,892.99,170.54,337.51,369.06,1,1,1,1
216,2345,1513.72,312.06,106.46,120.17,1,1,1,0
216,2346,1769.76,75.6,230.32,290.2,1,1,1,0
217,2331,884.8,192.59,332.87,362.26,1,1,1,1
217,2345,1488.97,329.82,109.14,122.62,1,1,1,0
217,2346,1752.1,79.17,247.51,311.17,1,1,1,0
218,2331,870.18,215.38,333.39,360.67,1,1,1,1
218,2345,1462.32,346.8,112.88,126.73,1,1,1,0
218,2346,1729.83,84.97,274.3,343.86,1,1,1,0
219,2331,859.15,237.46,330.61,355.68,1,1,1,1
219,2345,1437.1,360.51,114.34,128.29,1,1,1,0
219,2346,1707.92,95.76,276.56,344.93,1,1,1,0
220,2331,849.58,258.09,326.32,349.22,1,1,1,1
220,2345,1411.92,369.25,114.33,128.08,1,1,1,0
220,2346,1684.11,108.45,280.97,349.4,1,1,1,0
221,2331,839.81,278.29,323.05,344.44,1,1,1,1
221,2345,1387.51,374.85,113.87,127.59,1,1,1,0
221,2346,1662.32,117.02,286.6,353.65,1,1,1,0
222,2331,825.33,293.07,323.04,343.64,1,1,1,1
222,2345,1361.6,378.26,113.68,127.39,1,1,1,0
222,2346,1647.84,125.99,274.99,334.77,1,1,1,0
223,2331,810.72,308.92,321.14,340.77,1,1,1,1
223,2345,1336.7,381.84,113.67,127.71,1,1,1,0
223,2346,1630.93,133.28,266.97,319.12,1,1,1,0
224,2331,793.81,322.85,314.99,333.4,1,1,1,1
224,2345,1305.95,385.52,113.5,127.82,1,1,1,0
224,2346,1606.53,139.93,265.63,311.77,1,1,1,0
225,2331,776.68,337.67,310.81,328.78,1,1,1,1
225,2345,1276.1,391.03,111.85,126.26,1,1,1,0
225,2346,1575.3,150.01,267.03,309.34,1,1,1,0
226,2331,756.62,349.54,310.06,328.05,1,1,1,1
226,2345,1249.06,398.44,111.08,125.66,1,1,1,0
226,2346,1545.81,161.59,269.25,308.29,1,1,1,0
227,2331,738.25,361.34,306.0,323.7,1,1,1,1
227,2345,1220.96,402.97,111.4,126.64,1,1,1,0
227,2346,1519.5,173.46,271.6,307.82,1,1,1,0
228,2331,723.7,367.44,301.55,318.39,1,1,1,1
228,2345,1196.09,405.64,110.5,125.81,1,1,1,0
228,2346,1498.82,179.67,271.66,304.26,1,1,1,0
229,2331,708.96,368.4,298.68,315.37,1,1,1,1
229,2345,1170.29,405.6,109.84,125.5,1,1,1,0
229,2346,1473.0,182.03,277.33,307.69,1,1,1,0
230,2331,693.95,364.69,296.02,311.98,1,1,1,1
230,2345,1145.52,401.57,108.51,124.58,1,1,1,0
230,2346,1452.71,181.84,283.07,310.94,1,1,1,0
231,2331,681.62,359.29,294.35,310.08,1,1,1,1
231,2345,1120.82,393.85,108.39,125.04,1,1,1,0
231,2346,1430.62,178.41,280.63,307.05,1,1,1,0
232,2331,669.96,350.94,289.68,304.27,1,1,1,1
232,2345,1097.16,386.25,106.29,122.83,1,1,1,0
232,2346,1409.91,174.99,277.29,301.5,1,1,1,0
233,2331,659.14,341.47,286.76,300.24,1,1,1,1
233,2345,1072.37,376.81,106.49,123.6,1,1,1,0
233,2346,1388.57,171.97,280.82,302.9,1,1,1,0
234,2331,648.66,328.9,287.64,300.53,1,1,1,1
234,2345,1049.65,368.69,105.72,123.1,1,1,1,0
234,2346,1372.82,170.52,283.22,302.42,1,1,1,0
235,2331,640.09,317.35,283.89,295.94,1,1,1,1
235,2345,1025.84,362.21,105.97,123.72,1,1,1,0
235,2346,1357.71,170.23,284.93,300.24,1,1,1,0
236,2331,632.37,303.88,284.62,296.4,1,1,1,1
236,2345,1002.44,356.42,106.51,124.75,1,1,1,0
236,2346,1345.68,172.31,287.07,298.51,1,1,1,0
237,2331,624.32,291.32,282.54,293.06,1,1,1,1
237,2345,979.42,351.5,106.7,125.54,1,1,1,0
237,2346,1331.86,176.49,292.0,300.17,1,1,1,0
238,2331,623.18,276.83,283.91,293.56,1,1,1,1
238,2345,962.69,346.93,107.16,127.04,1,1,1,0
238,2346,1325.24,181.55,296.43,301.21,1,1,1,0
239,2331,624.24,265.37,283.89,292.64,1,1,1,1
239,2345,947.33,342.7,107.3,127.99,1,1,1,0
239,2346,1320.56,185.35,300.6,303.19,1,1,1,0
240,2331,621.64,257.66,285.09,294.01,1,1,1,1
240,2345,931.57,340.78,107.56,129.14,1,1,1,0
240,2346,1319.36,191.24,300.62,300.16,1,1,1,0
241,2331,620.2,253.58,287.12,295.8,1,1,1,1
241,2345,912.8,339.75,107.96,130.35,1,1,1,0
241,2346,1314.55,200.34,304.18,300.8,1,1,1,0
241,2347,1159.32,398.79,93.27,113.91,1,1,1,0
242,2331,618.82,253.65,279.0,286.97,1,1,1,1
242,2345,892.28,340.44,108.0,130.8,1,1,1,0
242,2346,1306.7,210.1,304.19,298.75,1,1,1,0
242,2347,1141.45,400.57,92.54,112.97,1,1,1,0
243,2331,618.24,259.01,276.79,284.51,1,1,1,1
243,2345,876.65,345.14,106.25,129.37,1,1,1,0
243,2346,1300.6,218.82,303.44,295.58,1,1,1,0
243,2347,1125.44,403.75,92.75,113.14,1,1,1,0
244,2331,621.57,265.55,279.86,288.11,1,1,1,1
244,2345,868.57,347.81,105.26,129.6,1,1,1,0
244,2346,1297.64,224.2,310.23,300.71,1,1,1,0
244,2347,1114.63,406.49,92.94,113.21,1,1,1,0
245,2331,632.97,271.27,277.01,286.32,1,1,1,1
245,2345,853.71,337.93,114.08,142.39,1,1,1,0
245,2346,1298.98,227.14,310.08,299.16,1,1,1,0
245,2347,1109.31,407.95,93.41,113.69,1,1,1,0
246,2331,649.98,280.74,271.0,280.11,1,1,1,1
246,2345,846.25,334.11,117.62,148.24,1,1,1,0
246,2346,1305.65,228.44,309.71,297.37,1,1,1,0
246,2347,1106.88,408.98,94.98,115.55,1,1,1,0
247,2331,673.59,288.8,266.1,272.61,1,1,1,1
247,2346,1313.64,228.14,308.84,295.5,1,1,1,0
247,2347,1107.38,409.69,95.26,115.79,1,1,1,0
248,2331,684.65,298.28,272.73,280.47,1,1,1,1
248,2346,1320.33,225.06,308.05,294.42,1,1,1,0
248,2347,1108.75,410.48,95.4,115.86,1,1,1,0
249,2331,700.38,306.46,271.48,280.19,1,1,1,1
249,2346,1327.76,219.76,306.29,292.43,1,1,1,0
249,2347,1110.75,410.7,95.48,115.87,1,1,1,0
250,2331,717.95,315.9,269.21,278.95,1,1,1,1
250,2346,1330.43,213.94,309.36,296.41,1,1,1,0
250,2347,1111.04,411.94,96.83,117.48,1,1,1,0
251,2331,734.99,328.15,268.75,279.34,1,1,1,1
251,2346,1334.93,211.42,306.85,295.23,1,1,1,0
251,2347,1110.73,417.17,96.07,116.46,1,1,1,0
252,2331,758.48,349.97,265.09,277.74,1,1,1,1
252,2346,1339.61,215.19,298.51,288.8,1,1,1,0
252,2347,1104.52,429.96,96.2,116.46,1,1,1,0
