1,1568,1701.96,504.14,36.16,40.98,1,1,1,0
1,1569,1604.33,423.68,43.39,47.01,1,1,1,0
1,1570,721.41,111.04,373.66,498.26,1,1,1,1
1,1571,1225.85,465.87,21.7,28.33,1,1,1,0
1,1572,1183.06,486.66,21.7,26.52,1,1,1,0
1,1573,1842.99,453.52,14.46,16.27,1,1,1,0
2,1568,1698.38,502.05,37.06,42.03,1,1,1,0
2,1569,1601.19,424.99,43.39,47.01,1,1,1,0
2,1570,719.23,109.61,378.02,504.15,1,1,1,1
2,1571,1225.85,465.87,21.7,28.33,1,1,1,0
2,1572,1183.06,486.66,21.7,26.52,1,1,1,0
2,1573,1842.99,453.78,14.46,16.27,1,1,1,0
3,1568,1696.31,500.99,36.4,41.28,1,1,1,0
3,1569,1598.46,425.92,42.14,45.6,1,1,1,0
3,1570,718.14,105.03,378.32,504.57,1,1,1,1
3,1571,1225.85,466.11,21.7,28.33,1,1,1,0
3,1572,1183.34,486.66,22.07,26.99,1,1,1,0
3,1573,1842.99,453.82,14.46,16.27,1,1,1,0
4,1568,1694.79,500.0,36.17,41.01,1,1,1,0
4,1569,1595.05,427.58,41.38,44.69,1,1,1,0
4,1570,715.81,101.66,386.98,516.64,1,1,1,1
4,1571,1225.61,466.18,21.72,28.33,1,1,1,0
4,1572,1183.44,486.66,22.17,27.14,1,1,1,0
4,1573,1844.11,453.83,14.08,15.81,1,1,1,0
5,1568,1691.53,499.51,36.48,41.39,1,1,1,0
5,1569,1590.7,429.64,40.75,44.0,1,1,1,0
5,1570,718.86,101.66,382.19,510.29,1,1,1,1
5,1571,1225.52,466.2,21.75,28.33,1,1,1,0
5,1572,1184.08,486.88,21.84,26.73,1,1,1,0
5,1573,1844.45,454.06,13.97,15.67,1,1,1,0
6,1568,1689.15,500.03,35.86,40.66,1,1,1,0
6,1569,1585.21,431.57,40.21,43.37,1,1,1,0
6,1570,714.93,101.92,388.74,519.77,1,1,1,1
6,1571,1225.65,466.2,21.87,28.33,1,1,1,0
6,1572,1183.86,487.18,21.72,26.58,1,1,1,0
6,1573,1844.54,454.34,13.96,15.63,1,1,1,0
7,1568,1685.86,501.31,35.67,40.4,1,1,1,0
7,1569,1578.02,432.38,42.42,45.76,1,1,1,0
7,1570,707.86,104.69,396.55,531.63,1,1,1,1
7,1571,1226.04,466.62,21.67,27.9,1,1,1,0
7,1572,1184.2,487.27,21.68,26.53,1,1,1,0
7,1573,1844.54,454.44,13.98,15.62,1,1,1,0
8,1568,1682.95,502.83,35.97,40.74,1,1,1,0
8,1569,1572.55,432.62,42.84,46.19,1,1,1,0
8,1570,707.29,108.82,395.36,531.08,1,1,1,1
8,1571,1225.75,467.18,21.6,27.75,1,1,1,0
8,1572,1183.74,487.51,21.98,26.93,1,1,1,0
8,1573,1844.35,454.47,14.35,16.04,1,1,1,0
9,1568,1679.37,505.01,36.41,41.28,1,1,1,0
9,1569,1566.28,432.44,43.69,47.16,1,1,1,0
9,1570,709.36,113.65,391.21,525.72,1,1,1,1
9,1571,1226.15,467.59,21.41,27.29,1,1,1,0
9,1572,1183.57,487.8,22.06,27.07,1,1,1,0
9,1573,1844.27,454.67,14.48,16.19,1,1,1,0
10,1568,1676.86,507.23,35.91,40.67,1,1,1,0
10,1569,1561.59,432.33,42.64,45.91,1,1,1,0
10,1570,718.47,121.94,379.56,508.08,1,1,1,1
10,1571,1226.02,467.93,21.06,26.71,1,1,1,0
10,1572,1183.52,488.1,22.08,27.13,1,1,1,0
10,1573,1844.24,454.95,14.53,16.25,1,1,1,0
11,1568,1672.62,509.05,36.07,40.85,1,1,1,0
11,1569,1556.93,430.81,43.64,47.06,1,1,1,0
11,1570,725.06,127.55,378.71,504.95,1,1,1,1
11,1571,1225.93,468.25,21.01,26.51,1,1,1,0
11,1572,1183.51,488.2,22.06,27.14,1,1,1,0
11,1573,1844.22,455.05,14.54,16.27,1,1,1,0
12,1568,1668.99,509.69,35.62,40.52,1,1,1,0
12,1569,1552.09,428.44,44.16,47.47,1,1,1,0
12,1570,733.89,131.74,385.79,512.96,1,1,1,1
12,1571,1224.77,467.95,21.63,27.26,1,1,1,0
12,1572,1183.37,488.04,22.33,27.55,1,1,1,0
12,1573,1844.21,455.08,14.54,16.28,1,1,1,0
13,1568,1664.26,508.68,35.99,41.2,1,1,1,0
13,1569,1548.01,426.33,44.42,47.62,1,1,1,0
13,1570,747.34,137.91,388.78,515.22,1,1,1,1
13,1571,1225.35,468.03,22.26,27.94,1,1,1,0
13,1572,1183.33,487.97,22.38,27.7,1,1,1,0
13,1573,1844.21,455.08,14.54,16.28,1,1,1,0
14,1568,1660.28,507.48,36.0,41.46,1,1,1,0
14,1569,1544.71,424.92,45.24,48.47,1,1,1,0
14,1570,759.11,143.93,388.31,511.44,1,1,1,1
14,1571,1225.2,468.05,22.44,28.2,1,1,1,0
14,1572,1183.34,487.94,22.37,27.75,1,1,1,0
14,1573,1844.21,455.08,14.53,16.28,1,1,1,0
15,1569,1541.23,424.01,45.55,48.78,1,1,1,0
15,1570,773.64,143.25,390.9,510.78,1,1,1,1
15,1571,1225.65,468.26,21.89,27.5,1,1,1,0
15,1572,1183.5,488.12,22.04,27.37,1,1,1,0
15,1573,1844.2,455.27,14.52,16.28,1,1,1,0
16,1569,1543.27,427.83,42.46,45.72,1,1,1,0
16,1570,788.71,145.47,397.03,513.53,1,1,1,1
16,1571,1225.66,467.92,22.41,28.04,1,1,1,0
16,1572,1184.11,488.59,21.63,26.82,1,1,1,0
16,1573,1844.36,455.34,14.21,15.88,1,1,1,0
17,1569,1539.77,426.69,43.87,47.37,1,1,1,0
17,1570,801.18,148.39,401.16,514.75,1,1,1,1
17,1571,1225.28,468.19,22.97,28.63,1,1,1,0
17,1572,1184.41,491.78,19.7,24.19,1,1,1,0
17,1573,1844.24,455.57,14.43,16.13,1,1,1,0
18,1569,1536.11,429.05,42.95,45.98,1,1,1,0
18,1570,811.33,154.57,403.59,513.2,1,1,1,1
18,1571,1225.79,468.69,23.07,28.86,1,1,1,0
18,1573,1844.2,455.65,14.5,16.22,1,1,1,0
19,1569,1532.07,430.98,43.41,46.24,1,1,1,0
19,1570,821.76,158.58,408.59,515.19,1,1,1,1
19,1571,1227.44,472.43,20.57,25.38,1,1,1,0
19,1573,1844.19,455.67,14.53,16.26,1,1,1,0
19,1568,1639.64,508.19,36.24,42.13,1,1,1,0
20,1569,1529.03,432.68,43.71,46.34,1,1,1,0
20,1570,833.65,161.16,413.01,517.91,1,1,1,1
20,1573,1844.18,455.87,14.53,16.27,1,1,1,0
20,1568,1635.19,509.84,35.7,41.77,1,1,1,0
21,1569,1525.37,434.1,44.36,47.17,1,1,1,0
21,1570,843.58,166.98,413.03,515.15,1,1,1,1
21,1573,1844.18,455.95,14.53,16.28,1,1,1,0
21,1568,1630.54,511.21,35.4,41.65,1,1,1,0
22,1569,1521.18,435.01,45.71,48.68,1,1,1,0
22,1570,849.68,169.25,415.94,515.06,1,1,1,1
22,1573,1843.39,455.77,14.52,16.28,1,1,1,0
22,1568,1625.8,512.09,35.19,41.61,1,1,1,0
23,1569,1519.25,435.72,45.56,48.46,1,1,1,0
23,1570,853.37,170.47,420.69,518.51,1,1,1,1
23,1573,1843.09,455.9,14.52,16.28,1,1,1,0
23,1568,1620.75,512.61,35.56,41.99,1,1,1,0
24,1569,1516.59,434.98,46.47,49.55,1,1,1,0
24,1570,862.94,166.34,419.34,514.33,1,1,1,1
24,1573,1843.77,455.75,14.51,16.28,1,1,1,0
24,1568,1615.52,512.58,36.3,42.93,1,1,1,0
25,1569,1514.47,433.89,46.12,49.17,1,1,1,0
25,1570,870.3,165.44,420.6,513.51,1,1,1,1
25,1573,1844.04,455.69,14.51,16.28,1,1,1,0
25,1568,1611.18,512.16,36.82,43.67,1,1,1,0
26,1569,1512.05,433.05,44.7,47.42,1,1,1,0
26,1570,880.44,167.41,413.59,502.03,1,1,1,1
26,1573,1844.14,455.86,14.5,16.28,1,1,1,0
26,1568,1606.69,511.78,36.69,43.56,1,1,1,0
27,1569,1507.2,431.1,45.88,48.76,1,1,1,0
27,1570,884.66,168.67,409.36,494.68,1,1,1,1
27,1573,1844.18,455.92,14.5,16.28,1,1,1,0
27,1568,1602.49,510.04,37.17,44.3,1,1,1,0
28,1569,1503.51,430.19,45.55,48.06,1,1,1,0
28,1570,884.88,170.16,411.43,495.72,1,1,1,1
28,1573,1844.34,456.34,14.19,15.88,1,1,1,0
28,1568,1598.72,509.17,37.28,44.58,1,1,1,0
29,1569,1498.97,428.84,45.58,47.78,1,1,1,0
29,1570,884.93,170.95,412.92,495.47,1,1,1,1
29,1573,1844.24,456.5,14.41,16.13,1,1,1,0
29,1568,1594.3,509.03,37.25,44.67,1,1,1,0
30,1569,1494.24,429.14,45.52,47.68,1,1,1,0
30,1570,885.84,173.37,411.94,492.44,1,1,1,1
30,1573,1844.35,456.95,14.18,15.82,1,1,1,0
30,1568,1590.44,509.77,37.17,44.7,1,1,1,0
31,1569,1489.44,428.86,45.42,47.24,1,1,1,0
31,1570,883.26,171.61,414.48,494.36,1,1,1,1
31,1573,1843.42,456.92,14.43,16.11,1,1,1,0
31,1568,1586.63,511.24,37.36,45.1,1,1,1,0
32,1569,1484.44,429.76,45.64,47.47,1,1,1,0
32,1570,881.95,175.58,410.55,488.45,1,1,1,1
32,1573,1843.09,457.1,14.51,16.22,1,1,1,0
32,1568,1583.65,512.39,37.64,45.64,1,1,1,0
33,1569,1479.24,431.1,46.29,47.96,1,1,1,0
33,1570,875.17,172.8,411.58,489.28,1,1,1,1
33,1573,1842.17,457.36,14.54,16.26,1,1,1,0
33,1568,1580.34,514.2,37.64,45.83,1,1,1,0
34,1569,1473.35,432.8,46.72,48.54,1,1,1,0
34,1570,863.87,168.02,414.46,493.35,1,1,1,1
34,1573,1842.05,457.26,15.68,17.46,1,1,1,0
34,1568,1576.63,515.67,38.11,46.69,1,1,1,0
35,1569,1467.37,435.02,48.36,50.34,1,1,1,0
35,1570,857.43,171.56,409.01,487.55,1,1,1,1
35,1573,1842.4,457.8,15.32,17.14,1,1,1,0
35,1568,1573.18,517.0,37.88,46.61,1,1,1,0
36,1569,1461.5,436.83,48.59,50.63,1,1,1,0
36,1570,844.86,173.38,411.86,492.11,1,1,1,1
36,1573,1842.57,458.01,15.14,17.0,1,1,1,0
36,1568,1569.69,517.88,37.7,46.57,1,1,1,0
37,1569,1455.98,437.51,49.2,51.12,1,1,1,0
37,1570,835.41,166.57,412.52,494.53,1,1,1,1
37,1573,1842.65,458.08,15.04,16.94,1,1,1,0
37,1568,1566.45,518.39,37.0,45.75,1,1,1,0
37,1571,1224.49,474.96,22.67,27.7,1,1,1,0
38,1569,1449.55,438.54,48.94,50.9,1,1,1,0
38,1570,827.75,161.58,411.09,495.48,1,1,1,1
38,1573,1842.7,458.3,14.97,16.92,1,1,1,0
38,1568,1562.06,517.36,36.97,45.83,1,1,1,0
38,1571,1223.6,473.36,23.94,29.37,1,1,1,0
39,1569,1443.49,438.91,48.48,50.41,1,1,1,0
39,1570,820.02,156.5,408.43,494.66,1,1,1,1
39,1573,1842.89,458.58,14.61,16.51,1,1,1,0
39,1568,1557.25,515.36,37.19,46.25,1,1,1,0
39,1571,1223.67,473.19,24.01,29.57,1,1,1,0
39,1572,1182.69,492.13,21.24,25.9,1,1,1,0
40,1569,1438.04,438.62,48.63,50.61,1,1,1,0
40,1570,812.5,153.81,402.49,489.17,1,1,1,1
40,1573,1842.96,458.88,14.48,16.35,1,1,1,0
40,1568,1552.18,513.8,37.71,46.8,1,1,1,0
40,1571,1223.72,473.32,24.0,29.64,1,1,1,0
40,1572,1182.26,491.7,22.06,27.16,1,1,1,0
41,1569,1432.5,436.11,49.64,51.87,1,1,1,0
41,1570,800.93,148.63,400.4,488.52,1,1,1,1
41,1573,1842.99,459.18,14.43,16.29,1,1,1,0
41,1568,1548.8,513.0,37.94,47.01,1,1,1,0
41,1571,1223.76,473.37,23.95,29.65,1,1,1,0
41,1572,1182.26,491.55,22.04,27.2,1,1,1,0
42,1569,1428.26,434.37,49.9,52.34,1,1,1,0
42,1570,790.45,146.05,397.86,486.61,1,1,1,1
42,1573,1843.0,459.49,14.42,16.27,1,1,1,0
42,1568,1545.14,513.49,38.33,47.47,1,1,1,0
42,1571,1223.67,473.39,24.16,30.04,1,1,1,0
42,1572,1182.28,491.69,22.01,27.21,1,1,1,0
43,1569,1424.99,432.9,48.93,51.33,1,1,1,0
43,1570,778.76,135.15,401.63,493.51,1,1,1,1
43,1573,1843.0,459.8,14.42,16.26,1,1,1,0
43,1568,1541.38,514.67,38.75,48.04,1,1,1,0
43,1571,1223.66,473.4,24.19,30.19,1,1,1,0
43,1572,1182.57,491.74,22.22,27.6,1,1,1,0
44,1569,1421.58,431.34,48.54,50.92,1,1,1,0
44,1570,768.46,131.24,402.58,497.21,1,1,1,1
44,1573,1843.0,459.9,14.42,16.26,1,1,1,0
44,1568,1537.87,516.89,38.62,47.85,1,1,1,0
44,1571,1223.03,473.6,23.89,29.84,1,1,1,0
44,1572,1182.83,492.16,22.0,27.35,1,1,1,0
45,1569,1419.68,430.16,48.38,50.76,1,1,1,0
45,1570,760.78,130.45,402.22,498.81,1,1,1,1
45,1573,1843.0,460.13,14.42,16.26,1,1,1,0
45,1568,1534.3,518.33,38.56,47.77,1,1,1,0
45,1571,1222.8,473.68,23.76,29.69,1,1,1,0
45,1572,1182.54,492.12,21.9,27.25,1,1,1,0
46,1569,1416.58,429.73,48.65,51.1,1,1,1,0
46,1570,757.28,133.44,398.22,495.44,1,1,1,1
46,1573,1843.0,460.41,14.43,16.26,1,1,1,0
46,1568,1530.85,520.65,38.27,47.33,1,1,1,0
46,1571,1222.72,473.71,23.7,29.63,1,1,1,0
46,1572,1182.7,492.11,22.12,27.6,1,1,1,0
47,1569,1413.4,430.37,49.91,52.41,1,1,1,0
47,1570,753.74,133.58,395.29,493.24,1,1,1,1
47,1573,1843.0,460.51,14.43,16.26,1,1,1,0
47,1568,1526.35,522.51,38.46,47.56,1,1,1,0
47,1571,1222.57,473.72,23.93,30.0,1,1,1,0
47,1572,1182.39,492.1,22.16,27.73,1,1,1,0
48,1569,1411.22,431.81,49.43,51.72,1,1,1,0
48,1570,751.24,128.83,395.44,495.31,1,1,1,1
48,1573,1842.35,460.94,14.13,15.87,1,1,1,0
48,1568,1523.23,524.37,38.49,47.24,1,1,1,0
48,1571,1222.44,474.11,23.78,29.74,1,1,1,0
48,1572,1182.28,492.29,22.15,27.77,1,1,1,0
49,1569,1409.06,433.58,49.09,51.44,1,1,1,0
49,1570,748.98,123.63,397.8,500.76,1,1,1,1
49,1573,1842.09,461.09,14.05,15.72,1,1,1,0
49,1568,1516.27,527.24,39.2,47.91,1,1,1,0
49,1571,1223.41,474.07,23.69,29.64,1,1,1,0
49,1572,1182.65,492.37,22.11,27.78,1,1,1,0
50,1569,1406.98,436.03,48.6,50.94,1,1,1,0
50,1570,749.95,119.27,393.86,496.96,1,1,1,1
50,1573,1841.99,461.34,14.04,15.66,1,1,1,0
50,1568,1513.36,529.08,37.15,45.39,1,1,1,0
51,1569,1404.09,438.36,49.71,52.34,1,1,1,0
51,1570,746.99,118.31,397.11,502.87,1,1,1,1
51,1573,1842.74,461.62,14.07,15.65,1,1,1,0
51,1568,1509.47,527.49,37.5,46.03,1,1,1,0
51,1571,1222.64,474.29,23.69,29.57,1,1,1,0
51,1572,1182.37,492.88,22.05,27.76,1,1,1,0
52,1569,1399.89,440.0,51.83,54.83,1,1,1,0
52,1570,751.74,119.81,392.47,500.11,1,1,1,1
52,1573,1842.22,461.72,14.1,15.64,1,1,1,0
52,1568,1504.49,525.1,38.6,47.46,1,1,1,0
52,1571,1222.46,474.54,23.71,29.54,1,1,1,0
52,1572,1182.2,493.0,22.26,28.14,1,1,1,0
53,1569,1396.73,440.99,52.82,56.16,1,1,1,0
53,1570,743.57,117.31,391.11,499.03,1,1,1,1
53,1573,1842.01,461.75,14.13,15.64,1,1,1,0
53,1568,1500.52,523.0,38.7,47.6,1,1,1,0
53,1571,1223.19,474.82,23.74,29.53,1,1,1,0
53,1572,1182.16,493.24,22.29,28.27,1,1,1,0
54,1569,1395.2,440.97,52.49,56.27,1,1,1,0
54,1570,735.55,115.44,388.05,495.22,1,1,1,1
54,1573,1842.73,461.75,14.16,15.64,1,1,1,0
54,1568,1497.45,521.57,39.0,48.04,1,1,1,0
54,1571,1223.45,474.93,23.78,29.52,1,1,1,0
54,1572,1182.16,493.32,22.26,28.32,1,1,1,0
55,1569,1393.34,440.53,52.04,55.9,1,1,1,0
55,1570,725.94,110.63,388.44,495.97,1,1,1,1
55,1573,1842.19,461.74,14.19,15.65,1,1,1,0
55,1568,1494.22,521.22,38.81,47.81,1,1,1,0
55,1571,1222.75,474.96,23.81,29.52,1,1,1,0
55,1572,1182.58,493.35,22.22,28.34,1,1,1,0
56,1569,1390.56,439.35,51.48,55.34,1,1,1,0
56,1570,718.47,107.61,387.9,495.57,1,1,1,1
56,1573,1841.98,461.93,14.22,15.65,1,1,1,0
56,1568,1491.3,522.08,39.23,48.12,1,1,1,0
56,1571,1223.27,474.97,23.84,29.52,1,1,1,0
56,1572,1182.75,493.36,22.17,28.34,1,1,1,0
57,1569,1388.02,436.89,51.32,55.51,1,1,1,0
57,1570,708.77,102.87,389.95,499.1,1,1,1,1
57,1573,1842.7,462.0,14.24,15.65,1,1,1,0
57,1568,1488.57,523.79,39.75,48.62,1,1,1,0
57,1571,1223.59,475.37,23.59,29.13,1,1,1,0
57,1572,1182.83,493.35,22.13,28.34,1,1,1,0
58,1569,1383.49,434.57,52.25,56.76,1,1,1,0
58,1570,699.96,101.68,391.9,503.11,1,1,1,1
58,1573,1842.96,462.02,14.26,15.65,1,1,1,0
58,1568,1486.19,526.61,39.73,48.41,1,1,1,0
58,1571,1223.93,475.51,23.48,28.98,1,1,1,0
58,1572,1183.01,493.55,21.82,27.94,1,1,1,0
59,1569,1379.54,432.91,52.56,57.61,1,1,1,0
59,1570,692.24,97.95,391.55,503.43,1,1,1,1
59,1573,1843.05,462.02,14.28,15.66,1,1,1,0
59,1568,1484.6,528.87,39.8,48.33,1,1,1,0
59,1571,1223.68,475.36,23.78,29.32,1,1,1,0
59,1572,1183.2,493.62,21.44,27.39,1,1,1,0
60,1569,1375.75,431.69,52.72,58.32,1,1,1,0
60,1570,683.3,95.84,391.99,504.72,1,1,1,1
60,1573,1843.08,461.82,14.3,15.66,1,1,1,0
60,1568,1483.02,530.09,40.45,49.09,1,1,1,0
60,1571,1223.58,475.5,23.9,29.45,1,1,1,0
60,1572,1183.26,493.64,21.32,27.19,1,1,1,0
61,1569,1371.56,431.23,52.2,58.18,1,1,1,0
61,1570,677.52,95.74,389.49,502.0,1,1,1,1
61,1573,1843.09,461.74,14.32,15.66,1,1,1,0
61,1568,1480.81,530.73,40.98,49.76,1,1,1,0
61,1571,1223.77,475.55,23.9,29.5,1,1,1,0
61,1572,1183.67,493.44,21.31,27.11,1,1,1,0
62,1569,1367.81,431.67,51.78,58.11,1,1,1,0
62,1570,671.78,96.4,389.01,502.14,1,1,1,1
62,1573,1843.08,461.7,14.33,15.66,1,1,1,0
62,1568,1478.78,530.95,40.61,49.22,1,1,1,0
62,1571,1223.98,475.76,23.6,29.13,1,1,1,0
62,1572,1183.94,493.76,21.06,26.69,1,1,1,0
63,1569,1363.6,432.44,51.12,57.67,1,1,1,0
63,1570,667.07,98.13,388.06,500.98,1,1,1,1
63,1573,1842.92,461.49,14.66,16.06,1,1,1,0
63,1568,1477.04,530.2,41.06,49.8,1,1,1,0
63,1571,1224.06,476.04,23.49,28.98,1,1,1,0
63,1572,1184.08,493.68,20.89,26.53,1,1,1,0
64,1569,1359.67,433.94,51.02,57.89,1,1,1,0
64,1570,658.63,98.06,391.96,507.71,1,1,1,1
64,1573,1842.87,461.6,14.76,16.21,1,1,1,0
64,1568,1474.25,529.11,40.93,49.62,1,1,1,0
64,1571,1224.09,475.93,23.45,28.93,1,1,1,0
64,1572,1184.13,493.85,20.81,26.48,1,1,1,0
65,1569,1354.13,435.7,51.42,58.75,1,1,1,0
65,1570,648.52,93.62,397.44,516.66,1,1,1,1
65,1573,1843.65,461.65,14.77,16.27,1,1,1,0
65,1568,1470.23,526.48,42.24,51.13,1,1,1,0
65,1571,1224.09,475.89,23.44,28.91,1,1,1,0
65,1572,1184.29,494.11,20.5,26.06,1,1,1,0
66,1569,1348.31,438.15,51.37,59.07,1,1,1,0
66,1570,646.33,89.53,388.77,504.53,1,1,1,1
66,1573,1843.16,461.46,14.76,16.29,1,1,1,0
66,1568,1467.63,526.08,41.93,50.51,1,1,1,0
66,1571,1224.09,475.87,23.44,28.91,1,1,1,0
66,1572,1184.21,494.0,20.66,26.32,1,1,1,0
67,1569,1342.22,440.26,51.46,59.57,1,1,1,0
67,1570,643.28,86.63,385.69,499.76,1,1,1,1
67,1573,1843.77,461.39,14.74,16.29,1,1,1,0
67,1568,1463.62,524.73,43.31,52.25,1,1,1,0
67,1571,1224.09,475.86,23.45,28.91,1,1,1,0
67,1572,1184.13,494.16,20.82,26.41,1,1,1,0
68,1569,1336.2,441.25,51.3,59.75,1,1,1,0
68,1570,636.75,81.53,388.61,503.68,1,1,1,1
68,1573,1844.16,461.37,14.41,15.9,1,1,1,0
68,1568,1461.19,526.77,42.68,51.32,1,1,1,0
68,1571,1224.08,475.85,23.45,28.91,1,1,1,0
68,1572,1184.53,494.01,20.82,26.45,1,1,1,0
69,1569,1330.19,441.6,51.06,59.81,1,1,1,0
69,1570,632.56,79.89,390.43,506.14,1,1,1,1
69,1573,1844.14,461.36,14.61,16.14,1,1,1,0
69,1568,1457.81,528.97,42.82,51.74,1,1,1,0
69,1571,1224.08,475.85,23.46,28.91,1,1,1,0
69,1572,1184.68,494.16,20.79,26.47,1,1,1,0
70,1569,1324.05,441.12,51.09,60.21,1,1,1,0
70,1570,629.64,79.96,390.29,506.07,1,1,1,1
70,1573,1844.14,461.35,14.67,16.24,1,1,1,0
70,1568,1453.77,530.58,43.83,53.07,1,1,1,0
70,1571,1224.87,475.84,23.46,28.91,1,1,1,0
70,1572,1184.75,494.21,20.77,26.48,1,1,1,0
71,1569,1318.95,440.12,50.65,59.96,1,1,1,0
71,1570,627.5,80.18,391.17,507.51,1,1,1,1
71,1573,1844.3,461.35,14.37,15.87,1,1,1,0
71,1568,1451.21,533.73,43.33,52.39,1,1,1,0
71,1571,1224.94,475.64,23.52,28.91,1,1,1,0
71,1572,1184.78,494.22,20.74,26.49,1,1,1,0
72,1569,1313.94,438.14,50.64,60.25,1,1,1,0
72,1570,628.67,81.63,387.95,503.57,1,1,1,1
72,1573,1844.34,461.55,14.27,15.73,1,1,1,0
72,1568,1447.45,536.52,42.59,51.32,1,1,1,0
72,1571,1225.17,475.16,23.52,28.92,1,1,1,0
72,1572,1184.79,494.23,20.72,26.49,1,1,1,0
73,1569,1309.0,435.79,50.72,60.35,1,1,1,0
73,1570,626.81,85.25,386.96,501.86,1,1,1,1
73,1573,1844.35,461.62,14.25,15.68,1,1,1,0
73,1568,1442.26,538.75,42.09,50.5,1,1,1,0
73,1571,1225.26,474.98,23.52,28.92,1,1,1,0
73,1572,1185.33,494.23,20.43,26.1,1,1,1,0
74,1569,1305.44,432.72,51.31,61.17,1,1,1,0
74,1570,622.22,86.56,393.92,511.89,1,1,1,1
74,1573,1844.19,461.25,14.56,16.06,1,1,1,0
74,1568,1438.13,539.94,41.71,49.79,1,1,1,0
74,1571,1225.28,474.92,23.52,28.92,1,1,1,0
74,1572,1185.39,494.02,20.61,26.35,1,1,1,0
75,1569,1301.89,430.77,51.53,61.87,1,1,1,0
75,1570,616.98,84.8,398.3,518.11,1,1,1,1
75,1573,1844.29,461.51,14.36,15.81,1,1,1,0
75,1568,1433.57,540.15,41.44,49.52,1,1,1,0
75,1571,1225.29,474.9,23.52,28.92,1,1,1,0
75,1572,1185.42,493.95,20.66,26.45,1,1,1,0
76,1569,1299.37,430.05,51.13,61.73,1,1,1,0
76,1570,613.52,84.35,398.44,518.66,1,1,1,1
76,1573,1844.31,461.61,14.29,15.71,1,1,1,0
76,1568,1429.35,539.58,41.84,49.82,1,1,1,0
76,1571,1225.29,474.89,23.52,28.92,1,1,1,0
76,1572,1185.43,493.92,20.67,26.48,1,1,1,0
77,1569,1296.97,429.8,51.04,61.66,1,1,1,0
77,1570,614.38,87.98,392.85,510.69,1,1,1,1
77,1573,1844.32,461.64,14.28,15.68,1,1,1,0
77,1568,1424.89,537.74,43.22,51.54,1,1,1,0
77,1571,1225.06,474.69,23.57,28.92,1,1,1,0
77,1572,1185.43,493.9,20.66,26.5,1,1,1,0
78,1569,1293.97,430.92,50.76,61.62,1,1,1,0
78,1570,612.85,86.89,392.4,509.09,1,1,1,1
78,1573,1844.15,461.46,14.6,16.06,1,1,1,0
78,1568,1421.76,536.64,43.7,52.18,1,1,1,0
78,1571,1225.75,474.81,23.62,28.92,1,1,1,0
78,1572,1185.97,494.1,20.38,26.11,1,1,1,0
79,1569,1290.93,433.55,51.58,62.79,1,1,1,0
79,1570,612.34,87.5,391.34,506.48,1,1,1,1
79,1573,1844.89,461.39,14.7,16.21,1,1,1,0
79,1568,1419.14,535.6,43.85,52.42,1,1,1,0
79,1571,1225.99,475.26,23.67,28.92,1,1,1,0
79,1572,1186.16,494.17,20.29,25.96,1,1,1,0
80,1570,673.97,97.22,397.1,515.97,1,1,1,1
80,1571,1227.55,482.2,23.54,28.92,1,1,1,0
80,1574,475.25,459.12,103.83,126.92,1,1,1,0
80,1575,1271.45,466.23,24.51,28.81,1,1,1,0
80,1576,1901.81,452.07,14.46,16.88,1,1,1,0
81,1570,698.58,100.85,394.59,513.58,1,1,1,1
81,1571,1228.16,484.82,23.42,28.92,1,1,1,0
81,1574,475.25,459.12,103.83,126.92,1,1,1,0
81,1575,1271.45,466.23,24.51,28.81,1,1,1,0
81,1576,1901.81,452.07,14.46,16.88,1,1,1,0
82,1570,700.52,103.89,402.63,526.85,1,1,1,1
82,1574,461.22,458.52,104.37,127.57,1,1,1,0
82,1576,1902.0,451.79,14.46,16.88,1,1,1,0
83,1570,699.62,104.11,402.25,529.14,1,1,1,1
83,1574,444.7,455.98,105.7,129.19,1,1,1,0
83,1576,1902.77,451.23,14.92,17.34,1,1,1,0
83,1571,1229.67,485.51,23.24,28.93,1,1,1,0
83,1575,1273.35,465.91,25.04,29.46,1,1,1,0
84,1570,695.3,103.45,400.03,527.86,1,1,1,1
84,1574,427.89,451.16,107.21,131.03,1,1,1,0
84,1576,1902.98,450.84,15.12,17.49,1,1,1,0
84,1571,1230.99,485.54,22.81,28.52,1,1,1,0
84,1575,1273.88,465.63,24.73,29.12,1,1,1,0
85,1570,692.18,102.75,396.13,523.32,1,1,1,1
85,1574,411.1,444.43,110.81,135.06,1,1,1,0
85,1576,1904.1,450.72,14.77,17.1,1,1,1,0
85,1571,1231.61,485.34,22.32,27.98,1,1,1,0
85,1575,1273.85,464.89,24.95,29.43,1,1,1,0
86,1570,688.83,99.06,393.07,519.55,1,1,1,1
86,1574,392.86,439.48,112.79,137.25,1,1,1,0
86,1576,1904.64,450.49,14.3,16.52,1,1,1,0
86,1571,1232.5,484.83,22.4,28.18,1,1,1,0
86,1575,1273.83,464.43,24.99,29.54,1,1,1,0
87,1570,684.84,95.94,393.93,521.58,1,1,1,1
87,1574,373.86,434.94,115.54,140.01,1,1,1,0
87,1576,1904.8,450.42,14.14,16.32,1,1,1,0
87,1571,1232.61,484.62,22.44,28.25,1,1,1,0
87,1575,1274.82,464.28,24.65,29.15,1,1,1,0
88,1570,682.6,97.65,390.01,516.86,1,1,1,1
88,1574,352.35,432.81,117.53,142.17,1,1,1,0
88,1576,1905.66,450.41,14.11,16.25,1,1,1,0
88,1571,1232.86,484.32,22.38,28.29,1,1,1,0
88,1575,1275.16,464.24,24.5,29.01,1,1,1,0
89,1570,680.51,99.59,386.05,511.55,1,1,1,1
89,1574,332.27,432.97,119.35,144.5,1,1,1,0
89,1576,1905.94,450.2,14.11,16.23,1,1,1,0
89,1571,1233.76,484.2,22.32,28.3,1,1,1,0
89,1575,1276.1,464.04,24.43,28.95,1,1,1,0
90,1570,675.91,96.71,390.52,518.36,1,1,1,1
90,1574,313.65,435.16,119.78,145.31,1,1,1,0
90,1576,1906.01,449.93,14.14,16.23,1,1,1,0
90,1571,1233.87,483.94,22.32,28.31,1,1,1,0
90,1575,1276.58,463.97,24.09,28.53,1,1,1,0
91,1570,673.49,96.13,393.56,523.58,1,1,1,1
91,1574,293.91,439.91,120.26,145.92,1,1,1,0
91,1576,1906.82,450.25,14.16,16.23,1,1,1,0
91,1571,1234.92,483.83,22.26,28.31,1,1,1,0
91,1575,1276.73,463.96,23.97,28.37,1,1,1,0
92,1570,672.61,98.49,394.61,526.15,1,1,1,1
92,1574,270.64,444.39,123.05,149.26,1,1,1,0
92,1576,1907.1,450.17,14.19,16.24,1,1,1,0
92,1571,1235.31,483.58,22.21,28.31,1,1,1,0
92,1575,1277.72,463.76,23.63,27.91,1,1,1,0
93,1570,673.11,99.68,395.71,528.77,1,1,1,1
93,1574,248.2,449.28,124.84,151.25,1,1,1,0
93,1576,1907.43,450.35,13.7,15.84,1,1,1,0
93,1571,1235.45,483.48,22.16,28.31,1,1,1,0
93,1575,1278.71,463.49,23.85,28.15,1,1,1,0
94,1570,673.54,98.54,395.65,529.73,1,1,1,1
94,1574,225.69,455.54,125.64,151.94,1,1,1,0
94,1576,1908.38,450.22,13.45,15.69,1,1,1,0
94,1571,1236.3,483.43,22.12,28.32,1,1,1,0
94,1575,1279.21,463.4,23.64,27.84,1,1,1,0
95,1570,675.59,96.8,394.22,528.56,1,1,1,1
95,1574,201.24,458.54,127.25,153.71,1,1,1,0
95,1576,1908.75,449.77,13.28,15.64,1,1,1,0
95,1571,1236.74,483.61,21.81,27.92,1,1,1,0
95,1575,1280.01,462.97,23.89,28.13,1,1,1,0
96,1570,679.93,96.14,392.09,526.08,1,1,1,1
96,1574,177.44,461.44,127.65,153.93,1,1,1,0
96,1576,1909.85,449.81,12.86,15.22,1,1,1,0
96,1571,1237.56,483.67,21.97,28.17,1,1,1,0
96,1575,1280.43,463.02,23.69,27.84,1,1,1,0
96,1577,402.23,705.13,106.92,139.58,1,1,1,0
97,1570,686.85,98.18,384.7,514.85,1,1,1,1
97,1574,151.75,461.33,129.39,155.91,1,1,1,0
97,1576,1910.26,449.43,12.68,15.07,1,1,1,0
97,1571,1237.85,483.69,22.0,28.26,1,1,1,0
97,1575,1281.35,463.05,23.65,27.73,1,1,1,0
97,1577,382.95,710.57,110.52,144.29,1,1,1,0
98,1570,693.54,99.26,381.71,510.08,1,1,1,1
98,1574,127.26,459.29,131.06,157.4,1,1,1,0
98,1576,1910.41,449.29,12.58,15.02,1,1,1,0
98,1571,1237.82,483.5,22.26,28.7,1,1,1,0
98,1575,1281.66,462.87,23.66,27.7,1,1,1,0
98,1577,359.25,715.7,111.26,145.07,1,1,1,0
99,1570,702.64,100.16,380.14,507.64,1,1,1,1
99,1574,101.88,454.74,134.43,161.06,1,1,1,0
99,1576,1911.26,448.84,12.52,15.01,1,1,1,0
99,1571,1238.61,483.42,22.32,28.86,1,1,1,0
99,1575,1281.74,462.81,23.69,27.69,1,1,1,0
99,1577,334.39,719.91,110.92,144.29,1,1,1,0
100,1570,708.35,102.29,382.02,510.17,1,1,1,1
100,1574,78.56,448.28,136.84,163.58,1,1,1,0
100,1571,1238.78,482.99,22.56,29.32,1,1,1,0
100,1575,1282.54,462.59,23.72,27.69,1,1,1,0
100,1577,310.79,721.58,111.57,144.8,1,1,1,0
101,1570,708.27,100.48,393.35,527.32,1,1,1,1
101,1574,55.5,441.86,138.87,165.66,1,1,1,0
101,1571,1238.98,483.03,22.34,29.1,1,1,1,0
101,1575,1282.81,462.31,23.76,27.69,1,1,1,0
101,1577,287.6,719.04,113.89,147.47,1,1,1,0
102,1570,729.71,95.46,362.39,479.01,1,1,1,1
102,1574,32.71,435.49,141.0,167.57,1,1,1,0
102,1571,1239.61,482.64,22.71,29.4,1,1,1,0
102,1575,1282.88,462.02,23.79,27.69,1,1,1,0
102,1577,265.34,715.12,116.25,150.03,1,1,1,0
103,1570,720.87,96.23,385.13,510.16,1,1,1,1
103,1574,10.42,431.12,143.9,170.59,1,1,1,0
103,1571,1240.04,482.7,22.43,29.12,1,1,1,0
103,1575,1283.67,461.71,23.82,27.69,1,1,1,0
103,1577,242.57,710.76,119.25,153.36,1,1,1,0
104,1570,719.65,97.17,394.05,522.83,1,1,1,1
104,1574,0,429.9,135.56,174.42,1,1,1,0
104,1571,1241.0,482.72,22.29,29.01,1,1,1,0
104,1575,1283.8,461.4,24.14,28.1,1,1,1,0
104,1577,221.2,709.09,122.43,156.96,1,1,1,0
105,1570,722.71,97.45,395.7,525.48,1,1,1,1
105,1574,0,433.0,116.92,175.05,1,1,1,0
105,1571,1241.36,482.53,22.2,28.97,1,1,1,0
105,1575,1284.63,461.49,24.25,28.25,1,1,1,0
105,1577,199.83,712.83,125.67,160.64,1,1,1,0
106,1570,722.7,98.06,400.02,532.67,1,1,1,1
106,1574,0,438.22,96.51,168.52,1,1,1,0
106,1571,1242.28,482.46,22.15,28.95,1,1,1,0
106,1575,1284.93,461.54,24.28,28.31,1,1,1,0
106,1577,177.49,721.37,129.57,165.13,1,1,1,0
107,1570,724.05,99.77,397.15,529.13,1,1,1,1
107,1574,0,447.11,75.44,163.88,1,1,1,0
107,1571,1242.63,482.43,22.1,28.94,1,1,1,0
107,1575,1285.03,461.36,24.28,28.33,1,1,1,0
107,1577,153.88,733.27,133.17,169.13,1,1,1,0
108,1570,725.13,101.31,392.27,522.42,1,1,1,1
108,1574,0,457.69,54.47,162.91,1,1,1,0
108,1571,1242.63,482.23,22.29,28.94,1,1,1,0
108,1575,1285.2,461.5,23.98,27.94,1,1,1,0
108,1577,128.67,747.21,137.24,173.72,1,1,1,0
109,1570,725.69,105.08,388.29,516.63,1,1,1,1
109,1574,0,469.58,31.74,156.54,1,1,1,0
109,1571,1243.61,482.35,21.97,28.54,1,1,1,0
109,1575,1286.04,461.36,23.88,27.79,1,1,1,0
109,1577,101.8,762.66,140.86,177.75,1,1,1,0
110,1570,724.79,105.78,388.82,517.13,1,1,1,1
110,1574,0,487.8,4.08,149.64,1,1,1,0
110,1571,1243.96,482.6,21.84,28.39,1,1,1,0
110,1575,1286.33,461.31,23.86,27.73,1,1,1,0
110,1577,71.01,776.33,145.28,183.11,1,1,1,0
111,1570,725.15,105.32,388.3,516.42,1,1,1,1
111,1571,1245.01,482.69,21.53,27.93,1,1,1,0
111,1575,1287.47,461.3,23.34,27.31,1,1,1,0
111,1577,38.5,787.29,149.77,188.2,1,1,1,0
112,1570,724.32,102.13,389.12,517.55,1,1,1,1
112,1571,1245.37,482.33,21.43,27.76,1,1,1,0
112,1575,1287.66,461.1,23.59,27.56,1,1,1,0
112,1577,4.52,795.24,153.0,191.63,1,1,1,0
113,1570,723.08,100.31,389.57,518.57,1,1,1,1
113,1571,1246.28,481.99,21.41,27.7,1,1,1,0
113,1575,1288.36,460.63,24.0,28.05,1,1,1,0
113,1577,0,799.68,130.43,197.51,1,1,1,0
114,1570,721.79,98.23,389.7,519.15,1,1,1,1
114,1571,1246.46,481.87,21.69,28.08,1,1,1,0
114,1575,1288.61,460.45,24.15,28.24,1,1,1,0
114,1577,0,801.59,100.77,199.69,1,1,1,0
115,1570,720.47,97.05,388.95,518.57,1,1,1,1
115,1571,1246.51,481.82,21.78,28.23,1,1,1,0
115,1575,1289.48,460.4,24.2,28.31,1,1,1,0
115,1577,0,802.1,70.78,191.06,1,1,1,0
116,1570,718.49,95.22,388.37,518.14,1,1,1,1
116,1571,1247.2,481.81,22.04,28.29,1,1,1,0
116,1575,1289.79,460.58,24.21,28.33,1,1,1,0
116,1577,0,805.56,30.25,184.27,1,1,1,0
117,1570,715.67,95.94,387.49,516.98,1,1,1,1
117,1571,1247.25,481.61,22.51,28.71,1,1,1,0
117,1575,1289.9,460.85,24.21,28.34,1,1,1,0
118,1570,714.02,97.02,385.13,513.75,1,1,1,1
118,1571,1247.21,481.54,22.77,28.86,1,1,1,0
118,1575,1289.92,460.96,24.2,28.34,1,1,1,0
119,1570,709.35,97.45,388.35,518.53,1,1,1,1
119,1571,1247.14,481.31,22.94,28.92,1,1,1,0
119,1575,1290.06,461.2,23.9,27.94,1,1,1,0
120,1570,710.12,98.61,379.01,505.03,1,1,1,1
120,1571,1247.07,481.23,23.07,28.94,1,1,1,0
120,1575,1290.73,460.89,24.1,28.19,1,1,1,0
121,1570,706.52,98.26,380.88,507.91,1,1,1,1
121,1571,1247.91,481.0,22.94,28.95,1,1,1,0
121,1575,1290.98,460.78,24.17,28.29,1,1,1,0
122,1570,700.85,96.23,387.14,517.69,1,1,1,1
122,1571,1248.38,481.12,22.56,28.55,1,1,1,0
122,1575,1291.2,460.94,23.9,27.92,1,1,1,0
123,1570,697.87,95.67,388.1,519.4,1,1,1,1
123,1571,1248.56,481.17,22.37,28.4,1,1,1,0
123,1575,1291.11,460.8,24.11,28.18,1,1,1,0
124,1570,697.35,96.17,387.36,518.74,1,1,1,1
124,1571,1248.63,480.99,22.27,28.34,1,1,1,0
124,1575,1291.87,460.55,24.18,28.28,1,1,1,0
125,1570,698.6,95.77,383.5,513.1,1,1,1,1
125,1571,1249.46,480.93,22.2,28.32,1,1,1,0
125,1575,1292.14,460.46,24.2,28.32,1,1,1,0
126,1570,697.27,95.13,384.17,513.66,1,1,1,1
126,1571,1249.64,480.71,22.41,28.72,1,1,1,0
126,1575,1292.24,460.43,24.2,28.33,1,1,1,0
127,1570,694.52,96.09,385.83,515.86,1,1,1,1
127,1571,1249.85,480.63,22.18,28.47,1,1,1,0
127,1575,1292.26,460.22,24.2,28.33,1,1,1,0
128,1570,691.56,94.38,388.82,520.18,1,1,1,1
128,1571,1249.79,480.6,22.34,28.77,1,1,1,0
128,1575,1292.26,460.14,24.19,28.34,1,1,1,0
129,1570,691.44,95.52,387.26,517.64,1,1,1,1
129,1571,1249.65,480.4,22.62,29.28,1,1,1,0
129,1575,1293.05,460.12,24.18,28.34,1,1,1,0
130,1570,690.97,92.88,388.44,519.34,1,1,1,1
130,1571,1250.67,480.32,22.14,28.68,1,1,1,0
130,1575,1293.34,460.11,24.18,28.33,1,1,1,0
131,1570,691.84,90.5,387.67,517.99,1,1,1,1
131,1571,1250.92,480.3,22.2,28.85,1,1,1,0
131,1575,1293.43,460.11,24.17,28.33,1,1,1,0
132,1570,693.31,90.02,385.99,515.47,1,1,1,1
132,1571,1251.02,480.09,22.2,28.91,1,1,1,0
132,1575,1294.4,460.11,23.87,27.93,1,1,1,0
133,1570,693.31,89.36,386.53,516.01,1,1,1,1
133,1571,1251.06,479.82,22.17,28.93,1,1,1,0
133,1575,1294.86,460.12,23.55,27.78,1,1,1,0
134,1570,693.43,88.14,386.57,516.02,1,1,1,1
134,1571,1252.01,479.72,21.87,28.54,1,1,1,0
134,1575,1294.95,459.92,23.56,27.73,1,1,1,0
135,1570,694.06,88.31,385.46,514.23,1,1,1,1
135,1571,1252.22,479.49,22.01,28.79,1,1,1,0
135,1575,1295.07,459.85,23.37,27.71,1,1,1,0
136,1570,694.46,89.19,384.76,512.76,1,1,1,1
136,1571,1252.43,479.41,21.79,28.49,1,1,1,0
136,1575,1295.04,459.62,23.44,27.7,1,1,1,0
137,1570,693.95,93.04,384.27,511.52,1,1,1,1
137,1571,1252.37,479.18,21.96,28.77,1,1,1,0
137,1575,1295.79,459.54,23.5,27.7,1,1,1,0
138,1570,690.98,90.61,388.08,516.55,1,1,1,1
138,1571,1253.27,479.3,21.75,28.48,1,1,1,0
138,1575,1296.05,459.31,23.55,27.7,1,1,1,0
139,1570,690.52,90.29,389.02,517.46,1,1,1,1
139,1571,1253.47,479.15,21.93,28.77,1,1,1,0
139,1575,1296.12,459.23,23.61,27.71,1,1,1,0
140,1570,690.23,88.89,390.46,519.29,1,1,1,1
140,1571,1253.54,478.9,21.98,28.88,1,1,1,0
140,1575,1296.38,459.4,23.13,27.31,1,1,1,0
141,1570,785.17,114.5,397.66,528.22,1,1,1,1
141,1578,1278.88,481.84,24.11,30.13,1,1,1,0
141,1579,1325.89,462.25,26.52,29.53,1,1,1,0
142,1570,826.64,125.53,401.93,533.34,1,1,1,1
142,1578,1278.88,481.84,24.11,30.13,1,1,1,0
142,1579,1325.89,462.25,26.52,29.53,1,1,1,0
143,1570,847.27,130.83,405.81,538.8,1,1,1,1
143,1578,1278.88,481.84,24.11,30.13,1,1,1,0
143,1579,1325.89,462.25,26.52,29.53,1,1,1,0
144,1570,858.07,132.43,409.84,545.06,1,1,1,1
144,1578,1278.88,481.84,24.11,30.13,1,1,1,0
144,1579,1325.89,462.49,26.52,29.53,1,1,1,0
145,1570,867.66,137.05,408.85,544.81,1,1,1,1
145,1578,1278.88,481.62,24.11,30.13,1,1,1,0
145,1579,1325.89,462.56,26.52,29.53,1,1,1,0
146,1570,873.56,138.49,409.98,547.18,1,1,1,1
146,1578,1278.88,481.54,24.11,30.13,1,1,1,0
146,1579,1326.95,462.8,26.15,29.09,1,1,1,0
147,1570,879.68,138.52,409.94,548.0,1,1,1,1
147,1578,1278.88,481.52,24.11,30.13,1,1,1,0
147,1579,1327.12,462.66,26.4,29.37,1,1,1,0
148,1570,886.8,138.01,407.68,545.45,1,1,1,1
148,1578,1278.88,481.52,24.11,30.13,1,1,1,0
148,1579,1327.35,462.82,26.15,29.06,1,1,1,0
149,1570,893.26,136.31,404.27,541.42,1,1,1,1
149,1578,1280.01,481.52,23.51,29.31,1,1,1,0
149,1579,1327.4,462.66,26.08,28.94,1,1,1,0
150,1570,898.31,135.17,401.24,537.04,1,1,1,1
150,1578,1280.55,481.52,23.03,28.59,1,1,1,0
150,1579,1327.49,462.6,25.91,28.91,1,1,1,0
151,1570,900.45,131.36,400.76,537.05,1,1,1,1
151,1578,1280.8,481.32,22.75,28.34,1,1,1,0
151,1579,1327.55,462.38,25.76,28.9,1,1,1,0
152,1570,899.91,131.57,396.17,530.57,1,1,1,1
152,1578,1280.75,481.24,22.89,28.67,1,1,1,0
152,1579,1327.61,462.29,25.63,28.9,1,1,1,0
153,1570,893.48,128.59,396.48,531.1,1,1,1,1
153,1578,1280.76,481.22,22.88,28.79,1,1,1,0
153,1579,1327.66,462.46,25.51,28.9,1,1,1,0
154,1570,882.99,127.25,392.31,525.93,1,1,1,1
154,1578,1280.79,481.42,22.82,28.85,1,1,1,0
154,1579,1327.71,462.73,25.4,28.9,1,1,1,0
